Hugo,baseMean,log2FoldChange,lfcSE,stat,pvalue,padj
A1BG,3352.6392,-0.4157397199541298,0.05729794923500569,-7.255752177952944,3.994358325109294e-13,5.674095809440421e-13
A1CF,232.27701,0.2562581907692891,0.11975520425969828,2.1398501414065785,0.032366879524840554,0.03619650097479972
A2BP1,97.247795,2.247188976482802,0.08030287783345956,27.983915858448505,2.5501914093284395e-172,1.3871051804038926e-171
A2LD1,281.77466,0.15278247376769935,0.02174355401797972,7.0265639941549445,2.1168151755307574e-12,2.977082077827486e-12
A2ML1,1839.3473,-3.2734981211495326,0.08001818160995522,-40.909429023344245,0.0,0.0
A2M,42912.96,0.8702733463926177,0.030788525119680853,28.266158999487622,9.01058248233761e-176,5.001266323825284e-175
A4GALT,1458.4003,-0.2669409010018835,0.030194246775789774,-8.840786888445283,9.504679943302283e-19,1.4646213969549741e-18
A4GNT,16.859133,-0.07042760539182598,0.06609842773508633,-1.065495924866631,0.2866515687281641,0.30289818278593933
AAA1,1.8696795,-0.6116676390309621,0.09313377176311692,-6.5676244766154355,5.112427122624159e-11,7.017050076822305e-11
AAAS,1850.0806,-0.27144902225823847,0.009566351495334349,-28.37539707699724,4.069132564640769e-177,2.2803047036477127e-176
AACSL,22.0888,-0.5130735536863968,0.07183481577228694,-7.142407872427994,9.17099836260085e-13,1.2970639504285565e-12
AACS,1911.6604,-0.3995244248199798,0.015648919486377883,-25.530479926601895,9.046319661107575e-144,3.97269244996741e-143
AADACL2,8.237575,-2.304155535151626,0.12103133527647984,-19.03767755588329,8.313306490580852e-81,2.281312937616061e-80
AADACL3,1.5886283,-1.3576034382798678,0.1369365949860514,-9.914102496985233,3.61490656223805e-23,5.874980657827449e-23
AADACL4,0.87778544,-0.1177306734836279,0.09212728190038905,-1.277913241931115,0.20128001848127408,0.21538210324084195
AADAC,753.14465,0.03400138285360727,0.0894742433866102,0.38001308048720056,0.7039357054286695,0.7170015522724775
AADAT,331.4638,0.3701101495163884,0.02888511789219686,12.813177737327893,1.3835050659287849e-37,2.6282336136273334e-37
AAGAB,2390.369,-0.21907680689547945,0.010994284381395466,-19.926427159388506,2.4010292059386546e-88,6.964318792378555e-88
AAK1,2561.9766,0.23857156133640597,0.01629954165642062,14.636703679482256,1.6382013956407325e-48,3.4309373741229987e-48
AAMP,5599.5845,-0.1598829618799614,0.009283816149984034,-17.221685489779585,1.825923921952936e-66,4.4487775403350673e-66
AANAT,3.0433025,-0.024208351052361802,0.03944903710446328,-0.6136613927548275,0.5394391054200297,0.5561292661153729
AARS2,1233.1384,-0.20680241480717404,0.012797591697605247,-16.159479040566048,9.738112869561327e-59,2.227870995745579e-58
AARSD1,1354.2092,-0.18224049136235743,0.013534870272498362,-13.464517035870948,2.529668441597578e-41,4.96783252652504e-41
AARS,7866.0757,0.16174573070233123,0.012738423854346186,12.697468113148524,6.1073752975769865e-37,1.1538609287617843e-36
AASDHPPT,1927.3059,0.37151959790554867,0.012465960615813558,29.80272514532587,3.601556748510666e-195,2.303615892017865e-194
AASDH,543.6966,0.22967135115421775,0.011993670198016402,19.14938024493974,9.794542577596363e-82,2.7060264939243364e-81
AASS,1043.0098,0.8125729557839035,0.02805034887825593,28.96837252579749,1.6473527412379538e-184,9.783679830473599e-184
AATF,3057.5154,-0.2764115904226399,0.01127216443404668,-24.521607366528524,8.690246063647656e-133,3.549141817649e-132
AATK,613.0659,0.9198610196493475,0.037120131843761735,24.780650659352002,1.4494550297154945e-135,6.028489264551124e-135
ABAT,4255.6025,1.31338269597438,0.039720085395564,33.06595851682284,9.174315684061973e-240,8.268255556078694e-239
ABCA10,72.60489,0.4761054700556317,0.037361407810418454,12.743242237324548,3.399670973886253e-37,6.435509191757343e-37
ABCA11P,206.48688,0.20869043402227733,0.015837569361960315,13.176923128338327,1.1915202204073928e-39,2.3078831859265634e-39
ABCA12,475.5942,-0.8624159768540949,0.058593413927188184,-14.71865042589576,4.893284283569144e-49,1.0300080100205149e-48
ABCA13,381.97485,-1.3200161984681216,0.05702266402422901,-23.148974553473067,1.4887401393331446e-118,5.458177651122545e-118
ABCA17P,49.564556,-0.10263187240357347,0.040719984485132976,-2.5204300468494716,0.01172115334870277,0.013352224766463723
ABCA1,2672.5444,0.7696014115868582,0.021815807283878476,35.2772373523661,1.3120312043504746e-272,1.4939397812847491e-271
ABCA2,4499.056,0.6107882609535136,0.02380264624173957,25.66051920237568,3.226692775592708e-145,1.434954963265442e-144
ABCA3,3913.678,0.7561122223661199,0.03620935867510443,20.88167948928577,7.858069648935124e-97,2.4287602851475665e-96
ABCA4,196.52274,-0.5072517480597795,0.05157262086929197,-9.835679077574547,7.903260030559003e-23,1.2801533213632807e-22
ABCA5,927.739,-0.06205104160813584,0.023616847323284382,-2.6274057988662327,0.008603866055624479,0.009848538683597143
ABCA6,423.98755,0.7444544821965485,0.046914783726971256,15.868227945566815,1.05168454191512e-56,2.3604063045805236e-56
ABCA7,1106.3695,-0.896022577325288,0.022131851441771124,-40.48565840425607,0.0,0.0
ABCA8,659.08734,1.672656947222371,0.04524581151941462,36.968216306710445,3.7130516843001855e-299,5.087080702602119e-298
ABCA9,201.73453,1.6741498875808574,0.03845011340909862,43.54083094029824,0.0,0.0
ABCB10,1026.6317,-0.03420784904646062,0.014431863616382037,-2.3703001882328123,0.017773647996541457,0.02008735980690505
ABCB11,61.08186,0.6630113452633807,0.0885347570385735,7.488712540031198,6.955248516310891e-14,1.0011446871010564e-13
ABCB1,1122.168,0.4368772980866019,0.043448846492750964,10.054980358557755,8.733884946145275e-24,1.4306312947024834e-23
ABCB4,405.43604,0.049844780782030126,0.050406189613251405,0.9888623037065732,0.322730516176034,0.3396469671143901
ABCB5,184.25484,-0.7111606869497442,0.08152360558655394,-8.723371369961084,2.700388095936749e-18,4.138291399712177e-18
ABCB6,1792.1416,-0.273858836216655,0.019840966902156303,-13.802696086695866,2.4549644634289857e-43,4.915482052611204e-43
ABCB7,947.33234,0.09303161809045632,0.010254385141290087,9.072374092509673,1.1645150598489214e-19,1.815202672342408e-19
ABCB8,1875.0071,-0.2819864875765059,0.013229045507926224,-21.315709240515716,8.116829178190806e-101,2.5844623903469913e-100
ABCB9,405.75717,-0.20843276678916287,0.01878791915184835,-11.093978268937638,1.341845114882019e-28,2.3206442995143584e-28
ABCC10,1285.4509,-0.41749345545793853,0.013126377528442356,-31.805687026242378,5.401109930412051e-222,4.2736570957348986e-221
ABCC11,312.5736,-0.016388387031940635,0.06328626612970015,-0.2589564534958334,0.7956688397248154,0.8060016871309342
ABCC12,11.030981,0.057549854623070495,0.09560333065711729,0.6019649548557453,0.5471974653934368,0.5637565506778492
ABCC13,16.734938,-0.2687073250385611,0.07943217767836148,-3.3828523010739633,0.0007173720172538828,0.0008523476451282053
ABCC1,4458.2666,-0.6273736637701561,0.02205325460017601,-28.44812138364144,5.140940793344581e-178,2.9017026230025596e-177
ABCC2,650.6689,0.1586413045121934,0.05746158871223131,2.760823500837611,0.005765582574289325,0.006638098491769291
ABCC3,3911.4556,-0.4011315745392611,0.04019179135837965,-9.980435332241756,1.8565045210346782e-23,3.026389266053728e-23
ABCC4,2645.7349,0.15963764315868084,0.03796358685062356,4.205020031084306,2.6105903508529632e-05,3.223691936253744e-05
ABCC5,3284.1663,-0.7340648068067416,0.025730529500333308,-28.52894289630661,5.1269189834635364e-179,2.914798759685399e-178
ABCC6P1,105.26731,0.1279494710918545,0.059339791207381656,2.1562170760711754,0.031066718771575866,0.03476542227617837
ABCC6P2,118.76145,0.08037806046785113,0.04229044321400462,1.9006199594813817,0.057351809242308614,0.06343377434476889
ABCC6,828.8538,0.3053254224563417,0.048359213608047694,6.313697011928477,2.724470997004395e-10,3.699313393891722e-10
ABCC8,248.0462,1.1601050101510044,0.07126980252729831,16.277651529996202,1.422231632482592e-59,3.276217900623794e-59
ABCC9,670.9484,1.704071854596786,0.03160395092704355,53.919582982854486,0.0,0.0
ABCD1,1486.1774,-0.4915552848316607,0.021876103168593907,-22.469965562118695,8.165454973906131e-112,2.8480469044672765e-111
ABCD2,78.137436,1.6163906265424401,0.0389418689469421,41.507782503832985,0.0,0.0
ABCD3,3112.6633,0.24055351399755368,0.016678552336311818,14.422925272346992,3.7126710413674006e-47,7.684655320374025e-47
ABCD4,1490.8821,0.14866983596999736,0.013157683991022504,11.29908850763059,1.3258698904602674e-29,2.3158360586719785e-29
ABCE1,3191.9502,-0.06222324581788742,0.01197674853869117,-5.195337083088432,2.0434922646834423e-07,2.636801813708341e-07
ABCF1,4335.5435,-0.1423522459348072,0.01077024553199135,-13.217177408998882,6.983576147410571e-40,1.3553729912786636e-39
ABCF2,3157.9497,-0.11143519337555767,0.009968940636200602,-11.178238234351474,5.211426331308599e-29,9.05053558637821e-29
ABCF3,2960.6724,-0.3057358459224684,0.011480090703911858,-26.631831908635398,2.9058779508616673e-156,1.4022462479637992e-155
ABCG1,1879.218,-0.06486668246752623,0.02159078869501485,-3.0043683620739365,0.0026613289568723554,0.0031028516912704317
ABCG2,564.8239,1.461298944578959,0.0362492019776702,40.312582480550354,0.0,0.0
ABCG4,42.569958,0.4120578110933016,0.04180234954434521,9.857288300414265,6.37477605393643e-23,1.0337241392440604e-22
ABCG5,124.09181,-0.014881904293986978,0.06499469768048452,-0.22897105187175074,0.8188914157137656,0.8282071700206932
ABCG8,154.63934,0.04338959268804538,0.10178730434216669,0.4262770585041487,0.6699059727016806,0.6839827331110088
ABHD10,1687.4,0.08867406877563214,0.013342323690266023,6.646073864953889,3.010142399576848e-11,4.147501970288647e-11
ABHD11,2160.7466,-0.7116517146252521,0.02206815985136663,-32.24789558433351,3.765245058444208e-228,3.1123274114845976e-227
ABHD12B,54.786552,-1.3180566663467181,0.05589234336403331,-23.582061280953322,5.889030998606136e-123,2.2339255096072728e-122
ABHD12,4354.6562,-0.21243068294302248,0.014710163221354914,-14.441082654652968,2.853247527733681e-47,5.911190232739392e-47
ABHD13,985.1737,0.1621641982832338,0.0115855024087973,13.997165816486,1.6221166400919895e-44,3.2876727402322366e-44
ABHD14A,991.5356,-0.07620088063636421,0.021675484717513006,-3.5155329456045177,0.00043887230380970914,0.0005249398527267415
ABHD14B,4163.295,-0.23237751185381025,0.018956519519559914,-12.258448161543372,1.5137096087354314e-34,2.791450536616363e-34
ABHD15,838.4526,0.029606123354817895,0.01622717746250156,1.8244776963358516,0.06807988522043784,0.07494124807801535
ABHD1,44.475395,0.2505910194629467,0.03420967196885767,7.3251511938222915,2.3862952191297124e-13,3.4033065177621304e-13
ABHD2,11437.897,0.0707088481212084,0.024310864728447373,2.908528713849837,0.0036313382742651544,0.0042113594944895635
ABHD3,1208.9635,-0.3037339407678033,0.02024310428703824,-15.004316356868529,6.87961158750824e-51,1.469387456043645e-50
ABHD4,2422.9207,0.29144009925455366,0.01560046154636104,18.681504927816377,7.001704532408109e-78,1.8753809048190594e-77
ABHD5,1346.9036,0.19478799826970827,0.014382533785953923,13.54337150662142,8.671570633044821e-42,1.7093774837157195e-41
ABHD6,800.87463,0.6469855928976147,0.024329776847838692,26.59233567755016,8.325245801666341e-156,4.005049132233579e-155
ABHD8,878.0944,0.10593564231532286,0.019411446551257854,5.457380110008251,4.832112026329469e-08,6.300965140846836e-08
ABI1,3328.252,0.01454289777501438,0.011702265219195823,1.2427421104043108,0.21396288089243587,0.22837738765277873
ABI2,3106.8684,0.9451024987803942,0.01606804179353583,58.81877274930968,0.0,0.0
ABI3BP,1505.5033,1.6360553094618675,0.03891009672915846,42.047063538545245,0.0,0.0
ABI3,599.1899,0.18109157076877064,0.021880456606138785,8.276407299378,1.2694725227702435e-16,1.9040217394341674e-16
ABL1,5248.287,0.4407463635596453,0.01259707616558431,34.987989098913374,3.426375227531399e-268,3.785001261926845e-267
ABL2,2126.6313,0.3519169274375641,0.016201596868983734,21.721126027476487,1.2956424042001119e-104,4.2655212980449676e-104
ABLIM1,7570.3936,0.2985168021211059,0.02274783828159755,13.122864617979932,2.4355153713847316e-39,4.7035341914268404e-39
ABLIM2,435.50275,-0.1981240884492829,0.03183741256372346,-6.2229959188025115,4.877500729536266e-10,6.596322396215547e-10
ABLIM3,1551.1882,0.8989333885692882,0.03401405483646839,26.428292448258507,6.482656238733634e-154,3.0822138805319493e-153
ABO,215.76436,-0.3726943344334651,0.04825516081404228,-7.723408815684867,1.1325918025134497e-14,1.6493874468792076e-14
ABP1,3144.1814,-0.13909397291147854,0.06242383587435347,-2.2282189321310937,0.025865919190861834,0.029042810986474526
ABRA,7.093731,0.6136608619690613,0.05757281468249762,10.658865045130698,1.5852005469486485e-26,2.684503238673061e-26
ABR,6024.116,0.15581396198578884,0.020788603958130078,7.495162363937989,6.621634414281862e-14,9.535284696588231e-14
ABT1,1578.1599,-0.3803254910249907,0.01045827279842054,-36.36599449599644,1.468341940479697e-289,1.871883128755551e-288
ABTB1,1312.6482,-0.17881760686604464,0.015654753302424662,-11.422575840805408,3.2253051939374556e-30,5.684209525915223e-30
ABTB2,766.91046,0.2813604090109486,0.025527845665672972,11.021705971424412,3.0031278388827794e-28,5.167837010549786e-28
ACAA1,3832.6418,0.06880080095450061,0.021866978786047167,3.146333182451381,0.0016533154544734762,0.0019408319977873205
ACAA2,4456.2344,0.5141676667306672,0.0295534689610029,17.39787865205042,8.56153069467321e-68,2.1153422744278144e-67
ACACA,4145.3057,0.012083084469733978,0.018532278006576395,0.6520021157380735,0.5143998075271743,0.531445533413465
ACACB,1554.5315,0.8879899982371665,0.029374104668318524,30.230368151268596,9.452646994246034e-201,6.353464514884616e-200
ACAD10,1475.853,-0.08653540320909077,0.015088212466260303,-5.735298558566696,9.734072282340658e-09,1.2847713296348361e-08
ACAD11,1640.8513,0.9202906885939196,0.02746781585192895,33.504327157096895,4.168719598964555e-246,3.941986173493701e-245
ACAD8,1421.3973,0.2784893038980945,0.018965823566312382,14.683744311148972,8.193804219402322e-49,1.7213668362688254e-48
ACAD9,2188.8835,-0.2239724272580527,0.009402096199415611,-23.82154176129082,1.9978558253619547e-125,7.735706874960829e-125
ACADL,357.1201,0.9863208776196555,0.05996808692754599,16.44742942711075,8.750402362887399e-61,2.0364590958621918e-60
ACADM,2476.8235,0.5003877984153532,0.01869342264132672,26.768120959781577,7.598121488993875e-158,3.710485857386095e-157
ACADSB,2786.4653,0.568400450519088,0.030233984551828824,18.800050967304806,7.544385513225927e-79,2.0395185853640506e-78
ACADS,1721.0557,-0.22319365135273744,0.02549646748027753,-8.753904889976859,2.0609480008003352e-18,3.1628855983939413e-18
ACADVL,12841.72,-0.15013782593842537,0.01709341846097096,-8.783370411321286,1.5864764207698043e-18,2.4378499094612757e-18
ACAN,534.1746,1.6307514559511826,0.043317008731533456,37.64690830934606,3.6758326679733e-310,5.49458717233983e-309
ACAP1,533.77686,-1.2682367956833154,0.03487991711596988,-36.360086277345225,1.8205467349975023e-289,2.3194312251448152e-288
ACAP2,2792.8467,-0.003090458112040957,0.016160295213012484,-0.19123772624849572,0.8483393477437395,0.856585864242166
ACAP3,2250.2573,0.09151712473697214,0.020464530045115132,4.471987606615829,7.749591971451696e-06,9.683541579008474e-06
ACAT1,4021.876,0.506703679101135,0.027380656095228682,18.505899834497846,1.8506238866767434e-76,4.9077571588969416e-76
ACAT2,1603.4692,-0.2688126043110431,0.022123153597060297,-12.150736247058497,5.6851311212408745e-34,1.042641063844185e-33
ACBD3,3212.0293,0.08168532100778284,0.012824620932018176,6.369414070075616,1.897516936482213e-10,2.5819774969817793e-10
ACBD4,791.12286,0.1355984883745831,0.023619567668401124,5.740938626746767,9.415321209567173e-09,1.24286146991881e-08
ACBD5,2103.1733,0.45099180468991995,0.016531247874439933,27.281171277289268,7.095599987229866e-164,3.6305433561199507e-163
ACBD6,1183.6066,-0.20210766610647932,0.010465914545535552,-19.311037294174394,4.337725099903856e-83,1.2097499357389396e-82
ACBD7,334.758,1.0663394939518696,0.038764488454144944,27.508153376337148,1.4025378657266334e-166,7.319730430230333e-166
ACCN1,56.956192,0.3208202655518926,0.058892845437027094,5.44752530075897,5.107545183342182e-08,6.65671291131576e-08
ACCN2,716.48096,1.5564531382114566,0.039175392456254655,39.73037768414128,0.0,0.0
ACCN3,86.050545,0.1542366482441969,0.03694268717254409,4.175025155149677,2.9795312826549768e-05,3.6741536876785385e-05
ACCN4,300.97943,2.8480577010983654,0.07254567039558607,39.258823932126084,0.0,0.0
ACCN5,0.41398534,-0.44030476295998056,0.1131188521399035,-3.892408335397702,9.925400560927662e-05,0.00012080542238292956
ACCSL,3.620092,-1.7328388392060843,0.14916316097994692,-11.617069709584944,3.375148614878898e-31,6.013885056040564e-31
ACCS,589.01904,-0.3447454796208214,0.02297196698372795,-15.007225104625116,6.584523925984012e-51,1.4066560609560178e-50
ACD,997.41943,-0.2185027111407478,0.012322806673525387,-17.731570163328477,2.3925807136236128e-70,6.026296022351e-70
ACE2,810.491,0.17427444792879382,0.057777212109921365,3.016318052820479,0.0025586472294170386,0.0029850151248467993
ACER1,7.359628,-1.203845666046334,0.07246670018092906,-16.612398012337643,5.668133995975649e-62,1.3323812495562664e-61
ACER2,266.9138,-0.2608202226751469,0.03364477511469999,-7.7521761339159605,9.033097630051438e-15,1.3175586377003671e-14
ACER3,962.0132,0.14980628478763833,0.018393259044328092,8.14462974868143,3.804442183919924e-16,5.668518619908206e-16
ACE,1789.009,0.11263875292253038,0.028696136221017157,3.9252236626906356,8.664919009769537e-05,0.00010567214934700972
ACHE,432.8235,-0.22661637780846056,0.040080970835604614,-5.653964289885746,1.5678879919574052e-08,2.060592061730089e-08
ACIN1,6693.2554,-0.11090790406284722,0.009378537118412798,-11.82571467836948,2.874458524742239e-32,5.170622115676555e-32
ACLY,9135.332,0.19071894736746475,0.015464118526535103,12.332998291509947,6.016557348854348e-35,1.1149744316887463e-34
ACMSD,420.54025,0.7044724706466403,0.111729406057872,6.305166164418234,2.87884874140606e-10,3.9076259434819645e-10
ACN9,582.3927,-0.26479256418897484,0.01797917439407009,-14.727737680563854,4.277884695863992e-49,9.009357041801491e-49
ACO1,3121.1533,0.4363302850105664,0.019466351768742406,22.414589554021756,2.83643755576427e-111,9.857806793752948e-111
ACO2,8223.893,0.13784199804901417,0.015461262971743934,8.915312953471256,4.864404684851472e-19,7.528271758182524e-19
ACOT11,670.1653,-0.6427737591922799,0.03200918185288749,-20.08091809863914,1.0837327836985268e-89,3.1746353587508356e-89
ACOT12,66.872635,0.23781903394239065,0.12081145816668717,1.9685138938912947,0.04900893907808019,0.05438047692885517
ACOT13,1663.2047,-0.08073186317537497,0.014615273954134932,-5.523800883153095,3.3174341208446585e-08,4.335856793110124e-08
ACOT1,1104.8911,0.2993944005655221,0.024810332065786898,12.067327425189232,1.571556376131468e-33,2.8646536181986355e-33
ACOT2,768.1364,0.21317627655491783,0.020202622707091757,10.551910989264094,4.9774280722360657e-26,8.37621574827691e-26
ACOT4,264.7649,-0.03122211265420982,0.02789870794725921,-1.1191239649245874,0.2630872573290285,0.27904107694512587
ACOT6,9.025717,0.5265974200775355,0.041800320890133066,12.597927692029716,2.1676508158986826e-36,4.0700177958942436e-36
ACOT7,2466.1755,-0.509840502946457,0.022338567273458433,-22.82333046274745,2.690141370952778e-115,9.61527179972395e-115
ACOT8,1152.7225,-0.4239192374838437,0.013696225659126602,-30.95153716318637,2.4224707643878474e-210,1.7532556804895907e-209
ACOT9,1228.4348,0.018890086379689516,0.013935269708246543,1.3555594384018874,0.17523938482398105,0.188358515159254
ACOX1,4429.8228,0.0899247564161717,0.017637072495386326,5.098621465648287,3.421359589977776e-07,4.3963304653091105e-07
ACOX2,787.51337,0.5549350395771261,0.04075441792247736,13.616561537763046,3.192483413936425e-42,6.317015241941071e-42
ACOX3,999.08673,-0.11816125947255796,0.014886015506776809,-7.937735884983153,2.059052044692754e-15,3.0348396856511817e-15
ACOXL,47.769783,-0.5423165300116759,0.04854809193367603,-11.170707403960625,5.672728345052611e-29,9.845786562397791e-29
ACP1,3756.7988,-0.22071273187928087,0.00960017481241302,-22.99049092250898,5.80293804733814e-117,2.1014232605079542e-116
ACP2,2794.7678,-0.09192119042902301,0.013335414586499582,-6.893013324241271,5.462275615664226e-12,7.6336126619514e-12
ACP5,3684.725,-0.35452665568958014,0.03347208172727859,-10.591712179068121,3.2558140078747227e-26,5.492179748638784e-26
ACP6,816.1436,-0.30590097647916703,0.01919465853978543,-15.936776152861249,3.5205357840868626e-57,7.938264262733905e-57
ACPL2,1016.2188,0.4605058076749886,0.020041144813203897,22.97801906863071,7.733497435034285e-117,2.796062409516303e-116
ACPP,9185.949,0.9608166213876731,0.06909643471769736,13.90544425791601,5.870124560284828e-44,1.1827975645569953e-43
ACPT,1.6550235,-0.7111799573971394,0.07055956987344217,-10.079142470294729,6.831975611441321e-24,1.1209880034923747e-23
ACRBP,111.254425,-0.013666661709091997,0.02772383441371822,-0.4929571250912357,0.6220428823048498,0.6372551220673496
ACRC,59.81249,0.05758073299113325,0.024656109136054573,2.3353535901953433,0.01952495675478285,0.022025077270092203
ACRV1,7.4513855,0.037221874931050905,0.0373543697595206,0.9964530300116783,0.31903007788511106,0.3358741005100308
ACR,11.400583,0.04973342046203183,0.033175942257389665,1.499080872403982,0.13385265309613362,0.14502188092087617
ACSBG1,220.31825,2.342488675619299,0.04957732869680993,47.249191055548486,0.0,0.0
ACSBG2,4.25027,0.5480947308194568,0.03715292636587261,14.752397305718496,2.9692702320343266e-49,6.261795385745479e-49
ACSF2,1668.3286,0.012307374713908133,0.02654738959674945,0.4636001844571223,0.6429342221797818,0.6578628853273447
ACSF3,1073.4053,-0.35327305261770936,0.014309340603634372,-24.688283157365262,1.4290154796679743e-134,5.9024804525380985e-134
ACSL1,7228.2705,0.626282298295889,0.030529776822018236,20.513818425433456,1.6205862957430916e-93,4.882142112316307e-93
ACSL3,5472.0107,0.1919778787935752,0.018322422997547643,10.47775607075933,1.0930643832641173e-25,1.8344487493919846e-25
ACSL4,3899.747,0.2106206424091775,0.024799867921054555,8.492813069797242,2.016945692040705e-17,3.054827953002285e-17
ACSL5,3866.0615,-0.9364121938605425,0.034923448637495726,-26.813279627120192,2.2623130793268197e-158,1.1087730376026653e-157
ACSL6,205.82317,1.3970851543986689,0.051940775897163255,26.897656615001985,2.3393102459776794e-159,1.1545701163117473e-158
ACSM1,309.94855,-0.4635843723472077,0.061172331336790155,-7.57833422752681,3.500197554877131e-14,5.062195213450558e-14
ACSM2A,1862.1115,0.7787171438286246,0.13734576771549845,5.669757115790269,1.4300009814617475e-08,1.880831447869999e-08
ACSM2B,1395.7606,0.9027300643494902,0.1589035950612237,5.680992075740507,1.33915682534881e-08,1.7627137652600002e-08
ACSM3,733.27075,0.05988392653529896,0.044301498546377445,1.3517359118813759,0.17645981244923892,0.18963026242565612
ACSM4,0.2516162,-0.5445109730871281,0.13604442324813446,-4.0024497887280726,6.268997500147545e-05,7.673331335628202e-05
ACSM5,462.07376,1.2490534175794257,0.059794932499489875,20.888951042633614,6.748536812915973e-97,2.0870949563140864e-96
ACSS1,2897.6973,-0.035567274765853286,0.023272436242011463,-1.52830044933788,0.12643795841385985,0.13719290067408052
ACSS2,3051.9773,-0.2893556961013894,0.02081274514317578,-13.902812632876794,6.090034008753218e-44,1.2268652521690755e-43
ACSS3,708.0737,0.8831151145248852,0.04210304960213912,20.975086671156877,1.1076455781929184e-97,3.447570146220704e-97
ACTA1,467.7609,0.6542395978436663,0.06713602872230943,9.744985074255087,1.9380734678433442e-22,3.1238411631559373e-22
ACTA2,17563.611,1.5787517682320573,0.03187325936502643,49.53217209923547,0.0,0.0
ACTBL2,13.00551,0.37168676958365787,0.0594534125624984,6.251731457684362,4.059269422996117e-10,5.494858123854917e-10
ACTB,233890.72,-0.08803948515705566,0.012770592411404429,-6.893923345203188,5.427427785158744e-12,7.585432984008161e-12
ACTC1,460.53442,1.394631312754914,0.06429878643259876,21.68985435233427,2.557955610465752e-104,8.394168000237305e-104
ACTG1,162829.98,-0.2809813013324579,0.012325276287917315,-22.797160466731995,4.892388854802149e-115,1.7456036574643702e-114
ACTG2,10090.302,2.8681385508909965,0.05554415104580137,51.63709403940564,0.0,0.0
ACTL6A,2644.3064,-0.4743615162592133,0.016391713689770382,-28.939104552274443,3.8481607578379265e-184,2.272837391030529e-183
ACTL6B,98.97221,1.4768666029514355,0.15449703482325092,9.55919059961904,1.1868122530229868e-21,1.8922633455474186e-21
ACTL7A,0.26986364,-0.6742655494718941,0.10574005939944267,-6.376632974309148,1.8102358001512695e-10,2.4643658077753054e-10
ACTL7B,0.5708024,-0.785620227537522,0.060635062222776745,-12.956533707364027,2.1577983398135155e-38,4.1272657271949794e-38
ACTL8,66.55679,-1.8806605635508205,0.07597074321438045,-24.75506338333191,2.7345294712132513e-135,1.1347795659280592e-134
ACTL9,0.17663456,-0.4853425654351943,0.195282400371469,-2.4853369505494025,0.01294288626178598,0.014713508370299892
ACTN1,12474.531,0.40676293800464924,0.02069002160287042,19.65986047826152,4.760343764583283e-86,1.358125542364785e-85
ACTN2,348.7581,1.1449694011444254,0.06327904942753283,18.09397283149211,3.5551016940757336e-73,9.154859017162644e-73
ACTN3,6.6615663,0.52016624804763,0.046328189601094014,11.22785613956619,2.976121075754737e-29,5.178705041135957e-29
ACTN4,28533.752,-0.14964709112747807,0.015502819270195374,-9.652895290805523,4.778710352249709e-22,7.6624213642161e-22
ACTR10,2158.2373,0.22905907185549354,0.010030682086168342,22.8358420581738,2.0206378715581538e-115,7.22990622619551e-115
ACTR1A,6119.2114,0.00349191466296445,0.010181729531052407,0.34295889046303485,0.731629387209251,0.7442411658935315
ACTR1B,3352.527,-0.006052037986053278,0.010179177739246004,-0.5945507722809019,0.5521437943235501,0.5686223637327713
ACTR2,12261.11,0.03639009905587835,0.011813477778636552,3.080388327447999,0.0020673086271998224,0.0024198434048847916
ACTR3B,484.30365,0.005429937500551036,0.01810712798505889,0.2998784514601958,0.7642698715764161,0.7755455472972266
ACTR3C,125.29436,-0.3687093227634643,0.026725810755516576,-13.796001406144718,2.693858885775799e-43,5.391690233534162e-43
ACTR3,9427.546,-0.16118548040064443,0.012919303564340647,-12.47632889790919,1.0051513225730627e-35,1.8760428837793349e-35
ACTR5,539.5855,-0.3299524074097804,0.011049978429985183,-29.860004659775868,6.509804065970207e-196,4.19143266853534e-195
ACTR6,1067.0869,0.16649392769755925,0.011293182245309166,14.74287088271471,3.4193434707465713e-49,7.208699774353262e-49
ACTR8,960.6203,0.1897284606507561,0.009478818837342353,20.016044604978617,3.991816219722632e-89,1.1653195643437493e-88
ACTRT1,0.2373073,-0.6883602962811723,0.11851224316122759,-5.80834754215821,6.309244435218104e-09,8.361535441778765e-09
ACTRT2,0.19926769,-0.44033178790765115,0.2856116048488826,-1.5417153239996364,0.12314278646499133,0.13374574497950165
ACVR1B,2974.2478,-0.11064979000019538,0.015737795043173082,-7.030831809453149,2.0530586553505243e-12,2.8880136229034283e-12
ACVR1C,178.98203,0.5209003746822589,0.039105697008147,13.320319404452459,1.7635141525353162e-40,3.4419887481033943e-40
ACVR1,2052.2578,0.5189758111104376,0.015266722800848828,33.99392377004334,2.7394721068229044e-253,2.723286749160523e-252
ACVR2A,733.9086,0.31255214476292065,0.013544644930269252,23.075698652272273,8.122728966716871e-118,2.961508578678166e-117
ACVR2B,805.10315,0.3079741659182179,0.0187643070575752,16.412765202213418,1.5498305941113794e-60,3.5978336448704185e-60
ACVRL1,1465.9608,0.6575663645964389,0.025230996331195226,26.06184694273978,9.875927435630705e-150,4.55720776659124e-149
ACY1,2961.7515,-0.034875213393587276,0.02666509535470336,-1.307897569075663,0.1909080541683632,0.2045953084599519
ACY3,380.3458,0.050783638839898546,0.04997002263164671,1.0162820860468564,0.30949507669278387,0.32615612952991285
ACYP1,254.10544,-0.3438003407189806,0.01782264039839929,-19.290090190556636,6.505971900439544e-83,1.8112277030090068e-82
ACYP2,377.74597,0.36880706437515476,0.020944822770092464,17.608507287146008,2.1196137577266894e-69,5.305288479660397e-69
ADAD1,0.69375086,-1.5986069879276161,0.23641346239794983,-6.761911829017226,1.3618257726681924e-11,1.8880089142493515e-11
ADAD2,13.183478,0.4073327543757433,0.049012231017245604,8.310838864536036,9.502789060961735e-17,1.427170865241369e-16
ADAL,371.29523,0.3620603979307293,0.015234199663560481,23.766289396663318,7.456294750146237e-125,2.872874807309373e-124
ADAM10,3649.01,0.23430362930045998,0.017638099557301074,13.283949812125472,2.868547380921206e-40,5.586985183983051e-40
ADAM11,112.36131,1.0058367003264361,0.04083013054155029,24.63466775603028,5.373006384763248e-134,2.212561427738571e-133
ADAM12,1533.2938,0.9656273610947911,0.040518619455632655,23.831694516446696,1.5679108685926144e-125,6.073268145676757e-125
ADAM15,7043.738,-0.5212280513246708,0.017289803428134166,-30.146557390960414,1.1900708372973083e-199,7.904943613877945e-199
ADAM17,1521.8379,0.08300847685858688,0.01869922980785785,4.4391388154235525,9.031955021586688e-06,1.1269324770759538e-05
ADAM18,1.6805936,0.9396401955472156,0.1534160772321852,6.12478308987872,9.080722801489637e-10,1.2223911367067411e-09
ADAM19,1238.8379,0.3117993061577003,0.02909601128336888,10.71622165392557,8.54219660325428e-27,1.4505845412098915e-26
ADAM20,4.277517,-0.1465041178686779,0.028798190728557202,-5.087268129084225,3.6325809212247064e-07,4.665975708215382e-07
ADAM21P1,3.0560832,0.3558552974599836,0.037106623732093974,9.590074807916302,8.802116993459545e-22,1.4058390199250245e-21
ADAM21,13.141315,0.2883964831826417,0.03182783261460089,9.061141129991396,1.2909285322604316e-19,2.0113273121826072e-19
ADAM22,195.43121,2.059297351506224,0.03821731144915353,53.883888568300506,0.0,0.0
ADAM23,466.8454,-0.276922640769557,0.05213183909969176,-5.311967610427049,1.0844788168948613e-07,1.406210065165434e-07
ADAM28,552.3203,-0.41115341674662054,0.03555847244824644,-11.562741266375646,6.3644073908123545e-31,1.1312464647245393e-30
ADAM29,3.7655501,0.497522990294666,0.06992520459474193,7.115073787457715,1.1185297909469912e-12,1.5800824322710097e-12
ADAM2,4.84249,-1.1358192834667633,0.16364804459653262,-6.940622396479457,3.903761825268275e-12,5.466447967579394e-12
ADAM30,0.43995437,-0.8664770424178314,0.12802374335833924,-6.768096445926885,1.304877657781529e-11,1.8099198960876245e-11
ADAM32,35.58893,-0.5713622045939636,0.04085362733286733,-13.985593003495543,1.9087916122485294e-44,3.8663902530860423e-44
ADAM33,301.25302,1.3006084347576508,0.041708315488966086,31.183432356593883,1.7872783723670113e-213,1.3299415344671047e-212
ADAM3A,0.16053972,-0.4613437134409464,0.23368252181993085,-1.974232860241233,0.04835527116467562,0.053675642857075996
ADAM5P,0.18289381,-0.4443163285480404,0.18589553563246644,-2.3901398548187673,0.01684195807196511,0.01905660114417483
ADAM6,101053.19,-1.04959175452919,0.050796085335217234,-20.66284729625615,7.481979517772194e-95,2.2758945316349036e-94
ADAM7,2.70124,-0.20282770368629974,0.18589931624335657,-1.091062128602897,0.2752455456001218,0.29137500326918053
ADAM8,1161.3429,-0.9187678253720697,0.031068833769755198,-29.5720087912173,3.4237142792120822e-192,2.1407677828771126e-191
ADAM9,6202.8755,0.2638608869661556,0.022302328279652988,11.831091519125515,2.6961277701044646e-32,4.8511237535622446e-32
ADAMDEC1,434.69897,-0.7199649834015802,0.0477080981889153,-15.091043465003601,1.8548554120704993e-51,3.981339096926019e-51
ADAMTS10,369.3873,0.8670572964213354,0.028320813232073506,30.615550807679046,7.600317701101267e-206,5.31734941844401e-205
ADAMTS12,308.00992,0.8883637041581272,0.04042985039217048,21.97296540899802,5.2243778882189e-107,1.7554565015060007e-106
ADAMTS13,257.2031,0.2173390537449148,0.02689849819702399,8.079969824075937,6.478280170241895e-16,9.620782404694341e-16
ADAMTS14,324.4048,0.2765716572402865,0.035452107570588455,7.801275472540143,6.128456789473469e-15,8.96395227939438e-15
ADAMTS15,234.68126,0.5582542518460514,0.04331724416412051,12.887575436030417,5.288027836742846e-38,1.008231492116947e-37
ADAMTS16,201.10594,1.2621431161348522,0.04717754807915993,26.75304604675688,1.1380214483756614e-157,5.545471198535206e-157
ADAMTS17,200.83388,-0.11274695831174716,0.03214293467717491,-3.50767468633815,0.0004520414609617089,0.0005405010926011294
ADAMTS18,68.04833,0.49587265493001154,0.048537788928716144,10.216218453178058,1.6775808338621385e-24,2.776285823166906e-24
ADAMTS19,63.93176,-0.27553903124999324,0.07919234896944335,-3.4793642925822406,0.0005026048540791285,0.0006001485175482098
ADAMTS1,3512.9539,1.1307560268740187,0.029551193194735523,38.264310324885976,0.0,0.0
ADAMTS20,17.230398,0.3271686283661228,0.08263111155331873,3.959387961942316,7.514208525900096e-05,9.180926086467025e-05
ADAMTS2,801.46405,0.7711584813001293,0.03553151470708807,21.703507088210156,1.9009669721105957e-104,6.245245535775314e-104
ADAMTS3,149.37569,0.9004178449369522,0.03470719381424379,25.943262649123245,2.1661940494322062e-148,9.879378282345494e-148
ADAMTS4,1483.7595,1.0814743217916334,0.03214742593134714,33.641086042197905,4.209512631551346e-248,4.033010243094299e-247
ADAMTS5,663.2541,1.8354535542102095,0.03196363614803666,57.423177566828564,0.0,0.0
ADAMTS6,143.4452,0.7738339340299564,0.03402692122115957,22.74181460615806,1.7292951687289104e-114,6.138922465588821e-114
ADAMTS7,549.3107,0.39199737805703194,0.028954948454099308,13.538182555511847,9.306299165047557e-42,1.8336102264705623e-41
ADAMTS8,213.73933,1.1526084189590793,0.04470949888561648,25.77994492642112,1.488480982518693e-146,6.688144851710013e-146
ADAMTS9,1226.7097,1.1074585785020665,0.02978517018802935,37.18154274462242,1.3563696830908483e-302,1.9176618318087904e-301
ADAMTSL1,396.7041,0.950740881641428,0.03820156641393341,24.887484228779176,1.0165073709555204e-136,4.2626310124167746e-136
ADAMTSL2,710.98456,0.5264683816708957,0.030992759010076518,16.98681880821671,1.0281635535851673e-64,2.4716473949038164e-64
ADAMTSL3,438.05685,1.4710637139461558,0.037175777002894546,39.570490048711484,0.0,0.0
ADAMTSL4,1247.4894,0.1759063660169076,0.03367701371323233,5.223336235059068,1.7572788062009033e-07,2.2709432027068802e-07
ADAMTSL5,197.3575,-0.8520025534129263,0.0339327916901642,-25.108531039604646,4.0131780680703164e-139,1.705726352564584e-138
ADAP1,1427.8542,-0.8317987785068564,0.03106369511658447,-26.777200052506654,5.95654966779417e-158,2.911630124528728e-157
ADAP2,571.11816,0.34820708078726265,0.021832364345531825,15.949123753906486,2.889222673441478e-57,6.52414423342891e-57
ADARB1,1176.2542,0.5720731867312722,0.019956823293867984,28.665543524006132,1.0262624432390975e-180,5.915537112657074e-180
ADARB2,54.716496,1.2510518568976063,0.05710554317340086,21.907713111121108,2.193218362695583e-106,7.339206549329286e-106
ADAR,17126.502,0.012903864465275748,0.011816463297028023,1.0920242496349324,0.27482244260209354,0.2909422343578609
ADAT1,506.6113,0.2246144680279785,0.016662367368796917,13.480345442905481,2.0414877821967547e-41,4.0126134154994915e-41
ADAT2,381.55673,-0.6685245005862932,0.01885726029096611,-35.45183607114768,2.7177373939332784e-275,3.1419883931338795e-274
ADAT3,197.77394,-0.9534525584836223,0.02235481025242051,-42.650890243203264,0.0,0.0
ADA,785.87616,-1.2029231196362216,0.030421596140462966,-39.54174902862,0.0,0.0
ADCK1,503.5148,-0.1650904786420109,0.01372925139207542,-12.024725451331003,2.6346238269756517e-33,4.791701491280801e-33
ADCK2,1834.6602,-0.11656711695740765,0.011833833193927853,-9.85032618316948,6.832188234023281e-23,1.1075445517674973e-22
ADCK4,1576.3928,-0.13787827952490042,0.011638586040286109,-11.846652080213602,2.2396080074794888e-32,4.033632291602522e-32
ADCK5,568.5362,-0.9940079487917465,0.018137985970231092,-54.80255362547742,0.0,0.0
ADCY10,16.651094,-0.4768803028425664,0.05007203166875846,-9.523885629352387,1.6682207530609723e-21,2.6558731867038107e-21
ADCY1,1050.5212,0.5455977083355743,0.04110804090504997,13.272286791671203,3.3519336869942317e-40,6.5253411678634125e-40
ADCY2,727.7201,2.38726565045466,0.0545419370134805,43.76935952723181,0.0,0.0
ADCY3,2262.5447,-0.008167803519154799,0.01874755636167006,-0.4356729678036396,0.6630740213568551,0.6774488884831742
ADCY4,347.97803,0.7447728853699461,0.023981646565362003,31.055952865457627,9.481281628881044e-212,6.933527754396163e-211
ADCY5,479.44992,1.6718588450725518,0.04295363773263046,38.92240409250591,0.0,0.0
ADCY6,2816.609,0.1723671013481934,0.017941760027150425,9.607034153135388,7.46687537086751e-22,1.1936095765977673e-21
ADCY7,1576.475,-0.13793606861699728,0.02332202747871262,-5.9144115468905785,3.330641632853162e-09,4.434538813894286e-09
ADCY8,230.02672,2.66899873233988,0.09419715793288898,28.33417473424639,1.311466097000892e-176,7.313102785220806e-176
ADCY9,1952.6736,0.5280051780702294,0.020904120529803696,25.258425836065904,9.15177429625447e-141,3.935804243714507e-140
ADCYAP1R1,286.0258,4.1551274473347455,0.0833801279378886,49.83354607503093,0.0,0.0
ADCYAP1,113.39102,0.03879367909512574,0.05505839899226541,0.7045914847719321,0.48106449920173433,0.49829519914770337
ADC,350.53983,0.6383462131213387,0.02351619596668689,27.144960606112562,2.903760398570001e-162,1.4658482012022477e-161
ADD1,11295.789,0.5024909239291032,0.010399189749467127,48.32019955735991,0.0,0.0
ADD2,404.3123,0.849629544992613,0.048988981225049015,17.3432785035787,2.2172170526511723e-67,5.460302646053613e-67
ADD3,4876.9814,0.6073694105177083,0.020692413820015163,29.35227450024307,2.2350300510753337e-189,1.3713977338710886e-188
ADH1A,965.27893,-0.2264540423868128,0.10062027850311245,-2.2505805564810473,0.02441211605038554,0.027439202267421144
ADH1B,7154.3965,1.5495237275551794,0.07054214988906592,21.96592717959333,6.099951252202191e-107,2.048645785938377e-106
ADH1C,1718.1339,-0.4211178422688739,0.07360329582434957,-5.721453605472364,1.0561650034257116e-08,1.3934588364165682e-08
ADH4,1093.0891,0.2527311781858977,0.11366198205325649,2.223533090136332,0.02617987465965384,0.02939370585098398
ADH5,6138.184,0.1710093285020688,0.013518884585036896,12.64966258320949,1.1235631515578905e-36,2.116257026789443e-36
ADH6,606.5823,0.12276980585773753,0.07947637757474194,1.5447332855889309,0.122410790167232,0.13297909807452518
ADH7,553.76843,-4.956333961431493,0.12117554012125166,-40.9020991899194,0.0,0.0
ADHFE1,388.62964,0.7414824109847424,0.035667471231481486,20.788757525660568,5.470909379448862e-96,1.6789605676243502e-95
ADI1,5846.0757,-0.06963005397891012,0.02117339518650178,-3.2885634715446996,0.0010070007574202778,0.001190841567165395
ADIG,2.6351244,1.01119795362594,0.10268994248319302,9.847098256885673,7.055145736140269e-23,1.1432323467214242e-22
ADIPOQ,461.32996,3.127936607471769,0.11445547103106288,27.32885181716527,1.926713329771075e-164,9.91806742877606e-164
ADIPOR1,6747.4897,-0.21616219574337525,0.011306990478350043,-19.117571219085207,1.803106484059423e-81,4.972831876045216e-81
ADIPOR2,5380.159,0.05239534517609626,0.015545124521269722,3.370532355942596,0.0007502309513212871,0.0008907652614422397
ADK,1076.138,-0.19840601559189455,0.01719187118545084,-11.540687657071434,8.226491721641277e-31,1.4601843501385768e-30
ADM2,714.68176,-0.08074345748797832,0.034058790639812875,-2.370708295014844,0.01775403696267007,0.0200673214888226
ADM,2295.8586,-0.008187192674789947,0.03572112588728029,-0.22919749787912683,0.8187154172297753,0.8280703054985838
ADNP2,1397.5197,0.09726737467480581,0.01138123215398301,8.54629563467483,1.2710218862388115e-17,1.9312437183324102e-17
ADNP,5301.485,0.1103794296038992,0.011938459241949402,9.245701423182613,2.337027937767478e-20,3.675799736171824e-20
ADORA1,610.61334,1.0748862441823277,0.04133871599234919,26.001926242248636,4.7098642555810455e-149,2.1596424860219485e-148
ADORA2A,445.34476,-0.12304406285602128,0.028757090361776556,-4.278738262740566,1.8795572310941567e-05,2.327893032476331e-05
ADORA2B,316.68555,-0.8933795342544335,0.03405123343090878,-26.23633402493727,1.0236282155645442e-151,4.7875136321338286e-151
ADORA3,408.9029,1.1125890693331906,0.03134734449623893,35.49229088501195,6.463884139202774e-276,7.489938371657899e-275
ADO,1446.0801,0.25810511617915005,0.010036623133407318,25.716330358169614,7.676594584851512e-146,3.432633190269974e-145
ADPGK,2462.7932,-0.20853938657562374,0.011630492693137954,-17.930400033582668,6.828659986754077e-72,1.7408551048125001e-71
ADPRHL1,187.70483,-0.34091046661127467,0.02950484657316933,-11.55438872613175,7.01448079022523e-31,1.2458153573078205e-30
ADPRHL2,1869.1201,-0.19489534556443,0.011864083256008502,-16.427341359537937,1.2188686741811852e-60,2.8340506324411545e-60
ADPRH,605.7192,0.5119121323102156,0.018667138518963396,27.423171033427487,1.4519109292045101e-165,7.521489722054612e-165
ADRA1A,43.1487,2.2422858213138612,0.06338355938846645,35.37645791665461,3.9306025698978585e-274,4.5159784266676356e-273
ADRA1B,123.150444,1.1289969897896026,0.042287581802935,26.698074036270473,4.9555102464665365e-157,2.4038416275390093e-156
ADRA1D,45.173275,1.2856610655087677,0.04363249318867928,29.465679624338776,7.928381273698743e-191,4.910675824497497e-190
ADRA2A,665.1,0.004183660767140021,0.03873497684850275,0.10800731296427081,0.9139898912416802,0.9176860578877234
ADRA2B,98.270294,0.4718634925671109,0.03608355762256401,13.076967008154487,4.458788883465358e-39,8.594630077492069e-39
ADRA2C,374.8867,-0.31183560256591997,0.03993037297721906,-7.809483841882151,5.742265909678765e-15,8.402098005975994e-15
ADRB1,160.156,0.24384552273373247,0.047857617681177946,5.095229026196077,3.483199073968201e-07,4.475227183321885e-07
ADRB2,325.26898,-0.045952618272544,0.03735484392966566,-1.2301649113851696,0.21863535661008648,0.23316905318097175
ADRB3,9.546937,1.6331347921329058,0.05536817457033254,29.495911772536104,3.248385044632484e-191,2.0156620275426012e-190
ADRBK1,6313.73,-0.6040604677084643,0.014448302800958789,-41.80840310658349,0.0,0.0
ADRBK2,1301.0308,0.20694812294468756,0.02137164915241868,9.683301530395315,3.550608990776679e-22,5.702204657507486e-22
ADRM1,5674.383,-0.6394769717361798,0.013482004595873677,-47.431890946832866,0.0,0.0
ADSL,2368.2034,-0.23771100889506255,0.012594630163214118,-18.873996760092183,1.8663436369382315e-79,5.0649013735571124e-79
ADSSL1,577.19385,0.49563837159687935,0.03179304115632543,15.589523794211456,8.577053056729475e-55,1.8953676672306022e-54
ADSS,2947.3772,-0.11153405129351894,0.01282151521223796,-8.698975857943937,3.3489275524401115e-18,5.127148145595446e-18
AEBP1,18479.904,0.5711577050308817,0.031590346167826154,18.080134418172005,4.5696667705468993e-73,1.175263337311323e-72
AEBP2,1668.4578,0.030654871607449,0.013866152498681988,2.2107698303738417,0.02705178004765361,0.030352559382208866
AEN,1632.4377,-0.24836472371088097,0.01710695205840211,-14.518350367907658,9.271468531395507e-48,1.928855792261201e-47
AES,19007.219,-0.24204329451454745,0.014864519372174792,-16.283291000153923,1.2970210686200592e-59,2.989138774738033e-59
AFAP1L1,720.3214,0.7926366546364844,0.024956624277760187,31.7605716949,2.269007411410786e-221,1.784958341920873e-220
AFAP1L2,1924.5397,0.7690299186686648,0.032012641229393686,24.022695070925582,1.6109947121224615e-127,6.340274762053197e-127
AFAP1,2573.0427,0.7190864978398078,0.019558104911199276,36.76667556006654,6.2955940206779e-296,8.421287691654492e-295
AFARP1,9.830922,-0.1912728218148723,0.027559566123260725,-6.940342273873278,3.911510753201605e-12,5.476922106219496e-12
AFF1,4744.1274,0.5841973505511343,0.018981182054238665,30.77771178221632,5.208505876320572e-208,3.7012206330195646e-207
AFF2,283.24857,0.12139433959812167,0.04432466830472297,2.738753480647855,0.006167259800558011,0.007092775751522006
AFF3,1241.0297,0.45197272088920526,0.04527724440612773,9.982337194266977,1.821254074318598e-23,2.969163332723602e-23
AFF4,5490.1313,0.5221512125693586,0.01396615756814042,37.38689113464459,6.381469900880035e-306,9.24042288136676e-305
AFG3L1,601.45105,-0.4242996086174948,0.015760383346803162,-26.921909149091842,1.2169246666447478e-159,6.029537427164863e-159
AFG3L2,3480.508,-0.00324531392343502,0.012925025772206663,-0.25108761720333145,0.8017463693464593,0.8117138760517462
AFMID,1347.8834,-0.12778815364432017,0.02106058778392891,-6.067644215601325,1.298000491436913e-09,1.7423348061689269e-09
AFM,285.14377,0.3754951236922125,0.19647610501720453,1.9111490614053657,0.05598542780547825,0.061952784253273815
AFP,231.43855,-0.22421829530519496,0.1041087679896618,-2.1536927161356885,0.03126427774342451,0.03497688925037804
AFTPH,2978.5745,-0.015200057705503582,0.012566561427299923,-1.2095637930422702,0.2264463185320531,0.2412717499996896
AG2,1633.574,0.9040521819391654,0.03272691798940921,27.624116094027755,5.712255342622478e-168,3.012064400944082e-167
AGAP11,143.80202,-0.3022317827220592,0.03753714654424258,-8.051538557035451,8.175965008889382e-16,1.211900048168758e-15
AGAP1,983.09033,0.2905262357707585,0.017049921674589064,17.039740200317414,4.165779637221416e-65,1.0047518970997608e-64
AGAP2,740.992,1.1765378739540986,0.03702013507352266,31.78102596377547,1.183944277794084e-221,9.34260525256192e-221
AGAP3,4055.555,-0.1356089393295974,0.015885790803610016,-8.536492832247326,1.3835725987148096e-17,2.1002202905781995e-17
AGAP4,550.5641,-0.521697840637995,0.019851025163808246,-26.280649806899532,3.1918161028053676e-152,1.4997042242560461e-151
AGAP5,134.02821,-0.868888075308415,0.026829990739753583,-32.3849562132348,4.470232171221885e-230,3.746787022392193e-229
AGAP6,359.8515,-0.7322840817840374,0.022732249749432637,-32.213445209148915,1.1441401151447666e-227,9.419146220878408e-227
AGAP7,104.10371,-1.9104719889997912,0.03927160090297247,-48.64767274753975,0.0,0.0
AGAP8,149.64671,-1.2095497126608346,0.031525963233901576,-38.366780538528964,0.0,0.0
AGA,1079.5747,-0.009857579066473218,0.015001606546098686,-0.6571015601683525,0.511115615799218,0.5281597209448929
AGBL1,2.811819,0.18722697391805723,0.0802327665278265,2.3335475270333945,0.019619426937089655,0.02212919185663204
AGBL2,59.931595,-0.49103777474610855,0.031821239422935035,-15.431132905281967,1.0108016794639233e-53,2.2144529637583144e-53
AGBL3,20.217762,0.6019877386903407,0.027400810473167298,21.9697055778641,5.613117834264768e-107,1.8857667654751885e-106
AGBL4,24.497902,0.7780287643917423,0.04366809925653238,17.816868094513083,5.228291153383717e-71,1.325894115492515e-70
AGBL5,1768.6813,0.005108694581957609,0.013456876158488989,0.37963450965809004,0.7042167403034116,0.717251919347499
AGER,859.6543,2.0575438222455738,0.04368563331846314,47.09886674290197,0.0,0.0
AGFG1,3623.7012,0.11996862467150983,0.011790585265222728,10.174950774103374,2.565296644561376e-24,4.235069282081175e-24
AGFG2,1688.5559,0.036680410705485625,0.021384231334474143,1.7153018096260522,0.08628990696897595,0.09447573089440071
AGGF1,1731.8495,0.2730265069919039,0.009593050986295395,28.46086269967175,3.575988857716229e-178,2.022321032062353e-177
AGK,1319.9739,0.006569771000859615,0.010128315468907516,0.6486538675683903,0.5165621290077207,0.533598274111735
AGL,1885.6627,0.31609667680883824,0.01935984978934386,16.327434367947713,6.297761926906974e-60,1.4545222356199554e-59
AGMAT,595.58344,0.40350178309547236,0.042947175508937965,9.39530430846372,5.705266138260921e-21,9.029346494780324e-21
AGPAT1,4822.795,0.20385135727915954,0.01242978167147684,16.400236357083095,1.9049546796541955e-60,4.418704833437366e-60
AGPAT2,4195.757,-0.788107825871902,0.023868821358396863,-33.01829671596465,4.437582939197525e-239,3.983454632236438e-238
AGPAT3,5243.802,0.1591430298582213,0.013405542910268565,11.871434892526336,1.665856385567064e-32,3.0047993402817275e-32
AGPAT4,700.4146,0.7103446622713402,0.026785482118546262,26.51976392015351,5.735367073381172e-155,2.7474432528698183e-154
AGPAT5,2093.194,0.46193441805584806,0.01794805738116127,25.73729335970956,4.472969258011025e-146,2.003634348159438e-145
AGPAT6,4640.0923,-0.11761129384975177,0.015085469599821297,-7.796329644994611,6.373376302441062e-15,9.318173654678463e-15
AGPAT9,516.3795,0.5673329734922142,0.03823622342782641,14.837578678843519,8.372377461027325e-50,1.773706896244072e-49
AGPHD1,95.70582,-0.12289531415374612,0.019501038114010563,-6.30198830622518,2.938513428601581e-10,3.9875488164300204e-10
AGPS,2503.4915,0.13963233051319401,0.015037606129035236,9.285542480301176,1.6088549919371442e-20,2.5342111242435837e-20
AGR2,11282.707,-1.0404526654854271,0.07014387680929772,-14.833121760779452,8.947333774196844e-50,1.8953154542594272e-49
AGR3,1038.21,-0.6058044990830678,0.08184426812369823,-7.401917238327108,1.3423215608634217e-13,1.923175556482646e-13
AGRN,17309.803,-0.11316591289442518,0.022191232520994947,-5.099577627667135,3.404122400082877e-07,4.374733489665906e-07
AGRP,13.001818,-1.4354243755848337,0.06965967359011764,-20.60624607618707,2.412305962931094e-94,7.302920014767901e-94
AGTPBP1,876.5832,0.11472006404888622,0.017410865334511194,6.588992668933704,4.428206492627317e-11,6.08489848700051e-11
AGTR1,455.67386,0.4345601381036283,0.056028824968411446,7.756010202759552,8.764297679217213e-15,1.2785349416106565e-14
AGTR2,40.10042,0.4633130078961791,0.11705052572095938,3.958230901078448,7.550694646290771e-05,9.223844492009708e-05
AGTRAP,2580.4573,-0.4550594127902311,0.017943488892504012,-25.3606985529071,6.848480610546456e-142,2.966557803193942e-141
AGT,11255.835,0.4108994336773557,0.06120829421705713,6.713133227013683,1.9048903973927308e-11,2.6335504278499665e-11
AGXT2L1,580.2526,2.243160925943967,0.09362167770486615,23.959845421861893,7.295847877664783e-127,2.8542691572132463e-126
AGXT2L2,1173.7185,-0.005305928137057107,0.016730046653205693,-0.3171496318595395,0.7511300664278538,0.7628376805209056
AGXT2,405.1514,1.4369376322333327,0.15016611074595823,9.568987470576868,1.0795774460153055e-21,1.722501349798245e-21
AGXT,2293.7817,-0.44332453104787134,0.1194040230015217,-3.7128106734077257,0.00020497021895260004,0.0002475375897292671
AHCTF1,2790.5347,0.08499449255458275,0.012567151392215134,6.76322659781385,1.3495191500815143e-11,1.8710746647037287e-11
AHCYL1,8453.218,0.8376590500167117,0.01572766670686468,53.26022388629951,0.0,0.0
AHCYL2,2913.0078,0.26328261038712497,0.02722762700139869,9.66968624822134,4.056196910306735e-22,6.509033884837615e-22
AHCY,11114.681,-0.5469895365289571,0.01606016941296,-34.05876503939962,3.010591670863275e-254,3.0148861695575707e-253
AHDC1,2350.7512,0.2702036502748448,0.01823793305090847,14.815475499367805,1.1636291599657353e-49,2.4623558952024116e-49
AHI1,724.33923,0.20156132287378342,0.016369031512871623,12.313576567757703,7.655394981482913e-35,1.4173898365588452e-34
AHNAK2,6251.8506,-0.31299495975725006,0.03994474361859431,-7.835698302280519,4.662441687542616e-15,6.829950375354736e-15
AHNAK,50611.242,0.5276752931905364,0.0235314227902522,22.424283388810803,2.281396802592476e-111,7.93829388206806e-111
AHRR,151.46327,-0.12381117087008134,0.03126720252924571,-3.959777685716361,7.501956772354146e-05,9.16650689763282e-05
AHR,5217.3955,-0.014289781185841314,0.02547186698329082,-0.5610025050466543,0.5747958294718418,0.5911729372173391
AHSA1,4715.691,-0.31885799778256946,0.01136372821432966,-28.059277005630033,3.0781577009013658e-173,1.6855355737668347e-172
AHSA2,1099.8135,-0.23910891572691384,0.021614172765049677,-11.062598523944217,1.9049726376144844e-28,3.2864450410298525e-28
AHSG,5920.435,-0.11007285324485738,0.12396740838397786,-0.8879176767486875,0.37458503545974353,0.39215183508638446
AHSP,8.223278,-2.6232492445272824,0.0818917804676122,-32.033120168449194,3.7724254646328137e-225,3.05378966339799e-224
AICDA,11.467839,-0.4379654335801424,0.0642294521231219,-6.8187633414746145,9.182752582549798e-12,1.2782145482574273e-11
AIDA,2471.6062,0.03500255710171384,0.012039556939714804,2.9072961137175364,0.0036456791365111307,0.004227750144692989
AIF1L,3934.8408,1.2798802287572981,0.03620758781008032,35.348398116733286,1.0610537621858824e-273,1.2163284653345933e-272
AIF1,1202.3909,0.0907911209949109,0.027784385671705453,3.2677030209586055,0.0010842407135212115,0.0012811408407764565
AIFM1,3067.593,-0.32763713863311267,0.018222863469363616,-17.979454172168833,2.82257502099619e-72,7.219196589505206e-72
AIFM2,1189.1847,-0.3202648894675626,0.01964901240473032,-16.29928684815028,9.98503686772465e-60,2.302212520838122e-59
AIFM3,226.96866,-0.5861212508569975,0.04077230320678185,-14.375475623351717,7.376157475116051e-47,1.524271112828742e-46
AIG1,1954.8574,0.21092586159147325,0.020853236857308152,10.114778009513325,4.75092813087111e-24,7.816092591224641e-24
AIM1L,374.4552,-2.3186255841076586,0.050777938641954706,-45.662065970356664,0.0,0.0
AIM1,3619.7397,-0.38680708902709265,0.03198407815320531,-12.093738865139951,1.1397909598899087e-33,2.081166291694946e-33
AIM2,271.9515,-1.3668803159527707,0.0472795288800021,-28.910616250470348,8.78106789544077e-184,5.174349096476951e-183
AIMP1,2270.693,-0.061324308259749175,0.008602613109182004,-7.128567504017429,1.014188577655718e-12,1.4337799633700968e-12
AIMP2,1295.0834,-0.3062141441603798,0.013320265820899572,-22.988591089520757,6.062504307503705e-117,2.1946394949585338e-116
AIPL1,3.197176,-0.8212220121716326,0.07977046662676773,-10.294812690691517,7.436416288344582e-25,1.2362047784306961e-24
AIP,2884.2092,-0.16011035902687198,0.013946834653978132,-11.4800499897805,1.6618440977908852e-30,2.937954496954206e-30
AIRE,7.7407684,-0.5049099946930781,0.07012041888547965,-7.2006129272800665,5.994248854323662e-13,8.499576015125744e-13
AJAP1,123.972336,0.712319142412172,0.046540179269962234,15.30546623553541,7.029643636953641e-53,1.5282062445781014e-52
AK1,2420.2341,0.026730119111351463,0.02387351752125612,1.1196556639612043,0.2628605251527786,0.27881512095370525
AK2,5420.8296,-0.29187756414173477,0.01205859788926799,-24.204933842391608,1.9739140147929648e-129,7.882878663626906e-129
AK3L1,1034.928,0.2638613412459585,0.029753658201077744,8.86819830565913,7.433885772641708e-19,1.1469117948257996e-18
AK3,3767.7073,0.2532769194312446,0.015033904597634398,16.847048468772247,1.1028306152119924e-63,2.6324924956150725e-63
AK5,333.50668,1.5903050590957362,0.05378641633199068,29.567038809199612,3.966379466542521e-192,2.477040477280343e-191
AK7,118.667435,-0.017265801879150344,0.035917601411204994,-0.4807058712379395,0.6307255577223412,0.6458251586616277
AKAP10,863.8423,0.40453811839610293,0.015312717280514844,26.418441024237442,8.413267290035715e-154,3.9917433875049435e-153
AKAP11,2888.8613,0.6069263383674333,0.016459937460569212,36.87294315797752,1.2545795683446614e-297,1.7005316532575873e-296
AKAP12,3933.7275,1.3298276767945743,0.032722688967566665,40.63931537266521,0.0,0.0
AKAP13,6634.132,0.39867309417603414,0.01619105774722347,24.623041953167068,7.157697188705781e-134,2.9445050932483533e-133
AKAP14,13.189866,-1.1347111763739544,0.08504646663617081,-13.342249493188872,1.3143276564711072e-40,2.5672452036933006e-40
AKAP1,4193.385,-0.08202427193763481,0.01704534762614585,-4.812120804847524,1.4933703488148476e-06,1.8934749287862914e-06
AKAP2,1606.1863,1.2744147844914182,0.029413974758484073,43.32684701593517,0.0,0.0
AKAP3,84.39803,0.3724296363427846,0.030674225621472144,12.14145194531273,6.368580172241468e-34,1.1672481430200221e-33
AKAP4,1.9642144,-0.5383235810275102,0.10865712566862652,-4.9543329783013474,7.257882755960504e-07,9.265895468025328e-07
AKAP5,250.71779,0.48557018998433615,0.027863270394799678,17.42689149924632,5.157442004294579e-68,1.2762897990207042e-67
AKAP6,879.2546,1.8679823082573723,0.038081406564932925,49.052345403058055,0.0,0.0
AKAP7,508.31088,0.39605243925003064,0.02343838023221472,16.89760279192327,4.68572500165165e-64,1.1204683498781529e-63
AKAP8L,2270.389,-0.17990462726422962,0.012592772862101713,-14.28633941343113,2.662408737999068e-46,5.473490810554683e-46
AKAP8,1564.0795,-0.06647340432680664,0.008311463718800104,-7.99779756921121,1.266643864423918e-15,1.873554376330031e-15
AKAP9,3806.4153,0.23439391670157908,0.019612710635434454,11.95112297624468,6.405381037727194e-33,1.1599995778961746e-32
AKD1,266.0144,0.27188619281618875,0.019314575861444732,14.076736386374455,5.279208733333978e-45,1.0740422764259664e-44
AKIRIN1,2810.123,0.23525232007798724,0.012324433288542776,19.088287028717662,3.159612820694567e-81,8.702185797689487e-81
AKIRIN2,1854.1144,-0.004537316745277659,0.012052262783597143,-0.3764701140978144,0.7065674295360638,0.7195741232516993
AKNAD1,10.000348,0.8543235835976747,0.0491585364697417,17.378946668266497,1.1912137338440936e-67,2.9396267160402308e-67
AKNA,2216.1426,-0.24528545693353207,0.021321501804665854,-11.504136021030915,1.2574221318621557e-30,2.226268126148502e-30
AKR1A1,6018.618,-0.3082576197719002,0.014326142732661369,-21.51714006514265,1.0759797753349884e-102,3.487640860698142e-102
AKR1B10,4608.841,-2.091226058509891,0.07652321219749347,-27.327996283177317,1.972352970535432e-164,1.015043835367312e-163
AKR1B15,85.5487,-1.4861777539994654,0.07601407346095397,-19.551349984721814,4.0174804086739e-85,1.1366298449165082e-84
AKR1B1,5452.125,0.09016794567396264,0.030639597566480773,2.9428567225244797,0.003251988859422556,0.0037793835591382477
AKR1C1,7941.496,-1.3117773320982775,0.054993780917531675,-23.853194128721764,9.382321890569398e-126,3.639761649582743e-125
AKR1C2,5336.7505,-1.4903036391869273,0.057356933032840896,-25.982972944763684,7.713937507824142e-149,3.531550567164194e-148
AKR1C3,5128.8726,-0.8983271106594616,0.0436028295318403,-20.60249576242459,2.606575119435295e-94,7.889869589144093e-94
AKR1C4,480.98816,-0.5042177133234333,0.1225865041540522,-4.113158432920089,3.9028233674632615e-05,4.800482173645755e-05
AKR1CL1,3.3797429,-0.33531681653170686,0.09509698258265853,-3.526051063084454,0.000421805632214537,0.0005047337995918513
AKR1D1,114.3798,0.41587142869287597,0.10550133033030466,3.941859570783244,8.085231218734964e-05,9.870313748409494e-05
AKR1E2,69.90631,-0.5962942715816232,0.03319987011371649,-17.960741097455827,3.9549199839819396e-72,1.0101394549477896e-71
AKR7A2,2449.7832,-0.047478938461742975,0.013412455380976842,-3.539913991369792,0.00040025745250955305,0.00047940001621614247
AKR7A3,975.8888,-0.3228502809701254,0.05110071666362224,-6.317920805207752,2.6510579988522557e-10,3.5998725937859717e-10
AKR7L,116.10313,-0.5658849812086117,0.037599264726172386,-15.050426792381028,3.4301421651295146e-51,7.348654565913057e-51
AKT1S1,2931.4475,-0.31296586963397416,0.011694219086304787,-26.762442821042363,8.847098796772834e-158,4.3173078716082964e-157
AKT1,8833.255,-0.08091285516385834,0.010888026026230907,-7.431361292572868,1.0748567822463495e-13,1.5420343337152723e-13
AKT2,6239.4204,0.03120562433833807,0.012920931688876354,2.415121841809831,0.015729946839958053,0.017824121317677185
AKT3,1708.0468,1.1532425719973907,0.026773296183237757,43.0743590219352,0.0,0.0
AKTIP,1246.3887,0.49963913906751733,0.015005571476563524,33.29690840817889,4.2800597775287234e-243,3.944668945708795e-242
ALAD,3174.3064,0.39904895384538197,0.018299560716135845,21.80647721742938,2.0139944563143473e-105,6.6758243464838485e-105
ALAS1,3723.9985,-0.09901416660332796,0.021991286674020824,-4.502427169043152,6.7181780350476375e-06,8.405050489493938e-06
ALAS2,25.187107,-0.8710255443580429,0.0658449643950402,-13.228430637949488,6.012979045689239e-40,1.168112980831939e-39
ALB,106859.73,-0.2275969949369453,0.10363311909373335,-2.196180110444133,0.028079054398830745,0.031482623003953915
ALCAM,6194.061,0.2783869076142133,0.02689390067387458,10.35130273551748,4.1282971766797104e-25,6.885794053745881e-25
ALDH16A1,1867.9545,-0.6536323880265568,0.015171686338945821,-43.08238210466282,0.0,0.0
ALDH18A1,4775.3125,-0.2638757586412839,0.012813720135805276,-20.59322006760066,3.156755671507502e-94,9.5452827441291e-94
ALDH1A1,10456.037,0.06712911617615516,0.043644924141956774,1.538073842397232,0.12403056086153441,0.13468121972265076
ALDH1A2,638.05206,0.8911023555479674,0.05067246986088711,17.585532301747705,3.1798132657424545e-69,7.943290586165721e-69
ALDH1A3,3519.608,0.2569024641900894,0.04461713594635197,5.757932658407101,8.515030893034753e-09,1.1254058293384479e-08
ALDH1B1,3059.7932,0.4110929398107351,0.026542962242794354,15.487831992916878,4.191894471130481e-54,9.209321197555353e-54
ALDH1L1,3108.737,0.5556263132642978,0.058296396453964935,9.531057613536381,1.5568892129846074e-21,2.4795984891773155e-21
ALDH1L2,563.7813,0.7026869552473513,0.031701997793936704,22.1653840182194,7.413498859422358e-109,2.5239368441300967e-108
ALDH2,11857.014,0.3354715187731384,0.03010023258127212,11.145147063809182,7.56192647846098e-29,1.3102405206381878e-28
ALDH3A1,2607.567,-2.7413226138700493,0.060849306521417436,-45.05100831190528,0.0,0.0
ALDH3A2,6214.6567,0.23510400419859698,0.02180328362054261,10.782963166937238,4.1432000431452245e-27,7.055743176779057e-27
ALDH3B1,1666.5435,-0.17043938414650844,0.03088373727198307,-5.518742199025461,3.414346523940836e-08,4.461374807837204e-08
ALDH3B2,1741.4185,-0.9778671609325744,0.059784856800321945,-16.35643561376413,3.9137509744401697e-60,9.057639659955373e-60
ALDH4A1,3809.019,0.37983088936742626,0.0320809705839066,11.8397567920831,2.4315705247823742e-32,4.3774289781629107e-32
ALDH5A1,2149.2234,0.5520105544632359,0.02501445927215346,22.067658887103903,6.465356441495118e-108,2.1865148138272276e-107
ALDH6A1,1375.7872,1.2032001577951812,0.028857828776772676,41.69406392637629,0.0,0.0
ALDH7A1,3408.7495,0.36743615202530455,0.022465616835469743,16.355489133295446,3.975037907045368e-60,9.198431092241037e-60
ALDH8A1,594.46716,0.8517831208889106,0.060241552307957524,14.139461688081292,2.1693747524738863e-45,4.426368068311871e-45
ALDH9A1,5371.541,0.37477811316133364,0.014820711692229644,25.28745723849592,4.388966115839898e-141,1.889910345862616e-140
ALDOA,65172.965,-0.4047435032676086,0.015898090152914972,-25.4586242356537,5.666158854816736e-143,2.4733560918785148e-142
ALDOB,11475.441,0.9164387269846457,0.08526673450837778,10.747904587510643,6.062316196578628e-27,1.031100212582659e-26
ALDOC,4580.822,1.8475248711797017,0.04022841887066601,45.925863432999364,0.0,0.0
ALG10B,606.0652,0.23502701026790532,0.01593542479990426,14.74871321091593,3.1358684975591533e-49,6.612443991901274e-49
ALG10,243.23651,-0.13476736472750603,0.015832221253607157,-8.512220904997845,1.7063310191032577e-17,2.586878637122885e-17
ALG11,42.49129,-0.1630218517248701,0.01837529750656389,-8.871793867099926,7.197692098538506e-19,1.1108081673297866e-18
ALG12,1490.0198,-0.2705346873651106,0.01261412134619676,-21.44697041833029,4.873792213869509e-102,1.5690312410210206e-101
ALG13,1080.985,0.00958415276208387,0.01174708902734326,0.8158747022156038,0.4145718023226945,0.4321693458007034
ALG14,471.06097,-0.11869119081520782,0.013458406685334835,-8.819111622220596,1.1537138615815288e-18,1.7757965153049327e-18
ALG1L2,2.1067939,-1.3567121497006411,0.05944876298994063,-22.821537092877968,2.802750038984766e-115,1.001600632678442e-114
ALG1L,229.00865,-2.0085741698470585,0.0412522642371919,-48.690034522667084,0.0,0.0
ALG1,1454.0935,-0.2517982370141608,0.011673891633216662,-21.56934850223374,3.4856848929102947e-103,1.1348961895851702e-102
ALG2,1845.5111,-0.022248765619834805,0.011338954755768663,-1.9621531348395056,0.04974465830342666,0.0551667664451173
ALG3,2919.3088,-0.772426011819689,0.01648444626587952,-46.857868281478275,0.0,0.0
ALG5,1485.2451,-0.12142202685501252,0.013307839563562145,-9.124097587370612,7.233637273718023e-20,1.1297147994448084e-19
ALG6,697.4034,-0.2564359740306979,0.012746962395390275,-20.117418258285102,5.194323975403411e-90,1.5253316286634652e-89
ALG8,1854.6978,-0.1660938664826884,0.01573730804537107,-10.554147253382565,4.860326825927758e-26,8.181858264351183e-26
ALG9,1179.7758,0.12567639509701461,0.009851466167916833,12.757125990677775,2.8450548276690407e-37,5.388638127873663e-37
ALKBH1,528.18616,0.09444053914560922,0.008787517855852479,10.747123441998118,6.113862808800832e-27,1.0397805774319281e-26
ALKBH2,758.2042,-0.2164139888591868,0.015451001421340874,-14.006470063505171,1.423043091736275e-44,2.8856309068385285e-44
ALKBH3,724.2673,-0.10078078915584952,0.013806846674242429,-7.2993342747741705,2.8919502442782167e-13,4.1169998617761143e-13
ALKBH4,730.53033,-0.08713786170873701,0.012355661858610619,-7.052464101549601,1.7577677133485847e-12,2.474683139206406e-12
ALKBH5,5111.6978,0.18320949552210927,0.010105259488014629,18.130112911935157,1.843801741010809e-73,4.7643050698361545e-73
ALKBH6,405.92792,-0.5617905938606095,0.015499494914418238,-36.24573555219595,1.1599489639130007e-287,1.4604453281573769e-286
ALKBH7,2057.0696,-0.4368084662579649,0.018962598359438528,-23.03526436505184,2.0669214759826166e-117,7.511684100237432e-117
ALKBH8,399.35254,0.35711132698758846,0.011901651636409575,30.005190699340602,8.396748596513801e-198,5.489704710225577e-197
ALK,78.51106,0.8212013017579988,0.05385586919320695,15.248130130663272,1.694155998412256e-52,3.6673388592956e-52
ALLC,2.8367803,-0.23583972184131738,0.06810624142099815,-3.462820982639112,0.0005345439120625503,0.000637613048141637
ALMS1P,8.461956,0.41691103595490214,0.03233112718068848,12.89503559912767,4.80041413087197e-38,9.159478096571925e-38
ALMS1,1358.4758,0.18614495246739127,0.014671221766722437,12.687760803235149,6.91341574951222e-37,1.3051764766721002e-36
ALOX12B,107.414314,-3.0758080231301115,0.060514510185782765,-50.827611653588825,0.0,0.0
ALOX12P2,81.778114,-0.6358514180716751,0.046650801628540094,-13.630021261685524,2.6550294573800785e-42,5.259169558552347e-42
ALOX12,91.585686,-2.1702539625114743,0.04438132022285252,-48.90016681824581,0.0,0.0
ALOX15B,1354.2456,0.2555366302866844,0.05517130594090865,4.631694427541328,3.6268518061168866e-06,4.561628215279773e-06
ALOX15,155.65625,-1.0235359337424774,0.06035455444515144,-16.958719075171683,1.6592219832920782e-64,3.9802168443317334e-64
ALOX5AP,939.63434,0.3467327667472648,0.030802052726552297,11.256807129882311,2.143860580623033e-29,3.737848553644286e-29
ALOX5,1469.9526,0.032854447724277085,0.03225955621861669,1.0184407839224114,0.30846852869610597,0.32514163995464773
ALOXE3,71.524124,-1.9582775531518046,0.05217981675716063,-37.52940648039111,3.0538661086246333e-308,4.472925187445245e-307
ALPI,62.421043,-0.183223620617643,0.12253796018972399,-1.4952396819235456,0.13485190068167907,0.14605787338289644
ALPK1,885.4825,-0.12987666207087348,0.01775875766889909,-7.313386695868173,2.6049196678283173e-13,3.711235795473528e-13
ALPK2,496.22122,1.0606807501718118,0.051835750010553516,20.462340179429493,4.664492997140627e-93,1.3987982461155695e-92
ALPK3,1193.3268,0.42269555603906106,0.034285278424869225,12.328777115382966,6.34016022043709e-35,1.1747299046949282e-34
ALPL,2479.958,0.09056314066742568,0.040401734683158885,2.2415656500307684,0.024989458106881215,0.028080382911910513
ALPPL2,273.5955,-3.4126483586197223,0.1086858071634713,-31.399208854260543,2.0743253506703897e-216,1.5781461066628723e-215
ALPP,173.0263,-2.274984014236192,0.09349539775344616,-24.332577526815626,8.865730019477108e-131,3.5798769826762086e-130
ALS2CL,1247.3259,-0.7014811634723219,0.032050224976447154,-21.886934147508214,3.460173518779632e-106,1.1556048666147396e-105
ALS2CR11,26.316217,-0.026843707968602908,0.0412387128423244,-0.6509346708089416,0.5150886593877313,0.5321032076555116
ALS2CR12,12.213307,0.26932491571637923,0.03711337343345554,7.256815826760672,3.963087242309995e-13,5.630067208582037e-13
ALS2CR4,1190.6752,0.2610664898630385,0.016966925485323414,15.38678825983317,2.0075252724749645e-53,4.384381787418773e-53
ALS2CR8,324.9733,0.5416303738726401,0.019286951164674562,28.082736833215773,1.5919451967674018e-173,8.728901767031386e-173
ALS2,1314.857,0.23966234439668696,0.012722462934010914,18.83773178509316,3.7050668166397565e-79,1.0034781870422882e-78
ALX1,62.06744,-0.5759637660323426,0.08271509680882547,-6.9632242269332485,3.3257184132015057e-12,4.662785013041075e-12
ALX3,67.696014,0.19622758913718008,0.023009994509315304,8.527928551123289,1.489915117707054e-17,2.2606336176328745e-17
ALX4,8.998902,0.8265769013359555,0.06978887579440206,11.843963553318298,2.3125969796683178e-32,4.164351840533105e-32
AMAC1L2,3.7530248,-0.4988648584123568,0.03464934668129108,-14.397525673455743,5.362935805628969e-47,1.109480846121331e-46
AMAC1L3,1.7620598,-0.45824315327533416,0.04670890919592886,-9.810615601258238,1.0134836978119463e-22,1.6395323483316182e-22
AMAC1,1.760189,-1.7564941335809074,0.08726535808105772,-20.12819487830855,4.179441881632094e-90,1.2281936672654129e-89
AMACR,3732.5708,-0.1339808598730508,0.037547577078452764,-3.5682957542934965,0.000359310788429151,0.0004311148790454267
AMBN,3.5767314,-2.1233554512347523,0.13569304605944793,-15.648225999027968,3.416100773961964e-55,7.571129507630268e-55
AMBP,13006.452,-0.5733821706319511,0.09420952505408145,-6.086244148909552,1.1559013439031012e-09,1.553128000298524e-09
AMBRA1,2000.7045,0.0388636014089811,0.009590340500235212,4.0523692988823425,5.070154955888251e-05,6.215274852295816e-05
AMD1,5237.5723,0.10823183990219337,0.019062706443418988,5.677674375537489,1.3653831224807173e-08,1.7966542780884777e-08
AMDHD1,227.8399,0.015327212730318401,0.053795313798158474,0.2849172473986588,0.7757075418950113,0.7867206259559897
AMDHD2,736.60065,-0.354306489336641,0.018996750059244418,-18.65090019248973,1.2416895858633308e-77,3.3205777326404246e-77
AMELX,1.4521163,-1.338893337414006,0.12710936441056464,-10.53339652528956,6.0607331352445e-26,1.0190821432147569e-25
AMELY,0.60477996,-0.03105318977813059,0.13880195896366548,-0.22372299360889752,0.8229728530909619,0.8321283494451897
AMFR,6111.887,0.23447676066073087,0.014285227793821563,16.413932213397626,1.520319463750264e-60,3.53053313134386e-60
AMHR2,18.36616,-1.222166837597398,0.06864306391076226,-17.804666166799404,6.501877704934729e-71,1.647029092880007e-70
AMH,85.96563,-0.05480684130978267,0.04508990835845426,-1.215501279667305,0.22417496101255607,0.2389016976159249
AMICA1,559.9992,-0.20300092969237407,0.032210438204869615,-6.302333684540937,2.9319708702872753e-10,3.978935805104562e-10
AMIGO1,254.60863,0.8997063105641752,0.0237787074216279,37.83663655938877,0.0,0.0
AMIGO2,1488.7786,-0.017564951948242837,0.03427137571228263,-0.5125254409308021,0.6082833196850336,0.624132653233928
AMIGO3,296.78235,-0.3285392434604949,0.018391775779944976,-17.8633780332808,2.274477924412275e-71,5.781757530666688e-71
AMMECR1L,1566.0607,0.06842670479535876,0.009148095557291975,7.479885224943416,7.438754930132499e-14,1.0699845388057619e-13
AMMECR1,997.1248,-0.5173725517358725,0.019127455725754597,-27.04868640941328,3.95780575841011e-161,1.9827009703610095e-160
AMN1,454.27765,0.23792161645644386,0.017064543766488,13.942453997726174,3.497060869203584e-44,7.068069317593147e-44
AMN,732.5524,-0.2742560634074624,0.05945242625063187,-4.613033995472095,3.968333670203555e-06,4.987733373976675e-06
AMOTL1,3491.1992,0.5120916854149293,0.024700480803300857,20.732053335030457,1.78029766730458e-95,5.4389376063406286e-95
AMOTL2,3635.6748,0.7489545605456209,0.02217852099395506,33.76936454643458,5.5570197564213615e-250,5.395105637624344e-249
AMOT,1758.0979,0.8411998714270258,0.028802487969651198,29.20580584265453,1.6364628483123988e-187,9.912748327519228e-187
AMPD1,21.915764,-0.19058395599990377,0.061588720354191225,-3.0944620200561483,0.0019717017724291404,0.0023093934176093007
AMPD2,2618.798,0.022979896542643423,0.01671837271265812,1.374529503415393,0.1692773573729872,0.18214247231946762
AMPD3,849.1169,-0.22557523492642803,0.022264204231986495,-10.131744776323469,3.9945709634187456e-24,6.579198304687505e-24
AMPH,259.13867,1.7485467642435377,0.04333876388844259,40.3460229909749,0.0,0.0
AMTN,83.14663,-2.299014284705657,0.11136369978070643,-20.64419814744658,1.1007389112527066e-94,3.3412767994921505e-94
AMT,613.5916,0.037529913870519384,0.030548495637900058,1.2285355820912445,0.21924598063280565,0.23378352902651706
AMY1A,425.88467,-1.4303492048089268,0.06760736162785219,-21.15670794376431,2.3936240723373373e-99,7.53662117054065e-99
AMY2A,134.03464,-1.0456637419596777,0.07438634423026387,-14.057200320569757,6.958504220299206e-45,1.414136428639165e-44
AMY2B,494.94223,-0.19405335829818893,0.033358932396754214,-5.817133353975984,5.986538237339802e-09,7.936958320786731e-09
AMZ1,76.989006,1.3275043441087426,0.04243842214150253,31.280718677109196,8.536079949663383e-215,6.410403972526625e-214
AMZ2P1,418.20078,0.35984066766489015,0.01738986719256549,20.692548349002287,4.0427221518783625e-95,1.232306936518814e-94
AMZ2,2891.0876,0.06749551942940116,0.011594955862236578,5.821110509719681,5.845789958213241e-09,7.751868544210471e-09
ANAPC10,262.83777,0.05217396477808191,0.009809208910440636,5.318875890445097,1.0441032430523944e-07,1.3542875844357608e-07
ANAPC11,3680.4556,-0.5558917971594513,0.016669282532927796,-33.348273752116576,7.716701640398316e-244,7.163900077376622e-243
ANAPC13,2701.99,0.10463031594137875,0.01041642709584607,10.044741347357379,9.690155740211735e-24,1.5858672083197e-23
ANAPC16,4479.9365,-0.004207738969077962,0.01179556578604645,-0.3567220975576688,0.7212998610257851,0.7341003734565067
ANAPC1,1500.9093,-0.16346881858600318,0.015476356071847433,-10.562487566654292,4.4471776359625955e-26,7.49069988339228e-26
ANAPC2,1827.8141,-0.12126624587362572,0.011059607316158683,-10.964787664427217,5.643286424948587e-28,9.685691141926174e-28
ANAPC4,1103.753,-0.2736586582434421,0.014212593903648745,-19.254659641910035,1.2901969434886554e-82,3.583997758559904e-82
ANAPC5,5532.129,-0.18060374227010115,0.008091608729518635,-22.319880793450718,2.3692049143285284e-110,8.161530093200424e-110
ANAPC7,2571.2517,-0.28174134653743166,0.009267669780231661,-30.400451593387377,5.417949380422087e-203,3.7064526692208758e-202
ANGEL1,1297.4696,0.16834584429281124,0.013136023215412313,12.815586691053758,1.341200572859503e-37,2.5481058662604166e-37
ANGEL2,1260.5759,0.2058436663591219,0.011005544484522456,18.703633123159715,4.624386389600675e-78,1.2410741168716076e-77
ANGPT1,450.41638,0.9670523367468002,0.03702926698635712,26.11589198087816,2.406228891308833e-150,1.1148933545324655e-149
ANGPT2,966.62256,1.053668023554694,0.030455551622105646,34.59691148033277,2.811625783702802e-262,2.959766769927888e-261
ANGPT4,7.5249767,1.7251508121177117,0.048129202459382424,35.844159553103225,2.2677208219829996e-281,2.7238069743216454e-280
ANGPTL1,354.48804,2.058883246523663,0.04260224493793644,48.32804584648235,0.0,0.0
ANGPTL2,3432.6106,1.4024374795540608,0.02865747614154758,48.9379271442822,0.0,0.0
ANGPTL3,686.09393,0.12203113740472608,0.101479447001895,1.2025207173473,0.22916184430477737,0.24410118705598088
ANGPTL4,3817.2263,0.8192000271070425,0.04441669505820499,18.443516025529092,5.879094086354477e-76,1.553237431924355e-75
ANGPTL5,5.468308,1.9587494780440833,0.055949730466726376,35.00909587417875,1.635902191714483e-268,1.8110567004412811e-267
ANGPTL6,46.537983,0.3586453746656106,0.04199781242275367,8.539620374877023,1.346635115443254e-17,2.044760166714589e-17
ANGPTL7,66.433365,0.8537277146094365,0.06675024697346243,12.789880986490564,1.8675968596453218e-37,3.5458737727799223e-37
ANG,1889.0631,-0.09821830715786838,0.04458908840288002,-2.202743107695479,0.027612860086938272,0.03097015306908199
ANK1,341.5651,0.10304786784631693,0.04369405762198719,2.3583954765158373,0.018354127771207308,0.020724996522130317
ANK2,2008.0496,2.2010577957876967,0.04086396898204836,53.86304489303589,0.0,0.0
ANK3,1999.1404,0.551826741188386,0.029554181879229018,18.67169740794671,8.413578727343748e-78,2.2523609376724704e-77
ANKAR,69.42791,0.2524712804476286,0.018808713110948273,13.423102312123035,4.427819744898056e-41,8.680402714143431e-41
ANKDD1A,287.88852,0.22551712570230878,0.02293565439773616,9.832600447823639,8.148695917252527e-23,1.3194885880803642e-22
ANKFN1,31.21805,1.373524973549708,0.06686366279149147,20.542173674106458,9.04237478712147e-94,2.726102595750126e-93
ANKFY1,3855.8171,0.5324293855892308,0.012686809712457073,41.96716098503809,0.0,0.0
ANKHD1-EIF4EBP3,1734.2156,0.015016914057935508,0.01651109615225593,0.9095043672120904,0.36308395360632184,0.3805810745750454
ANKHD1,4316.661,0.08836996178652332,0.013114199726817344,6.738494427976019,1.600361940469184e-11,2.2147895279730898e-11
ANKH,4321.511,0.31255489332722586,0.022726360083949487,13.752967574775338,4.888256103120768e-43,9.748261926088325e-43
ANKIB1,3003.6414,0.5041465667112809,0.014980997854361421,33.652402304063386,2.8755839724321028e-248,2.7602081138493718e-247
ANKK1,33.850933,-0.9607864234838378,0.03592348355017721,-26.74535786992457,1.3982625035559513e-157,6.80871234391189e-157
ANKLE1,87.848755,-0.7709453467599182,0.03736505773547901,-20.632788853632288,1.3937564423100507e-94,4.2288356794322386e-94
ANKLE2,3665.053,-0.1450074026469327,0.010223654339268794,-14.183519692167506,1.1588534867949156e-45,2.3704509331515813e-45
ANKMY1,508.78012,-0.34270951745777195,0.014909452939676026,-22.98605581602371,6.427026536093146e-117,2.325770231928908e-116
ANKMY2,1020.6105,0.36433908549325106,0.01316665553188649,27.67134634994505,1.545118581430071e-168,8.194078978727485e-168
ANKRA2,616.7416,0.12068104943978393,0.01253724831590812,9.62580036694779,6.222062794591319e-22,9.96029064594155e-22
ANKRD10,3365.285,-0.019078248364140377,0.015035003187469814,-1.2689221363145575,0.20446883630340418,0.21859901477188498
ANKRD11,5779.0405,-0.04046554506211439,0.012191289998815703,-3.3192176599888383,0.0009027003799689307,0.0010691144290743142
ANKRD12,2121.2546,0.3583738327567415,0.01719944352712583,20.836362071338986,2.0266730129451124e-96,6.249778229407687e-96
ANKRD13A,2824.576,0.24322805918191062,0.014010717542380677,17.360142936732256,1.653113530379284e-67,4.075037942243836e-67
ANKRD13B,572.89545,0.19257234654622218,0.026162021688756806,7.36075938003601,1.8286693426239573e-13,2.613356671801288e-13
ANKRD13C,1145.1161,0.29326972300150767,0.009235090871060114,31.756019198524964,2.622334790808487e-221,2.0605215749158625e-220
ANKRD13D,1667.0123,-0.6580568684337751,0.015894109123077912,-41.40256388942809,0.0,0.0
ANKRD16,379.54648,-0.1731961981124758,0.012573682806758094,-13.774500341251366,3.628850695917794e-43,7.247377998645319e-43
ANKRD17,4912.7065,0.15829037001154297,0.012874799483222815,12.294589148189186,9.68479224595366e-35,1.7897130374454985e-34
ANKRD19,181.76167,-0.8654383405581372,0.024561093596295748,-35.2361484705494,5.592341741269784e-272,6.328765175681575e-271
ANKRD1,124.752235,0.9984590569372148,0.06034317348750471,16.546346491769548,1.701181663513337e-61,3.981876004537598e-61
ANKRD20A3,36.23622,0.5095519313065452,0.03422741235829192,14.8872466890738,3.9885954951782296e-50,8.474620714499434e-50
ANKRD20A4,6.175722,0.08894558088970089,0.04623554027101628,1.9237491412089824,0.05438603514075373,0.060218920401947304
ANKRD20B,20.618202,0.44155123716436095,0.03257704221432581,13.554061607538701,7.496469253054802e-42,1.4784521701340956e-41
ANKRD22,773.5228,-1.2755790920470147,0.03702557746514803,-34.45129500674797,4.306311114222847e-260,4.4799278474431755e-259
ANKRD23,143.40321,-0.5970644021196334,0.025944101154344527,-23.01349345531867,3.41529540166622e-117,1.2383258963939906e-116
ANKRD24,139.3267,0.47671941751376334,0.033177778284895036,14.368635941207707,8.141907834116245e-47,1.681658735870677e-46
ANKRD26P1,10.483948,-1.3711062520942532,0.09475695913953741,-14.469715623474015,1.8824885072173907e-47,3.9047970981598425e-47
ANKRD26,428.1771,0.2423438637772548,0.017792184531781444,13.620804311261834,3.012317928427455e-42,5.962837210000443e-42
ANKRD27,1914.5829,-0.1767901417197053,0.013378530044281335,-13.214466846099764,7.239746996293545e-40,1.4046889268802084e-39
ANKRD28,2570.3987,0.13297649957526428,0.01600708157924319,8.307354399174079,9.785934547480103e-17,1.469369728240633e-16
ANKRD29,278.43115,0.22222530628208284,0.036540275448255416,6.081653834185665,1.1894916335422593e-09,1.5979452436348965e-09
ANKRD2,55.922222,0.0031143594680477517,0.05878764473369081,0.052976428672314765,0.9577506885290682,0.9593056315931958
ANKRD30A,163.02638,0.5858905946573799,0.17670355549749373,3.3156695291606053,0.000914238705054686,0.0010825279630224702
ANKRD30B,44.64645,-0.2258938161146232,0.08957557391936807,-2.521823821279255,0.011674816415558533,0.013302417025092689
ANKRD31,3.6676784,0.15647761384551007,0.038473273951221805,4.067176971835036,4.7586104874066796e-05,5.83969565479883e-05
ANKRD32,332.0758,-0.07256672129961865,0.01567007845603775,-4.630909890030472,3.640622999766741e-06,4.578665903894927e-06
ANKRD33,6.7646604,-0.5796634701415793,0.0672058877106772,-8.625188802460924,6.398700315920936e-18,9.76325711847668e-18
ANKRD34A,90.73824,0.5912199456122079,0.027152897228046508,21.773733412194805,4.116928739888115e-105,1.3615424336481828e-104
ANKRD34B,39.570507,-0.809324483329806,0.06610015729989331,-12.243911609134889,1.810900953144489e-34,3.336180662842155e-34
ANKRD34C,5.372924,1.008200626526606,0.0703045697850908,14.340470749035305,1.2222356740931982e-46,2.5188274206765284e-46
ANKRD35,272.225,-0.29794949745230265,0.038760246227246664,-7.686986705540016,1.5064078161942222e-14,2.1895449939243355e-14
ANKRD36BP1,271.7481,0.21969675314567771,0.02878178178673726,7.63318806228024,2.290184200678205e-14,3.3204572099136576e-14
ANKRD36B,99.27574,-0.6771333310687784,0.03187336533390167,-21.24448811649502,3.7072088455739205e-100,1.175257939692299e-99
ANKRD36,400.2101,-0.2709076994460647,0.024285329172057783,-11.15519981329986,6.754091416629944e-29,1.171065807793979e-28
ANKRD37,443.5307,-0.16024737050511517,0.02657408481249911,-6.030212202444047,1.637445280648602e-09,2.192774351688804e-09
ANKRD39,487.3729,-0.5643153653556523,0.014505525094910588,-38.90347723803863,0.0,0.0
ANKRD40,2910.3513,0.5605933217031251,0.011399693729731092,49.17617393887203,0.0,0.0
ANKRD42,559.56946,0.2433516411685755,0.014822313693596375,16.41792544666692,1.4235110244350946e-60,3.306853143139445e-60
ANKRD43,298.91068,0.11071004116255351,0.04547374718481751,2.4345924410539164,0.014908571215444467,0.01691221938904741
ANKRD44,240.7482,0.30301538184815785,0.03056590495793265,9.913509260242513,3.6364426920809715e-23,5.90950963985285e-23
ANKRD45,77.86931,0.5580691119802526,0.04157822670655505,13.422147989112522,4.48521824730899e-41,8.792081484398587e-41
ANKRD46,1126.6328,0.5544780580156999,0.0176020290606091,31.500803464558807,8.469158716578441e-218,6.489409194987597e-217
ANKRD49,597.25183,-0.17021752027966613,0.012789986760251846,-13.308654924386678,2.061598235258596e-40,4.0218549704512986e-40
ANKRD50,1940.1141,0.37943240538110234,0.02049988440960404,18.5090021875119,1.7470689698496682e-76,4.63434230060839e-76
ANKRD52,3264.74,-0.0655538772461674,0.013221208382921887,-4.958236444623679,7.113595644023256e-07,9.083967491480239e-07
ANKRD53,47.43316,0.5541818031137401,0.03217863053236531,17.222044379929198,1.8146355684936609e-66,4.421803176416809e-66
ANKRD54,1141.151,-0.2577605657920267,0.012908678130943211,-19.96800626503751,1.0454380050202412e-88,3.0405817634581556e-88
ANKRD55,15.874071,0.5224356119386129,0.04290881746123467,12.175483801449422,4.198968683642324e-34,7.709848794216637e-34
ANKRD56,326.40015,-0.1454975777398605,0.0389719545560431,-3.7333918556902157,0.00018891832939564373,0.00022832818451563733
ANKRD57,1750.0564,-0.2758108365201587,0.025230085107759086,-10.93182346956641,8.120009367499398e-28,1.392011373466826e-27
ANKRD58,62.94057,-0.6545152140943101,0.02775308413315565,-23.583512771194442,5.690510444678883e-123,2.1594240846825234e-122
ANKRD5,448.2834,-0.39328137404307356,0.024487893664764154,-16.060236924704128,4.846963454412492e-58,1.1020697896848774e-57
ANKRD6,648.5164,0.8866819719859332,0.02367692349749682,37.44920542906156,6.188181695078256e-307,9.005374634031324e-306
ANKRD7,9.7323,0.28703443898496883,0.04851353187258076,5.916585082670451,3.286944772557881e-09,4.377217989567367e-09
ANKRD9,417.9888,-0.7693049910221503,0.0258432657576205,-29.768102771427117,1.0112453750058786e-194,6.453901125311813e-194
ANKS1A,2802.3071,0.12627248221153464,0.017640079378388962,7.158271768676525,8.170046684390478e-13,1.1565427648971335e-12
ANKS1B,216.84492,2.036959741427544,0.045723622659506274,44.54939532233336,0.0,0.0
ANKS3,815.9543,-0.1778698342169797,0.017467776208689337,-10.182740612883421,2.367966016062782e-24,3.910880191532586e-24
ANKS4B,304.10284,-0.5798538862199306,0.09127469478336028,-6.352843880729582,2.113702116201775e-10,2.8746066388611846e-10
ANKS6,1316.1147,0.05307671293011899,0.020093141705498,2.6415337983505007,0.008253157210749157,0.009450814312033415
ANKZF1,1574.0994,-0.3355186777477539,0.012277741964516687,-27.32739283146855,2.005192765629832e-164,1.031683586440681e-163
ANLN,2097.9817,-0.06926746961334874,0.032909766295226385,-2.104769416834057,0.035311384571395724,0.039426591997863636
ANO10,1534.3682,0.0003697174162977357,0.013572167023764483,0.027240853700840173,0.97826763124406,0.9790851786696401
ANO1,3867.564,-0.24477591626681638,0.03964927687146708,-6.173527881991843,6.678276623719236e-10,9.013127860941327e-10
ANO2,57.57353,0.3622503277272705,0.03620335777643725,10.005987012702976,1.4345396602570045e-23,2.3426480262430702e-23
ANO3,72.36046,1.3216167464787414,0.05154617874439213,25.639470833180322,5.5409523638301894e-145,2.4582316229073616e-144
ANO4,146.10916,0.5961887536030096,0.05574586085378811,10.69476270474522,1.0769496468864857e-26,1.8268303500218267e-26
ANO5,272.91803,0.798247830450088,0.04173664793899106,19.12582514093931,1.5391844167874804e-81,4.247831847821108e-81
ANO6,4590.743,0.7088012050381804,0.017342447374520228,40.87088688990698,0.0,0.0
ANO7,433.15253,-0.07697148658382992,0.04702087206336226,-1.6369642502612065,0.10163793957670972,0.11093967466449887
ANO8,765.4027,0.3898831432047527,0.020481087311966302,19.03625219042737,8.542609479320433e-81,2.3439216494539716e-80
ANO9,958.4106,-1.7107595911482514,0.038519570579379755,-44.41273787366812,0.0,0.0
ANP32A,5917.342,-0.13251660283048455,0.010163906756549405,-13.037959320621836,7.442240545578202e-39,1.431427258076775e-38
ANP32B,6981.5566,-0.32002160474005503,0.01200495156245396,-26.65746738545263,1.4662789039892354e-156,7.089045881338599e-156
ANP32C,11.835388,-1.5511270724815045,0.035669279546367096,-43.48635835117354,0.0,0.0
ANP32D,0.4798875,-0.21188176370772752,0.052039954886117304,-4.071520895269861,4.6707171564265383e-05,5.73459960123555e-05
ANP32E,3626.0571,-0.021511318782248004,0.01671579583444182,-1.2868857094991144,0.1981341269329091,0.21211614293669329
ANPEP,9520.704,0.030353741494122077,0.048213480145097534,0.6295696017539717,0.5289762173225193,0.5458955194885022
ANTXR1,6562.8994,1.05563556368997,0.025471998709100923,41.44298120244489,0.0,0.0
ANTXR2,2555.5076,0.707566546812923,0.027538069652119676,25.694122926966298,1.3597479150415035e-145,6.060225000510064e-145
ANTXRL,1.9286047,-0.47719670281208504,0.09152014234463786,-5.214116702475211,1.8469517034374877e-07,2.386070799561128e-07
ANUBL1,290.2186,0.16582406456072807,0.016558414310790914,10.014489397856327,1.3163988937377177e-23,2.1511008168878878e-23
ANXA10,385.0812,-1.3134011023241168,0.11153900768772698,-11.775262570034814,5.23538281869477e-32,9.398391570920274e-32
ANXA11,10035.32,-0.3739332622023465,0.017268069047215614,-21.654607772294106,5.499734794002727e-104,1.8018844652575075e-103
ANXA13,372.4124,-0.4658777701592231,0.06917540047753294,-6.734731811354425,1.6423257392917508e-11,2.2725555445008327e-11
ANXA1,19812.531,-0.564068973258645,0.036690969953257734,-15.373509448707344,2.4645003048409516e-53,5.376059327789235e-53
ANXA2P1,311.45718,-0.8242406422257591,0.031540533423048835,-26.132742625824772,1.548375025091053e-150,7.183994333598165e-150
ANXA2P2,12430.974,-0.5243917024257703,0.0259604032350154,-20.199674776949173,9.854410064097032e-91,2.910997308400341e-90
ANXA2P3,60.035694,-1.6309823446106315,0.045808596821146394,-35.60428517333954,1.2025745917568238e-277,1.4087005819089284e-276
ANXA2,30662.285,-0.5069751224406095,0.02327186780058457,-21.784891818089253,3.227070700088965e-105,1.0681179057569702e-104
ANXA3,2000.1411,-0.08620195445283967,0.03847720247722854,-2.240338405679452,0.02506896172045503,0.028168165553658808
ANXA4,8169.2256,0.05663670919399858,0.02753424163479894,2.056955479115819,0.039690508588382564,0.04421421888547169
ANXA5,15860.215,0.3471917927819877,0.01845209934253233,18.815842378525794,5.601109445453196e-79,1.5155899415202234e-78
ANXA6,7971.24,0.596986554525092,0.02159990462356073,27.63838845260045,3.8487006635697323e-168,2.0320460790875563e-167
ANXA7,5978.888,0.059440905194933606,0.011395831173985927,5.216021919544016,1.828065526980143e-07,2.3618216819259252e-07
ANXA8L1,3.0096803,-1.6549131335237575,0.13822090490876485,-11.97295832071214,4.9241044716338696e-33,8.927762306349092e-33
ANXA8L2,952.6904,-1.5734263053965338,0.06685942233829253,-23.533351775541473,1.85902264772248e-122,7.032300647525449e-122
ANXA8,2550.8928,-1.7925750379950143,0.06857742930088613,-26.13943182573995,1.2996841900825362e-150,6.031518218803364e-150
ANXA9,578.8724,-0.18633517184267276,0.03819428015734922,-4.878614574617627,1.0683359803039642e-06,1.360155851604553e-06
AOAH,460.40875,-0.19873951655578145,0.03337622972477966,-5.954522670612805,2.6083197255614243e-09,3.4807801057095593e-09
AOC2,59.64369,-0.228511166142764,0.028209939584208844,-8.100377721853695,5.478880829207705e-16,8.144909441536302e-16
AOC3,2308.6775,1.9206887986659578,0.03510173205327133,54.71777847745716,0.0,0.0
AOX1,3313.981,0.9419042018441942,0.058209166646403736,16.181372387030844,6.8255905563735135e-59,1.5634810771513093e-58
AOX2P,2.6151395,-3.385128693493071,0.14170473992692875,-23.88860595092755,4.023036193605697e-126,1.565163268977993e-125
AP1AR,1071.4164,0.015470547157197105,0.013753967851930166,1.1248061158603073,0.26067120227637985,0.2765793728968531
AP1B1,7530.1797,-0.15687819414674253,0.011457278606683736,-13.692448227210415,1.1264874911058642e-42,2.2394452525558332e-42
AP1G1,4736.433,0.13606200587056985,0.010727252808685906,12.68376986141315,7.274701586706834e-37,1.3727467754543e-36
AP1G2,2908.347,-0.8603956003191697,0.017943433932133317,-47.95044268412653,0.0,0.0
AP1M1,3020.732,0.0895025584175869,0.013774686510519007,6.497611277704106,8.160532888310399e-11,1.1168344250679713e-10
AP1M2,3183.0808,-0.7052965499099261,0.04584388757149818,-15.384745650332224,2.0718906140529306e-53,4.523498231796635e-53
AP1S1,2671.4504,-0.3912735901358652,0.014868881437994273,-26.314931070473705,1.294039529231937e-152,6.098460827692826e-152
AP1S2,1415.7246,0.4975123036822941,0.02917712747726853,17.051449086956847,3.409740687830008e-65,8.229864927508138e-65
AP1S3,642.0768,-0.14512857443218868,0.026116568897732496,-5.5569540930313055,2.7452292357075028e-08,3.595838770492765e-08
AP2A1,5421.5576,-0.06676170448945944,0.011045727615413125,-6.044120117202661,1.502275635413079e-09,2.012821958629475e-09
AP2A2,4121.934,0.12693840660085165,0.011173242824343938,11.360927941553541,6.544574795255161e-30,1.1489264314615834e-29
AP2B1,13248.069,0.3585136964091478,0.013767038309098643,26.04145411378756,1.6812918877141453e-149,7.7459654994279895e-149
AP2M1,18062.736,-0.15042580218861135,0.012512316898460473,-12.022218059959771,2.7158193988942018e-33,4.938492956599415e-33
AP2S1,3896.6226,-0.576191437386875,0.01503919785229892,-38.31264426771254,0.0,0.0
AP3B1,2644.6934,0.1260257389889998,0.01015419422230538,12.411200360158883,2.2722047578556747e-35,4.225412556191421e-35
AP3B2,339.39798,0.9198807436073011,0.048992957318721705,18.775775008294644,1.191958847896559e-78,3.217593500971366e-78
AP3D1,8298.857,-0.09538348052418322,0.009520212692708632,-10.019049322000527,1.2570624531593848e-23,2.0546350741708344e-23
AP3M1,2737.436,0.09482909610609655,0.010504809303376965,9.02720776431534,1.7610785026464954e-19,2.7400685697653803e-19
AP3M2,1303.3868,0.17970947299155104,0.016730849595965953,10.741204262267804,6.518844821940586e-27,1.1083778330540201e-26
AP3S1,2212.7754,-0.006449839386676169,0.012499605419326019,-0.5160034393328831,0.6058520070854925,0.621758631805559
AP3S2,3308.5437,0.21226449693916588,0.010628662066896336,19.970951715576465,9.855751116769383e-89,2.8677038300172624e-88
AP4B1,817.81555,-0.2584475754548581,0.011858992175006102,-21.793384432747978,2.6808661406290545e-105,8.88053266467083e-105
AP4E1,677.2057,0.11958262375586756,0.013134083439638103,9.104755905156832,8.646063847472071e-20,1.3491623658364675e-19
AP4M1,905.7198,-0.20224844120854835,0.011688831079952361,-17.302708870130463,4.487819427269531e-67,1.1022742878487198e-66
AP4S1,185.26721,0.3978053796423729,0.015385791019247842,25.8553739060093,2.1170605809112016e-147,9.599384491485781e-147
APAF1,1157.3682,0.007218287580695531,0.0156127258294122,0.4623335898909647,0.64384211520634,0.6587256456850031
APBA1,550.2455,0.885439625142313,0.02953348051149318,29.980876273547825,1.7425189344578172e-197,1.1345040929525647e-196
APBA2,991.2364,1.23793786983537,0.03869986300496496,31.98817188775449,1.5925842371685952e-224,1.2835875884606266e-223
APBA3,690.1421,-0.19868558498921443,0.011983723986130786,-16.579619592303754,9.784621324753465e-62,2.294461017630221e-61
APBB1IP,1087.0533,0.04457012472506359,0.0343952846988749,1.2958207822748888,0.1950372363856061,0.20886660857264505
APBB1,1867.4799,1.241308462909742,0.02841171096599094,43.69002853772513,0.0,0.0
APBB2,2611.416,0.9353514401945637,0.020403905579942268,45.84178438436051,0.0,0.0
APBB3,752.3284,-0.01674895512009266,0.01930413242983321,-0.867635734523262,0.38559377747313384,0.40317927767323364
APC2,1313.7146,3.060575842824838,0.05888399793708767,51.9763594532897,0.0,0.0
APCDD1L,159.03477,1.0014292701235932,0.05305427010961561,18.875563984850544,1.8117942386373954e-79,4.918175853922498e-79
APCDD1,2577.5188,-0.06013349040102141,0.03681192723929283,-1.6335327952304348,0.10235698911953728,0.11169458870582942
APCS,1633.9022,-0.5314967525203911,0.22851647624965063,-2.3258574665738294,0.020026155735206504,0.02258294586313666
APC,1989.6553,1.036363675622649,0.019102185053409364,54.25367164672497,0.0,0.0
APEH,5061.153,-0.2789168935986679,0.013056435087305099,-21.362408018239336,2.989938193603443e-101,9.547075232680756e-101
APEX1,7103.3916,-0.09791611866430686,0.010396566022568283,-9.418121180758726,4.592314905919455e-21,7.274738497480096e-21
APEX2,1670.362,-0.5311915806186296,0.011804377934868967,-44.99954030186903,0.0,0.0
APH1A,10451.564,-0.13051537888577947,0.010704227387331525,-12.192881761858375,3.3921017674433063e-34,6.233959187883939e-34
APH1B,1011.5179,0.6163880434106672,0.020215239552088725,30.491255956795197,3.4031791359525614e-204,2.3470638221157926e-203
API5,4735.3223,0.07387410948317429,0.009390447496080537,7.866942391617489,3.63413886896895e-15,5.335503947020902e-15
APIP,858.95087,0.03915555853925301,0.013664256611950915,2.8655461948077816,0.004162905309685061,0.004819321573972374
APITD1,583.52747,-0.11432052356545853,0.0136818929948931,-8.355607196177443,6.509698869399964e-17,9.7982374155045e-17
APLF,139.2525,-0.034376396727800046,0.017360058489825244,-1.980200513030996,0.04768100225099054,0.05294450639912279
APLNR,1729.0846,1.623747926754191,0.032820035000614284,49.474289918453756,0.0,0.0
APLN,1005.047,1.519894277817626,0.035987152031297764,42.2343584314698,0.0,0.0
APLP1,2347.134,0.7980978842707176,0.054029246023078854,14.771590259279323,2.2337939349223886e-49,4.715658515251442e-49
APLP2,37585.582,0.44691656112561967,0.018914738791242423,23.62795310356299,1.9894882098546206e-123,7.575087051511168e-123
APOA1BP,4838.9854,-0.42019976513469753,0.01440877438672096,-29.16276942485484,5.754576836081327e-187,3.4733895584280977e-186
APOA1,13394.966,-0.5132407922126272,0.08871224938736713,-5.785455737589651,7.231600118615594e-09,9.572078981528827e-09
APOA2,21268.08,-0.7891757310554713,0.17134407699011395,-4.605795221628843,4.108925901879341e-06,5.1634851204469784e-06
APOA4,194.51224,-0.7512518671424119,0.1737298244919024,-4.324253877188645,1.5304896455855896e-05,1.900648938299196e-05
APOA5,413.82095,-0.16979197387394715,0.12780069199998204,-1.3285685016006878,0.1839903696868922,0.1973998701757714
APOB48R,790.26,-0.6503853264138353,0.027771908260239144,-23.41882020923235,2.748567343412552e-121,1.0282631853093743e-120
APOBEC1,26.651905,-2.3376340140250838,0.13211470157703403,-17.69397338919201,4.666572771573228e-70,1.1729229019315967e-69
APOBEC2,47.050194,-0.8675808054415332,0.05202594467580732,-16.675926037436636,1.9614803147655265e-62,4.634839569209767e-62
APOBEC3A,275.45184,-2.4364086915972183,0.045412712803066316,-53.65036663109695,0.0,0.0
APOBEC3B,564.31433,-1.034506523409605,0.033414459732675254,-30.959845877681037,1.8725818444972758e-210,1.3586562285146128e-209
APOBEC3C,841.3333,-0.23970987721661902,0.0248163365310217,-9.659357936130876,4.486670770118556e-22,7.198119007789101e-22
APOBEC3D,243.28125,-0.5532767683462503,0.02579860379102655,-21.445996567407065,4.976880123978625e-102,1.60145886587768e-101
APOBEC3F,490.86984,-0.38314343331296946,0.0210559335865568,-18.19645905216894,5.5053471497466165e-74,1.43036450512623e-73
APOBEC3G,805.2728,-0.30471640356472685,0.02589171033287045,-11.76887890553443,5.646995493937466e-32,1.0134624582252545e-31
APOBEC3H,31.395159,-0.5617955151328475,0.0319701497323533,-17.57250184425377,4.0013093195268204e-69,9.990514647565186e-69
APOBEC4,16.188974,-1.4246511529525645,0.08440726714507168,-16.878299714454695,6.498979828571898e-64,1.552784066774971e-63
APOB,11929.061,0.15290935281178517,0.09414334581084514,1.6242183820300369,0.1043292090744621,0.11376745407321767
APOC1P1,41.493782,-0.5626141249710642,0.09061015221769382,-6.209173157764547,5.326410676496736e-10,7.198167604566681e-10
APOC1,14219.697,-0.31221404078930814,0.05152806599493506,-6.059106523035371,1.3687972665183096e-09,1.8362772502007292e-09
APOC2,6890.733,-0.48433278647391015,0.0636204381304622,-7.612848963421489,2.681190467575224e-14,3.8840441674515427e-14
APOC3,7072.479,-0.6315745738732069,0.2026012779560763,-3.1173276903521385,0.0018249859513676072,0.0021397655484849754
APOC4,420.6259,-0.45860278129725124,0.09696208860829411,-4.729712281156684,2.248382498048959e-06,2.840862612659266e-06
APOD,8303.109,0.5278036363033349,0.05272475361318515,10.010547231297908,1.3699265796151938e-23,2.237850857288432e-23
APOE,46842.426,0.09712061553535005,0.0438145595575938,2.216628821925871,0.026648466355888537,0.029909924832655314
APOF,139.83182,-0.39823625611966773,0.10143684948990982,-3.9259525322627584,8.638719177747195e-05,0.00010536525505616772
APOH,8855.402,-0.3713696120705217,0.1358087344793661,-2.734504621475176,0.006247421837089579,0.007183511870626157
APOL1,8989.248,-0.766078410720415,0.03182262372203577,-24.073389341242137,4.750444290635306e-128,1.8761260002530394e-127
APOL2,2829.1387,-0.20496081721191522,0.018852151206137688,-10.872012163003774,1.5670608964314344e-27,2.6794148644030883e-27
APOL3,1598.8717,0.1254557324346153,0.025953895493627897,4.833792001105064,1.3395655049105156e-06,1.7006868367718376e-06
APOL4,869.5485,-0.22758736794266776,0.03293594713126064,-6.909999188292866,4.846564774040861e-12,6.777799988645274e-12
APOL5,2.4404378,0.9510633692113964,0.07520161400893459,12.646847833590408,1.1645404361995823e-36,2.1928300721963832e-36
APOL6,4232.3057,0.032578057522072434,0.022052869752665235,1.4772706630680192,0.1396030986641191,0.15104317828042732
APOLD1,2441.3372,1.651009869696083,0.029559613010344446,55.85356848610666,0.0,0.0
APOM,908.8237,0.13242896269843296,0.050668903815303826,2.6136141247728086,0.00895901571559319,0.010249879233141992
APOOL,364.4712,0.42538868503289406,0.019605834646376902,21.697045430886796,2.18776167597489e-104,7.183974187285934e-104
APOO,714.54333,-0.19421014120274058,0.015559745414938642,-12.481575759991728,9.410561558066292e-36,1.757058169118412e-35
APPBP2,2185.1177,0.4810538262584772,0.012393767179894806,38.814173227236644,0.0,0.0
APPL1,2663.3987,0.3435651835860784,0.012531981905241943,27.41507178863466,1.8134830867972384e-165,9.389802178053147e-165
APPL2,2188.7183,0.3059646366299452,0.014919144340004875,20.508189320852516,1.8194235757192256e-93,5.478722759660955e-93
APP,47778.008,0.523760011584845,0.017964042133460416,29.15602221892323,7.007428547938645e-187,4.225836427946768e-186
APRT,4487.7935,-0.7488452042057075,0.015421450646589082,-48.55867462581007,0.0,0.0
APTX,1221.4264,-0.323279112946382,0.010733862447861656,-30.11768732053986,2.8430725295566014e-199,1.881733212914267e-198
AQP10,9.349443,-0.9824972394758918,0.06579761382992796,-14.932110486794038,2.0371500572570472e-50,4.336958905750938e-50
AQP11,151.39091,0.064221952429586,0.03096303253669486,2.074149305416883,0.03806544666234244,0.042441096856441936
AQP12A,6.0500903,-4.325189168406621,0.1355859606740683,-31.89997804274024,2.6719250534047487e-223,2.130737256649717e-222
AQP12B,18.041431,-2.2992118633357013,0.0861188368578559,-26.698129552430938,4.948160487588654e-157,2.4008484119832554e-156
AQP1,15968.575,1.113710275513453,0.036932559370090705,30.155242271549017,9.156404171541729e-200,6.090010863391639e-199
AQP2,1041.6941,5.896209934255774,0.09552542710489417,61.723984000419996,0.0,0.0
AQP3,9235.1455,-1.444719446942414,0.04797272275382129,-30.115435689489487,3.0427792626891446e-199,2.0126037364875987e-198
AQP4,4576.4985,3.5630248654796293,0.07817454695940906,45.57781278003025,0.0,0.0
AQP5,1113.3741,-1.4758356287707926,0.0659185571233217,-22.388773255606477,5.0633344797125155e-111,1.755226062871907e-110
AQP6,115.8014,1.6171496679734527,0.05456117331031151,29.639202565825826,4.672686737160906e-193,2.9370555505359335e-192
AQP7P1,53.623672,1.0062508596787172,0.05384230243068688,18.68885270970906,6.101093304248321e-78,1.6354464592651951e-77
AQP7P3,8.2689905,0.2534953288124911,0.06685087153621247,3.791952490479875,0.00014946751260199278,0.0001811962063274962
AQP7,157.68875,1.5643844562921299,0.051727765117737946,30.242645371038606,6.518663776721015e-201,4.388673142535157e-200
AQP8,55.560844,-2.0506787923225973,0.07206360415108973,-28.456511667430775,4.0479837639950156e-178,2.2873411449118658e-177
AQP9,1234.7083,0.3864113400640735,0.05579170384234584,6.925964138969132,4.330161535087752e-12,6.058952487481205e-12
AQPEP,20.997055,1.459444486248592,0.04303224130457841,33.915139950967756,3.985106787883946e-252,3.925147029246698e-251
AQR,1981.4926,0.04786619508447954,0.012089890056868148,3.9591919247675236,7.52037850060132e-05,9.187361889813518e-05
ARAF,3147.9888,-0.149260902547485,0.011431779892034033,-13.056663437991308,5.822421936823025e-39,1.1209332218608036e-38
ARAP1,5904.007,-0.0008254752964105901,0.013442952301743484,-0.0614058041627902,0.9510360300315502,0.9529027862880866
ARAP2,1221.2909,0.4134762859266156,0.024879072134323683,16.619441581029673,5.039988002594355e-62,1.1858212844657169e-61
ARAP3,1077.6218,0.29880804313922094,0.0221903633800142,13.465666966424854,2.490590519799789e-41,4.891562067586716e-41
ARCN1,8480.452,0.1411234274457876,0.010045211430880744,14.048825992049245,7.832166089200677e-45,1.5907329350562307e-44
ARC,559.8035,0.8523045192957812,0.05383453884476652,15.831927561475476,1.8739143331229468e-56,4.1984177295091975e-56
AREG,925.81226,-0.8677925981372129,0.051684087861688835,-16.790324334628913,2.872707133933775e-63,6.838803150111988e-63
ARF1,25799.336,-0.30904763716377626,0.009597771881976237,-32.19993566883375,1.7685669847113675e-227,1.4542106317341974e-226
ARF3,12323.384,0.07356964242612511,0.010273546852268362,7.161075282377401,8.004667265321484e-13,1.1332894357070939e-12
ARF4,9520.599,0.07913051444919648,0.012417636365246908,6.372429673545452,1.8605674483082285e-10,2.5320382807558304e-10
ARF5,6969.6875,-0.46334102285164247,0.012560645865795327,-36.888311938910334,7.114672580473138e-298,9.662949904326392e-297
ARF6,7034.892,-0.2042776307260943,0.012811391882632934,-15.944998997572789,3.086451024281885e-57,6.966414235405199e-57
ARFGAP1,4352.251,-0.3426182101516981,0.014007757750743175,-24.459175854431134,4.019385930101328e-132,1.634325507308427e-131
ARFGAP2,4466.902,-0.05017072612762707,0.009444354674597559,-5.312245024275831,1.0828287385420543e-07,1.4041598909539927e-07
ARFGAP3,3052.2815,0.11197074865429273,0.015379527420249641,7.280506454760442,3.3256927232525616e-13,4.729848281711414e-13
ARFGEF1,3933.376,-0.048692184591765234,0.01562823220696672,-3.11565530553477,0.0018353667307029376,0.002151689005549989
ARFGEF2,3919.32,0.12655507247211345,0.016005832740674016,7.906809631373427,2.6406896936656027e-15,3.884242574477134e-15
ARFIP1,1890.6965,0.06517065280397583,0.011645667820308129,5.596128432439824,2.1919135274400862e-08,2.874592083557892e-08
ARFIP2,2788.669,-0.1932270298807586,0.013488124221383008,-14.32571547453809,1.5116323497748833e-46,3.1130207373120423e-46
ARFRP1,1924.6819,-0.30996042541906843,0.014175924974583571,-21.865269883609393,5.563540050098712e-106,1.8538152517178345e-105
ARG1,693.5337,-0.9100751104765402,0.09856931359112939,-9.232844151188663,2.635393744608419e-20,4.141245851071535e-20
ARG2,1468.3157,0.5373111863941379,0.032537998735376286,16.513344620975634,2.9412100621227633e-61,6.870134884666973e-61
ARGFXP2,5.5662904,-1.202938367695981,0.047744094938000664,-25.195542386091685,4.482618701165649e-140,1.9184703413292296e-139
ARGFX,1.2332978,-1.2890607624470736,0.11688956238851013,-11.028022828613004,2.7995199661714443e-28,4.8207246038471145e-28
ARGLU1,3895.4783,-0.028238931495896322,0.01732237051231851,-1.630200178192395,0.10305919628875054,0.11241867644892158
ARHGAP10,757.52295,0.49881415305822696,0.020978591970863793,23.77729419357634,5.737327769680017e-125,2.2118207927081133e-124
ARHGAP11A,1004.3149,-0.6171794153245601,0.02670622045981244,-23.10994984308216,3.677494810293752e-118,1.345374965728131e-117
ARHGAP11B,76.2129,-0.7935230517709074,0.03226102210231375,-24.596959428448994,1.361450300659637e-133,5.590513648876473e-133
ARHGAP12,1782.9252,0.3986057283601232,0.015848470838214293,25.15105289521015,1.3762071934280445e-139,5.867686335288284e-139
ARHGAP15,263.83655,-0.3745121285080161,0.03217873604967993,-11.638497171853373,2.6260189368973094e-31,4.6839950531183036e-31
ARHGAP17,2550.112,-0.009082020649114302,0.010898582658397389,-0.8333212614684882,0.4046635683656381,0.4224245289625199
ARHGAP18,1653.0948,0.4943321767432746,0.021441670807614527,23.05474145082592,1.3183339357523408e-117,4.8005653010162596e-117
ARHGAP19,868.20544,0.2785422627882721,0.016317136580396154,17.070535716598723,2.4593282148089774e-65,5.940142736421399e-65
ARHGAP1,7281.058,0.16479865615075676,0.011587527319938697,14.222072716686256,6.684338724668611e-46,1.3694923225875843e-45
ARHGAP20,202.20013,1.4931371880545181,0.03411737485746997,43.76471502547615,0.0,0.0
ARHGAP21,3832.8816,0.650956904548656,0.017340992992998138,37.53861758732595,2.1607027288277216e-308,3.1715751158041515e-307
ARHGAP22,303.89645,0.4634658404935326,0.02801094579165993,16.54588331078512,1.71431698881701e-61,4.012159969574147e-61
ARHGAP23,3149.9714,-0.08588833053615717,0.02770394817455366,-3.100219867399493,0.0019337703818789187,0.002265617264468718
ARHGAP24,971.87036,1.1330953756657816,0.02991865620589146,37.872535713775044,0.0,0.0
ARHGAP25,768.272,-0.042215687986326064,0.025456557215834286,-1.6583423920367126,0.09724837711887155,0.10626232877646553
ARHGAP26,1627.1333,-0.016280928215321205,0.02283037660592135,-0.7131256963627371,0.4757679799219787,0.49303472988046243
ARHGAP27,1983.4446,-0.7508197063195106,0.02037896364687064,-36.84287971311069,3.802621742133132e-297,5.137198145194985e-296
ARHGAP28,389.45322,0.9138096918898148,0.0331702614213642,27.549065118348782,4.540979932679223e-167,2.3759910164332127e-166
ARHGAP29,2749.9246,1.024540553258562,0.02839527888849442,36.081369627741154,4.445088280147376e-285,5.47143605172433e-284
ARHGAP30,1410.8914,-0.3117513156300807,0.027157052326804865,-11.479571194933122,1.6710722053995054e-30,2.954012245352829e-30
ARHGAP31,1740.1947,1.3758555901784022,0.023568817384466426,58.376097864171655,0.0,0.0
ARHGAP32,2710.3408,-0.07258328042919343,0.022496387020268085,-3.226441666557374,0.0012533977840447916,0.001477843602557938
ARHGAP33,742.115,0.470707202336243,0.027293898412572185,17.245876540649274,1.201761553528142e-66,2.936117060875968e-66
ARHGAP36,533.52734,0.519587247881042,0.10292666793929364,5.048130463015626,4.4615444740100397e-07,5.718495589673281e-07
ARHGAP39,896.5551,-0.16273654397702444,0.022702120286062763,-7.168341191326139,7.591192322262608e-13,1.0751988624526537e-12
ARHGAP42,498.81735,0.962100189412934,0.0252355409178889,38.124809471824044,0.0,0.0
ARHGAP4,2002.7816,-0.7790682624955462,0.025931305802518956,-30.043541518062227,2.6514615921432983e-198,1.7402033060749648e-197
ARHGAP5,4310.5156,0.5376146258463476,0.015333408704078042,35.06165107979967,2.5908620547621507e-269,2.888683492491929e-268
ARHGAP6,595.3578,1.0440913751256518,0.03862444050552143,27.031883477416248,6.2380370328269e-161,3.120397934921937e-160
ARHGAP8,705.8411,-0.8032331678937933,0.034939773311332405,-22.98907782648011,5.994919484934406e-117,2.170559590855052e-116
ARHGAP9,540.8634,-0.6229974637937611,0.029705639195054943,-20.97236352003732,1.1729014343583448e-97,3.6495644661625463e-97
ARHGDIA,16852.361,-0.38382647664067093,0.012025955853788657,-31.916504709249388,1.5760873440395931e-223,1.2588294326128707e-222
ARHGDIB,7616.601,-0.13326895301061623,0.024242991508136445,-5.4972156784317825,3.8583469241367494e-08,5.0379736421562395e-08
ARHGDIG,105.921036,1.1765655957677565,0.0709965622759979,16.57214882030313,1.1079472045678765e-61,2.5960061155250776e-61
ARHGEF10L,2616.8135,0.17992046273800671,0.02079657754880456,8.651445763889598,5.0851057545096134e-18,7.765351639368529e-18
ARHGEF10,1325.7743,0.7831059442251485,0.020240279458787976,38.69047094036725,0.0,0.0
ARHGEF11,3387.0493,0.041172312065641,0.014599448965065213,2.8201278119579425,0.004800452491880385,0.005542585622536877
ARHGEF12,8524.398,0.6165517856765168,0.01583823548163755,38.92806028748161,0.0,0.0
ARHGEF15,564.0692,1.101613762074463,0.025752922754001095,42.77626165376942,0.0,0.0
ARHGEF16,1270.4902,-0.825379451820069,0.032180846261795036,-25.64815869369961,4.432832365367869e-145,1.9687616519747917e-144
ARHGEF17,3188.439,0.9915568914999761,0.020359212225149692,48.70310700308472,0.0,0.0
ARHGEF18,2986.9001,-0.18382127579964727,0.012496051482547729,-14.710348789485725,5.532153837312788e-49,1.164125271047556e-48
ARHGEF19,1075.1279,-0.8420699523359396,0.02806778665775006,-30.001295171717,9.439023865552597e-198,6.169152066734681e-197
ARHGEF1,4487.412,-0.45492507755662215,0.014901317943123616,-30.5291840153342,1.068521754261826e-204,7.391788785258755e-204
ARHGEF2,4325.591,0.3170863544249169,0.018637011715335414,17.01379809532465,6.489120154195307e-65,1.5629007124010678e-64
ARHGEF33,36.02866,-0.09467950133612932,0.030646485175041822,-3.0894081587286006,0.0020055570300384845,0.0023482364604643148
ARHGEF35,1156.3997,-0.33974845952221344,0.02918973621373638,-11.639312429357666,2.6010396610314897e-31,4.6402529319085265e-31
ARHGEF37,1145.0674,0.43928614575925834,0.030367161477052863,14.465828361706038,1.99192352775407e-47,4.1305328072463954e-47
ARHGEF38,48.896103,-0.05185091991380925,0.06015262752115855,-0.8619892771196206,0.38869341853299466,0.40631594310501323
ARHGEF3,1854.2037,0.17121938596891348,0.01833032224738424,9.34077337311114,9.563299928840417e-21,1.511170624427678e-20
ARHGEF4,1194.3324,0.5008590475919172,0.04417124141922332,11.339030362274206,8.407077854010211e-30,1.4733554104312118e-29
ARHGEF5,1298.117,-0.6988189675623309,0.027954017279012276,-24.9988744224967,6.288142336027546e-138,2.6532702553198925e-137
ARHGEF6,1871.7926,1.0818430158004062,0.03036528981917764,35.62762029418052,5.234614095367008e-278,6.153089397666103e-277
ARHGEF7,2989.433,0.40688801983992184,0.012882784470958284,31.583856794093794,6.151481351514698e-219,4.75828301046686e-218
ARHGEF9,1388.4067,0.8035807939162916,0.019955693432191675,40.2682470868183,0.0,0.0
ARID1A,5832.669,0.06343091988543469,0.013709345398990715,4.626837973613568,3.712907529381664e-06,4.668421713851365e-06
ARID1B,3623.2585,0.15038588982881582,0.013106214810210242,11.474395316003784,1.7741355908509922e-30,3.135112099135088e-30
ARID2,1705.4125,0.0926355106422995,0.014097004261238399,6.571290532770374,4.9881021614206997e-11,6.847793115601081e-11
ARID3A,353.9151,-0.6518222835399673,0.026475891904064682,-24.619464602055466,7.817868875716618e-134,3.215434190721508e-133
ARID3B,421.83032,-0.46866966219108386,0.019938811691220346,-23.505395880610735,3.5921122806156597e-122,1.3560506938819622e-121
ARID3C,5.102729,0.2728639289590885,0.056563884883838934,4.823995549800884,1.4071055788463032e-06,1.7855436599184672e-06
ARID4A,1112.127,0.5302214196085775,0.015311356800790646,34.6292903043836,9.158501569472455e-263,9.681097271697285e-262
ARID4B,2326.2185,0.2207537854567836,0.013641920662736621,16.182016514711172,6.754549520397328e-59,1.5475565348387262e-58
ARID5A,1474.5842,0.14663199060746548,0.019399165300311542,7.558675249038197,4.071951227600248e-14,5.884083685337032e-14
ARID5B,3323.0408,0.5295071217763804,0.020022954663112307,26.44500428060578,4.164912030282187e-154,1.9820814404982478e-153
ARIH1,3181.4417,0.12721447683925266,0.009572871525407953,13.28906133354081,2.6791806753400008e-40,5.219659269784409e-40
ARIH2,3038.8225,0.10029079695807058,0.009019022235237576,11.119919026946357,1.0036303960494023e-28,1.7369016689195666e-28
ARL10,93.91463,1.0646302519079949,0.02699979058617235,39.43105590060516,0.0,0.0
ARL11,162.9748,-0.5350743607818375,0.02833979627566228,-18.88067068574342,1.644841021170331e-79,4.4667624849949e-79
ARL13A,1.9138933,-0.6732501215606828,0.04491617072721641,-14.989036479744588,8.660042122714047e-51,1.8481110857058207e-50
ARL13B,577.5333,0.5514055469626937,0.016844498734436938,32.735052295465394,4.955527583183073e-235,4.313364090039512e-234
ARL14,168.83545,-1.1183710988419042,0.07208933752824026,-15.51368256649319,2.8032941555775584e-54,6.169307719533403e-54
ARL15,608.88074,0.6307365945336736,0.018353862275687558,34.36533330476053,8.31272841061502e-259,8.590803944756914e-258
ARL16,1207.8593,-0.1925121612576033,0.014025745183584027,-13.725628031722895,7.1308545016203295e-43,1.419963485900707e-42
ARL17A,241.15215,-0.5985747918075414,0.020782061939430465,-28.80247366946041,1.9972829723340812e-182,1.165787959683187e-181
ARL17B,7.903765,-0.5969849973621713,0.034127129413144934,-17.492974288433043,1.6207342060511938e-68,4.0259306614197475e-68
ARL1,4558.058,0.14649352203524574,0.012562578517643412,11.661102999635313,2.014161057418425e-31,3.5979911352094164e-31
ARL2BP,3180.021,0.27321457228521107,0.01201024858488527,22.74845273636116,1.4865202989789292e-114,5.279844167291002e-114
ARL2,3171.1406,-0.15169378869189817,0.016500057376415054,-9.193530981821137,3.801532138347544e-20,5.959451205406764e-20
ARL3,1519.3439,0.4290798366569758,0.016304878486830408,26.316040135076587,1.2567652349574476e-152,5.9241684228985125e-152
ARL4A,1083.0078,0.08820732010909747,0.019878997502681302,4.437211690237397,9.113166099289234e-06,1.136786646746091e-05
ARL4C,3211.9727,0.17949659261711304,0.026844825120393056,6.686450435497749,2.2864853732592803e-11,3.156611901687508e-11
ARL4D,1090.9993,-0.21017103347990895,0.03367011753732606,-6.242064146254236,4.3183377409248305e-10,5.843216673367581e-10
ARL5A,2032.2732,0.2448663084984821,0.012152616985057348,20.149265693106724,2.7313529546007026e-90,8.04391939862805e-90
ARL5B,635.7567,0.027523870859172867,0.02110324253282317,1.3042484261062395,0.192148893509427,0.20588176006307166
ARL5C,3.3268518,-1.750830109254974,0.07923231151433045,-22.097425605692546,3.3460843830653587e-108,1.1333044743774354e-107
ARL6IP1,13265.613,0.02361263525287152,0.013014706946867736,1.8143040292239847,0.06963093159086266,0.07660305502314778
ARL6IP4,6126.7656,-0.40488546161665145,0.014908155454443264,-27.158655734031694,2.0010180342993992e-162,1.0121422648522103e-161
ARL6IP5,7132.362,0.2858390005700889,0.014609002788983156,19.56594879875332,3.0173510088667123e-85,8.548601334472223e-85
ARL6IP6,887.02405,-0.0019664821861036623,0.016159454101031614,-0.12169236496535628,0.9031426601712068,0.9075558449370976
ARL6,160.84517,0.3708985617518145,0.017605374812062268,21.067348222412996,1.585662478782945e-98,4.966538831621843e-98
ARL8A,3031.1233,0.1637706188264574,0.012065400076366195,13.57357549603785,5.744976720006986e-42,1.1342317789237998e-41
ARL8B,4789.78,0.13387428821908465,0.010945250002752616,12.23126819263303,2.1160882848164556e-34,3.895952377516569e-34
ARL9,26.803627,-0.3736470617436166,0.03844429467969954,-9.71918108673016,2.497822034007844e-22,4.0203303652751762e-22
ARMC10,1654.959,-0.14317631342013667,0.010664045747016218,-13.42607832118473,4.2534750799747097e-41,8.341826332068695e-41
ARMC1,1564.1622,0.11420210683688865,0.013082763087833354,8.729203920469505,2.564714334886309e-18,3.930965831811365e-18
ARMC2,105.718124,0.0033401653266726425,0.018867577445150246,0.17703201888969608,0.859483239340558,0.8672359255456421
ARMC3,103.71674,-0.9131307629799441,0.06845205993131383,-13.339711966246128,1.3598392181493115e-40,2.6558870531755406e-40
ARMC4,61.091637,0.3918570555074417,0.0515886334185311,7.595802205659573,3.0589145989563744e-14,4.426815632652319e-14
ARMC5,1011.411,-0.22723636379921106,0.015055034569528603,-15.093712521865447,1.781309921796709e-51,3.824687692244168e-51
ARMC6,1883.5382,-0.2796024941126575,0.012860868066206814,-21.740561575881514,8.485427120862498e-105,2.7981018910534433e-104
ARMC7,897.8894,-0.22705001393788016,0.0120394682860166,-18.85880742769931,2.4876784670415582e-79,6.746589304715476e-79
ARMC8,1508.7343,0.1735516829768343,0.010067092544433191,17.239504078345174,1.341829478240169e-66,3.2771480743152106e-66
ARMC9,666.86957,0.13183914400858018,0.021536836065219597,6.121565099410804,9.266064643202233e-10,1.2470109073965776e-09
ARMCX1,940.2497,0.8662609476684364,0.026329909781987397,32.90026266102346,2.1789252222582605e-237,1.928727765215475e-236
ARMCX2,1907.0779,0.7049993784814929,0.028572250675197006,24.674268278539518,2.020725903742712e-134,8.339744308594745e-134
ARMCX3,3826.4766,0.8167907454891902,0.021317264191375092,38.31592732334112,0.0,0.0
ARMCX5,672.0022,0.06387918312469842,0.012084170656846634,5.286186775962638,1.2489237779315355e-07,1.6172776488301824e-07
ARMCX6,544.05963,-0.03496116769286225,0.01915254895885913,-1.8254054730762477,0.06793986400366364,0.07479115882181184
ARMS2,1.4116521,0.04073181211599584,0.04946427510193198,0.8234591941771918,0.41024691304702743,0.42796766257042584
ARNT2,2780.0854,1.4060447882531337,0.03764277940218641,37.35231060465918,2.3256463908927235e-305,3.358002473204607e-304
ARNTL2,437.46027,-0.9774515530162572,0.038132429498609136,-25.633078350067084,6.52926542859402e-145,2.8954326913688875e-144
ARNTL,654.101,0.7224236178781525,0.021768136575089803,33.18720531663938,1.6468220221887456e-241,1.501462138367249e-240
ARNT,2704.168,0.21436462296476638,0.011304683008683163,18.962462087624417,3.484444184837237e-80,9.504260337500173e-80
ARPC1A,6503.1704,-0.3127495037774673,0.01165422206116968,-26.835725468069388,1.2379475442306183e-158,6.074565932270705e-158
ARPC1B,9510.085,-0.547466879850879,0.020201410046228267,-27.100429059064354,9.732390693888771e-162,4.897225460624851e-161
ARPC2,11036.417,-0.2687296320550444,0.012382264382283006,-21.702785836131277,1.9310216629089012e-104,6.342960638135256e-104
ARPC3,8684.781,-0.4072596808561076,0.011360080551541751,-35.8500698131789,1.8344503405891176e-281,2.2073034565043644e-280
ARPC4,7828.56,-0.21870688406958963,0.010555323561669019,-20.720054936431286,2.2842466533067078e-95,6.973305985105903e-95
ARPC5L,2155.8933,-0.5407570929790764,0.012396359102300632,-43.62225138175593,0.0,0.0
ARPC5,8597.899,-0.12124975814388966,0.012576761239037174,-9.64077760874882,5.377902813031873e-22,8.617766499056743e-22
ARPM1,103.064224,-0.06927710633356703,0.021631075917995554,-3.202665766427886,0.0013616191070112106,0.0016031230279690745
ARPP19,7734.1196,0.4075159068779745,0.012105824800003096,33.66279568806169,2.026137292596472e-248,1.947598165248894e-247
ARPP21,193.28207,1.3621198728368733,0.09232050718323238,14.754250322015853,2.888835814339014e-49,6.094063656007459e-49
ARR3,0.5777766,-0.6323198511385411,0.06835228932272064,-9.250894994212796,2.2262068421251595e-20,3.502306243630795e-20
ARRB1,1092.3363,0.1629049867819206,0.024106612684527205,6.757688809862572,1.402102669068985e-11,1.943186401604865e-11
ARRB2,2040.715,0.02967358708228573,0.01710330853388034,1.7349618071558865,0.08274757031304761,0.09067537456285787
ARRDC1,2442.3096,-0.8375720024258505,0.016163849750254745,-51.81760628606747,0.0,0.0
ARRDC2,2009.0596,0.1356012674759913,0.02096326220984615,6.4685193610897675,9.896783890040016e-11,1.352726574134439e-10
ARRDC3,4957.2754,0.6870464406849377,0.021437059090384406,32.049472727959795,2.2327892251024457e-225,1.8088880156729286e-224
ARRDC4,1629.4265,0.4822980244965808,0.022059518892463575,21.86348790504916,5.785053587151799e-106,1.926994535026562e-105
ARRDC5,16.06364,-1.273096382340901,0.04169621133971664,-30.53266331486204,9.607281526030368e-205,6.657407916557259e-204
ARSA,2206.7695,-0.3761571598694762,0.016958871442685937,-22.180553767432805,5.292351850918906e-109,1.8029951695592034e-108
ARSB,1037.8766,0.6896869299371221,0.018599972013597244,37.07999826198321,5.90253781407344e-301,8.259090539980837e-300
ARSD,4224.5664,-0.025489901772650998,0.02174323481556279,-1.1723141468539224,0.24107095389887911,0.256451225333226
ARSE,1086.246,-0.2126214391245541,0.052121567030562393,-4.079337042953444,4.516431620741062e-05,5.547513204625477e-05
ARSF,46.983624,0.9739546921055936,0.07657775716840466,12.718506366851903,4.6669587447462865e-37,8.824613456328563e-37
ARSG,300.35428,0.22738064506631409,0.026195761538704294,8.680054776432389,3.955782613684777e-18,6.049863148438129e-18
ARSH,4.521694,-0.6522063109200551,0.05594170812389934,-11.658677090723664,2.0723716855492544e-31,3.701326006324877e-31
ARSI,339.45428,-0.30570992934885094,0.04261481677116267,-7.17379429296817,7.294719484147118e-13,1.033279023013645e-12
ARSJ,460.31406,0.274897913693392,0.03274606793737029,8.394837334948376,4.6653968949548225e-17,7.032117819233378e-17
ARSK,365.76508,0.48806626991478685,0.014722514876653105,33.151012174472996,5.47630633659215e-241,4.972886739816217e-240
ART1,2.0786502,0.0360500026504746,0.06896378789411618,0.5227381463707318,0.6011564884713403,0.6171311490917718
ART3,43.635967,0.20811825496510125,0.05748432235289077,3.6204350411836317,0.0002941080853512951,0.00035394848434515673
ART4,49.45941,0.7633600704254848,0.06150330634237599,12.411691595505772,2.2583051466884278e-35,4.199948340315128e-35
ART5,36.593956,-0.28767716854599745,0.0445422852260448,-6.4585183963077535,1.0573301189859798e-10,1.4446133744336328e-10
ARTN,163.37012,-1.3719198856024426,0.037803645785452464,-36.29067665559343,2.2700245456764167e-288,2.870523585430197e-287
ARV1,951.99567,-0.09644147835527717,0.012877173120053827,-7.489336165333316,6.922283318406279e-14,9.965405605956261e-14
ARVCF,1184.4508,0.1463019664136695,0.02282500869032815,6.409722265545659,1.457849680080051e-10,1.987169365074301e-10
ARX,89.54958,0.14330210062685764,0.0633321172098749,2.2627081951480004,0.023653683309114486,0.02660581980609181
AR,372.02975,0.917189576672617,0.0498289250134475,18.40677029305954,1.159334017897425e-75,3.0549936927742267e-75
AS3MT,766.7783,-0.24702075949240004,0.03603921230945785,-6.854221933912075,7.170169323304648e-12,9.999827185447276e-12
ASAH1,10623.4795,0.5266273412233746,0.02082459347735725,25.288721328268945,4.250673508460733e-141,1.8307480845938664e-140
ASAH2B,20.886627,0.06288434927397575,0.03395373793933292,1.8520596873998025,0.06401725244069409,0.07060277586349355
ASAH2,17.7191,-0.20236458221192058,0.033354771663083524,-6.067035453158091,1.3029280396288915e-09,1.74871856805357e-09
ASAM,315.52472,1.3094345851098532,0.04043068347726485,32.387149374958746,4.163453528382506e-230,3.491093508415957e-229
ASAP1IT1,1.2088397,-1.927155493761003,0.11415474027502448,-16.881957675327815,6.108511690485599e-64,1.4596618486689706e-63
ASAP1,2680.4998,0.44640787050397696,0.01769019105109278,25.234768195248005,1.6645781847515846e-140,7.145086920378982e-140
ASAP2,2448.036,0.32033534857065815,0.01936063191911452,16.545707284192254,1.7193353752754483e-61,4.0234424029003276e-61
ASAP3,1573.3198,0.5106751772890827,0.02337888401633356,21.843436878009303,8.974396664024984e-106,2.9859411943599387e-105
ASB10,2.1221862,-0.9179040691517134,0.1309267618178373,-7.010820831487632,2.3692397955540335e-12,3.3295611926337108e-12
ASB11,7.6045365,-1.3653393084533274,0.15325281987901684,-8.909064835029948,5.146481071194456e-19,7.961188977163433e-19
ASB12,12.207307,-0.567425496314116,0.04055244161977865,-13.99238797097153,1.7348739300177575e-44,3.515506951451331e-44
ASB13,1695.0139,-0.004002771917157568,0.01956269774307148,-0.20461247061772092,0.8378749113975759,0.8464395038526892
ASB14,24.6902,-0.266850402655607,0.023422349173109074,-11.392982005493064,4.532090328052403e-30,7.973455495058664e-30
ASB15,3.5741947,1.911812750916407,0.10332384661909767,18.50311243215988,1.948874620712907e-76,5.1662940629028735e-76
ASB16,50.89931,-0.08367244886896996,0.02435005177858696,-3.4362328930466655,0.000589863676145279,0.0007027759002014124
ASB17,0.43128392,0.41189532359718345,0.1497857457794804,2.7498966704321086,0.005961406004901721,0.006857739001796482
ASB18,0.2816778,-0.19052143357282572,0.12443828525556029,-1.5310515825700244,0.12575664467501033,0.1364900058075773
ASB1,1066.4615,0.518740274340623,0.013724478847337062,37.796719286085924,0.0,0.0
ASB2,366.33316,0.9610181855447538,0.039409809269835366,24.385253401374012,2.452016747720173e-131,9.93247293410963e-131
ASB3,731.32275,0.4730532067644881,0.012776830617211044,37.024299760792104,4.65549170088816e-300,6.45648198490341e-299
ASB4,13.886519,-0.5115603857114992,0.06659134622723052,-7.68208505600555,1.5651985350951204e-14,2.2743470827208307e-14
ASB5,75.30022,1.864367514462468,0.09004635135376693,20.704531460002077,3.1528572346068456e-95,9.619214811832874e-95
ASB6,1795.61,-0.14258620726567267,0.009566487374209204,-14.904760931382015,3.0690913516413903e-50,6.525024104852451e-50
ASB7,887.22943,0.11043056056187786,0.00953612853418291,11.580229876939255,5.19066769580189e-31,9.232640539824452e-31
ASB8,1448.697,0.2810814984071946,0.010210610423461055,27.528373598639114,8.034222094152556e-167,4.196221847482091e-166
ASB9,203.8789,-0.09809591721349355,0.03247244806262724,-3.0208968853935225,0.002520271717128162,0.0029410874635453542
ASCC1,1137.0176,0.29755671810444606,0.01129076778610942,26.35398440046904,4.6201484654868045e-153,2.1818975321003447e-152
ASCC2,3529.4897,-0.3861155174530788,0.01182079608696689,-32.664087478743795,5.056141761908871e-234,4.369184640522186e-233
ASCC3,2326.9634,0.06927928703441748,0.014455356503162382,4.792637733926612,1.6460269149888997e-06,2.0850834969051153e-06
ASCL1,391.9694,1.1718691156352226,0.08128858773328733,14.416157892669936,4.0951321916391448e-47,8.473706300394486e-47
ASCL2,581.76953,-2.5295725321919926,0.04520612551815086,-55.956410844728005,0.0,0.0
ASCL3,1.0526267,-0.78702801888194,0.07865216421345715,-10.0064381794504,1.428014907320304e-23,2.332367067640118e-23
ASCL4,5.7278514,-0.7331968354289357,0.06780323054936255,-10.813597368272134,2.967979734296345e-27,5.061576429095266e-27
ASF1A,1066.7559,0.16918694904877055,0.013494238416699889,12.537717492777663,4.641729870225638e-36,8.685751693742994e-36
ASF1B,1249.9585,-0.9076651282544165,0.027918335843189968,-32.51143382444195,7.350364262502304e-232,6.2561064389751e-231
ASFMR1,2.5280309,0.03784711651655345,0.03733979228795211,1.013586691235158,0.31078001080349305,0.3274763335204345
ASGR1,1279.1124,-0.14760953802585156,0.060637036729388874,-2.434313185266684,0.014920079378051981,0.016924331182179647
ASGR2,1336.189,-0.6132526675981654,0.07074613843830564,-8.668355349641509,4.38406673423821e-18,6.699333081314698e-18
ASH1L,4049.777,0.4436250695422861,0.016309438934486116,27.200510779328287,6.405152018664719e-163,3.252743575654652e-162
ASH2L,2532.4644,0.006542118872635125,0.014826712893988635,0.4412386561614457,0.6590402307687766,0.6736657156309446
ASIP,7.323079,0.15437284985140634,0.04649977728972634,3.3198621337378635,0.0009006191264862458,0.0010667115478581346
ASL,2582.948,-0.4167713136641884,0.02522712217339834,-16.520763280072753,2.6008563921179432e-61,6.0772220001296e-61
ASMTL,1674.6666,0.18531764640581566,0.016535521284087935,11.207245494228602,3.7570384959110203e-29,6.530312194847815e-29
ASMT,3.69003,-1.0939428937907392,0.04669815829120863,-23.425825210684685,2.331958359188893e-121,8.733690256572235e-121
ASNA1,3498.1038,-0.03265558103898581,0.011398165582423764,-2.8649856683378485,0.004170281156952835,0.0048267625966118685
ASNSD1,1918.6683,0.2248411776324159,0.008826377301695191,25.4737781931476,3.8497355834952032e-143,1.6826270232799236e-142
ASNS,1703.1099,-0.318475668307481,0.021474043441463593,-14.830726647993352,9.27237699450164e-50,1.963760774275033e-49
ASPA,127.01226,1.9687616011303948,0.04960421247339232,39.68940343900103,0.0,0.0
ASPDH,166.80367,0.5007713537488865,0.08701176343622072,5.755214398291673,8.65319014192028e-09,1.1432206236168395e-08
ASPG,197.25089,0.11310506469054142,0.06659045721258104,1.6985176168631604,0.08941011058017288,0.09786035381440458
ASPHD1,433.61853,-0.1284877709942308,0.03819214949144622,-3.364245602961096,0.0007675320741336389,0.0009110947173509857
ASPHD2,342.33716,-0.1630010276929856,0.024158551399847406,-6.747135827606583,1.5079210279709254e-11,2.0879932128450024e-11
ASPH,9302.445,0.12104543919316017,0.02198311355269485,5.506291859112993,3.6647078351604504e-08,4.786667531663027e-08
ASPM,1162.3541,-0.560742463955544,0.03367029904302659,-16.653919920312635,2.834146575472076e-62,6.685249696447224e-62
ASPN,1612.9971,1.3090961108203545,0.04132887303435418,31.675098174880848,3.422878482202286e-220,2.661817533199249e-219
ASPRV1,264.53522,-0.884462074490445,0.0346580781593251,-25.51965144819987,1.1931459497558127e-143,5.232929425049244e-143
ASPSCR1,1580.4495,-0.5136891729324683,0.018386067862227056,-27.939044758330752,8.956965246573936e-172,4.857614689797517e-171
ASRGL1,2020.7677,-0.6088461522150794,0.03907977748930917,-15.579570594577667,1.0022574528494221e-54,2.213359310398241e-54
ASS1,10619.998,-0.14214509899390218,0.03871993086053523,-3.6711093185029844,0.00024150001223194914,0.00029122186513239664
ASTE1,412.4683,0.04440511817444086,0.010467481371896807,4.242197009651255,2.2134225631295164e-05,2.7359037072888e-05
ASTL,6.4089937,-0.6170225613204129,0.04699128630997215,-13.130573980254564,2.1998277790507346e-39,4.248770871235547e-39
ASTN1,844.94354,2.394932672441765,0.06956002315707456,34.4297279348762,9.056545851093309e-260,9.407255968490239e-259
ASTN2,1005.58594,0.7577445236270631,0.038016013418256396,19.93224579574596,2.1375181394131844e-88,6.204410008598949e-88
ASXL1,3670.7173,0.0883825766017975,0.010924715256832274,8.090149218902836,5.95916806755678e-16,8.855025376789174e-16
ASXL2,1270.4869,0.29932083066221543,0.022695157457366295,13.18875320536995,1.0185587669008761e-39,1.9739969476758628e-39
ASXL3,63.883118,1.678408908655367,0.045171906604802636,37.15603424356943,3.502990943053268e-302,4.932046515188208e-301
ASZ1,0.9575537,-0.7545619718592521,0.14585318931503535,-5.173434845016912,2.2982928928515102e-07,2.963703129311116e-07
ATAD1,2133.6924,0.1764030739540402,0.011664730383761679,15.122773364707053,1.1461215959983138e-51,2.4639798915448436e-51
ATAD2B,727.9079,-0.08897338308590458,0.01485446350023352,-5.989673277968327,2.1026300486496196e-09,2.8099937744819224e-09
ATAD2,2335.1506,-0.34636898340667716,0.022689557488596756,-15.265568029731481,1.2969352053278639e-52,2.8113611419580475e-52
ATAD3A,1968.292,-0.6760296788524957,0.016770794198294723,-40.309938268828994,0.0,0.0
ATAD3B,1066.0822,-0.9086131546506443,0.021041734066797727,-43.181476952717865,0.0,0.0
ATAD3C,297.25977,-0.2767981241898598,0.032763997218349425,-8.448240376325005,2.957260215812056e-17,4.470363879842414e-17
ATAD5,294.0116,-0.7215987134360025,0.026807561367460684,-26.917730544184707,1.362020148814175e-159,6.741883834113248e-159
ATCAY,830.03534,2.1452925080142813,0.09553358322666135,22.455899125278247,1.1206675361774387e-111,3.9047869876838054e-111
ATE1,478.7047,0.40950527682347326,0.019102141569314345,21.437663171824774,5.952869919167081e-102,1.913999979221772e-101
ATF1,972.8222,0.11640931410733163,0.012553359971330778,9.27315988493805,1.8071125263022604e-20,2.8445186271059007e-20
ATF2,946.4942,0.5000542335953397,0.015806089570571676,31.6368087984493,1.1516441654222804e-219,8.942152388952025e-219
ATF3,3222.4119,0.6777182276766952,0.03206980997355836,21.13259256089998,3.990255852349682e-99,1.2538604552861117e-98
ATF4,13411.207,-0.23224534275392383,0.011582497197387059,-20.051405046427895,1.9622437879713133e-89,5.741494866241444e-89
ATF5,4506.798,-0.05522450598500116,0.031152893674542905,-1.772692660975143,0.07627964786872254,0.08378168703923837
ATF6B,5086.024,-0.17247793811205184,0.01040995636762094,-16.568555335018125,1.1761772547916353e-61,2.755557276214373e-61
ATF6,2962.0803,0.22258197287896297,0.012495528019882627,17.81293055601933,5.60944054994288e-71,1.4220221660601056e-70
ATF7IP2,320.56387,-0.5689176359705355,0.02599984143662572,-21.88158098414811,3.8911795777541433e-106,1.2984842652597378e-105
ATF7IP,2133.651,0.24027598560592292,0.01634651365053466,14.698913220438534,6.550253149944089e-49,1.3776508665259474e-48
ATF7,2770.7815,0.31026322524056604,0.012566987527879565,24.68875094785082,1.4125799610097707e-134,5.835778292653799e-134
ATG10,244.50955,-0.11098440517119505,0.01217490995993446,-9.115829647728459,7.807082083871313e-20,1.218805184767549e-19
ATG12,1116.5237,0.14018530308948235,0.010247852339055234,13.679481168481226,1.3465000885611221e-42,2.673695045646726e-42
ATG16L1,1555.2137,-0.025724771007844604,0.011520049705978178,-2.2330434038400955,0.025546082246624184,0.028690020325409408
ATG16L2,1001.5897,-0.6461819129626952,0.025051912477005438,-25.793715891184373,1.0430135377182321e-146,4.69275416892939e-146
ATG2A,2175.2065,-0.14439234876874227,0.012464968341586485,-11.583852025280367,4.975879945707642e-31,8.852144338925366e-31
ATG2B,1803.9736,0.3457191958076,0.013645443126116107,25.33587166150183,1.2862580329077956e-141,5.558676988318788e-141
ATG3,2058.521,-0.10216312659875079,0.010146151509145997,-10.069150505653141,7.56284617388104e-24,1.2400095454139011e-23
ATG4A,720.3855,-0.006587589231063404,0.013143558543893132,-0.5012028674779392,0.616228356441655,0.6318584995265629
ATG4B,2526.9683,-0.27800172542039936,0.011085526834230874,-25.07789928052503,8.66636686672845e-139,3.6758033966609277e-138
ATG4C,416.67596,0.3866116668603776,0.012146353798805931,31.829442256027825,2.5345745083684764e-222,2.0086182333932973e-221
ATG4D,1171.6921,-0.6690184226098902,0.014148708096362757,-47.2847710231492,0.0,0.0
ATG5,1744.7852,-0.036546991987719976,0.01191545733908661,-3.0671917113776113,0.0021608022402280994,0.002527681728844167
ATG7,1685.4956,-0.0876934515847279,0.010133663653081826,-8.65367695108558,4.986623099720728e-18,7.616103502416677e-18
ATG9A,3904.5955,-0.037613169959471046,0.010801542858545494,-3.482203464083272,0.000497305675939092,0.0005938557250539019
ATG9B,208.42152,-1.2520689699399312,0.03640740717739432,-34.390500917553716,3.496795312742082e-259,3.6229646703366945e-258
ATHL1,3306.856,-0.9748443744529635,0.03389522095276909,-28.760525733446293,6.689681169454937e-182,3.894630223875695e-181
ATIC,4224.387,-0.36909846498796545,0.012493014256165728,-29.544388361343845,7.7529116893301e-192,4.82843466145829e-191
ATL1,520.97705,1.0151510047117906,0.024639070845396314,41.200863907636624,0.0,0.0
ATL2,2630.6501,-0.00781524817210204,0.015732758302676852,-0.4967500308431176,0.6193653366422265,0.6347356734470497
ATL3,1076.9314,0.055877083455796304,0.01843736788926154,3.030643191121697,0.002440334434873572,0.0028499265048810333
ATMIN,3098.3938,0.20512644944827488,0.009718654213450782,21.106466486314165,6.936916225154526e-99,2.1771030896858486e-98
ATM,2326.7563,0.4255392935563243,0.017542096347917997,24.25817787774435,5.420715275319242e-130,2.175016600122673e-129
ATN1,10843.271,0.268332948780331,0.01507183415642915,17.803602799455494,6.626539371893898e-71,1.6783990429508318e-70
ATOH1,27.42849,-2.7151766000509507,0.1465242373712873,-18.53056292093702,1.170559577901992e-76,3.1103396562916544e-76
ATOH7,9.537734,0.21539111784909218,0.03736037730286676,5.765228656632562,8.154720426854757e-09,1.0780646309762078e-08
ATOH8,1008.0226,1.2376718275935696,0.0395039323753161,31.330344934645662,1.802443945442399e-215,1.361631030993017e-214
ATOX1,2404.0745,-0.3915739316187254,0.019837847742185312,-19.73873056733069,1.0026548777928115e-86,2.8734587073456994e-86
ATP10A,688.77075,0.5552159931190392,0.03177973691615392,17.470754858163037,2.393074989256596e-68,5.937917575414386e-68
ATP10B,1120.6263,-1.632616615488247,0.06133164773709099,-26.619480736711143,4.039238592009507e-156,1.9468479757273093e-155
ATP10D,1231.4802,0.34236834815128153,0.02212561362274123,15.473846465409991,5.2098783077155584e-54,1.14371266408002e-53
ATP11A,4730.534,0.3830641197998494,0.027730912493652785,13.813613954734716,2.109759739393656e-43,4.227201902796521e-43
ATP11B,3418.9395,-0.2795346265222379,0.02112383194478565,-13.233140050200033,5.64776050787932e-40,1.0974778675185175e-39
ATP11C,1139.0172,0.31522291427743027,0.01797386988101841,17.537843345039814,7.367063784566461e-69,1.8364889382880933e-68
ATP12A,114.55473,-1.2866864069939692,0.080648285556159,-15.954293363099358,2.659669363054466e-57,6.008456342923421e-57
ATP13A1,4400.994,-0.35196287477232674,0.01083150476715298,-32.494365495703775,1.2807669752410154e-231,1.0882777482859695e-230
ATP13A2,3309.1216,-0.3073240646621554,0.015306629087596743,-20.077840973567852,1.1529808385744542e-89,3.377001423181889e-89
ATP13A3,5628.2065,0.14876394855411498,0.017095714716627575,8.701826803966535,3.265837512757142e-18,5.0006908786268546e-18
ATP13A4,625.80475,1.4066640873783165,0.058633197611804716,23.990915465526488,3.4594092611442512e-127,1.3599172262528638e-126
ATP13A5,51.748928,0.3206252570043786,0.08356847838058623,3.8366769769839797,0.00012471033380100907,0.00015141803947129912
ATP1A1,47223.6,-0.02700959095248006,0.019998232335917316,-1.3505989178838655,0.1768239476447111,0.189991489872212
ATP1A2,3578.8943,3.752612652776092,0.06090632004369052,61.612861359612495,0.0,0.0
ATP1A3,1859.8591,0.9556940224954709,0.06290684711988923,15.192209850766938,3.9826358904247574e-52,8.59288725022866e-52
ATP1A4,18.140175,-0.6697150066064318,0.06293934843923203,-10.64064092199877,1.9279854255426766e-26,3.262559660761645e-26
ATP1B1,18158.824,0.2150576325921672,0.03076146076350394,6.991138497795793,2.7266442163894846e-12,3.828924651777729e-12
ATP1B2,2482.0815,3.1811437812630747,0.05167978150680801,61.55489997270999,0.0,0.0
ATP1B3,7052.2896,-0.7431296450372895,0.021471033695316638,-34.610799628123374,1.738075988021783e-262,1.8315470517668469e-261
ATP1B4,4.16804,0.33164396737684837,0.12817954008936638,2.587339345621206,0.009672028648961217,0.011053204112500782
ATP2A1,90.54548,-0.43045978501448307,0.04017953473826348,-10.713408898798193,8.80583407504636e-27,1.4951044611280863e-26
ATP2A2,16267.297,0.006140923691423762,0.013708402260629027,0.4479678648664034,0.6541763887550912,0.6688695531891085
ATP2A3,3501.09,-0.9155430471673222,0.03331700038722338,-27.47975617632194,3.065052896755362e-166,1.5943130282330717e-165
ATP2B1,2940.1853,0.2164202002250756,0.017789865242601944,12.165364789093928,4.753172048458487e-34,8.722717661309386e-34
ATP2B2,674.751,1.2509292273336217,0.06458837470715685,19.367714902338452,1.44531203472417e-83,4.047470112097576e-83
ATP2B3,110.26471,0.4569476790257259,0.08501643853971651,5.374815587132093,7.66611021573516e-08,9.96388776060726e-08
ATP2B4,8649.318,0.6584120012062514,0.020453446352127324,32.19076090508196,2.37699894480049e-227,1.9521307590638635e-226
ATP2C1,6459.003,0.01010206935826684,0.014244751957999499,0.7091783267306222,0.47821382127615064,0.4954432439754288
ATP2C2,903.3102,-1.1032287543867956,0.04488419773908895,-24.579446886849688,2.0956470421988855e-133,8.59840349297201e-133
ATP4A,34.799507,-2.1240967196453084,0.09361261779696113,-22.690282246484312,5.587798174587982e-114,1.9788134116617973e-113
ATP4B,13.776666,-1.4595994452730094,0.07858166232240338,-18.57430095185047,5.18762574057018e-77,1.3820318300480016e-76
ATP5A1,21832.611,0.004338363217548989,0.012705950352829879,0.34144342588138205,0.7327697880246293,0.7452895096364804
ATP5B,31067.02,-0.17848838184571889,0.013234731930244261,-13.486361702410749,1.881591709786509e-41,3.700118383033279e-41
ATP5C1,7878.0273,-0.26402860918208665,0.012418597035622314,-21.260743739790392,2.6222775020239253e-100,8.318315310642738e-100
ATP5D,4179.491,-0.7461383249657545,0.020433178493289586,-36.51601855339306,6.1764935664259385e-292,8.024711711478345e-291
ATP5EP2,279.18677,-1.4148801511529043,0.033065817785493994,-42.789812740503685,0.0,0.0
ATP5E,10203.626,-0.46152555675795265,0.015373712051213878,-30.020437173565476,5.310829766122485e-198,3.4766296851603754e-197
ATP5F1,6470.3877,-0.10021921140344475,0.010300943920423541,-9.72912892038384,2.2652439596076337e-22,3.64771824516743e-22
ATP5G1,2886.8735,-0.5191667959737102,0.016390943498567054,-31.67400314808585,3.543804412393611e-220,2.7548038958351097e-219
ATP5G2,12048.135,-0.386213011984181,0.012487576328510434,-30.927779884909818,5.0561045559389456e-210,3.6437958461720704e-209
ATP5G3,8548.957,-0.37524917219847537,0.014210416644657073,-26.40662702451895,1.149938531504802e-153,5.450896056555591e-153
ATP5H,5698.4995,-0.3249877544178426,0.01444848589607881,-22.49285888883633,4.875505542080999e-112,1.7037490101480787e-111
ATP5I,3985.0664,-0.6045825423050935,0.01794029697632672,-33.69969533407813,5.840384264251524e-249,5.64062539069719e-248
ATP5J2,5149.1084,-0.5995627048316978,0.016386797682631002,-36.58815568750186,4.4132104065543805e-293,5.7706198244727445e-292
ATP5J,4078.3982,-0.1292980104857738,0.013968392662363441,-9.256470204632453,2.1130211971604403e-20,3.324754505988825e-20
ATP5L2,3.9348183,-1.5324929952757644,0.044210161085862294,-34.663818399110774,2.766016346792675e-263,2.9421800838219475e-262
ATP5L,6584.7183,-0.29235757322866546,0.012763622765137613,-22.9055322778112,4.0922687300011393e-116,1.4706884214314775e-115
ATP5O,6752.6504,-0.18368916976050123,0.012847846899312686,-14.29727262474835,2.2755419260663605e-46,4.680044254246392e-46
ATP5SL,1979.2681,-0.15942215434439483,0.009337038168841157,-17.074167574510525,2.310982077253014e-65,5.582496928191043e-65
ATP5S,281.15424,0.18138126394866644,0.012051163864779097,15.05093333588915,3.4039772199345006e-51,7.293366893353662e-51
ATP6AP1L,97.89046,0.18711913297348529,0.021207346298218282,8.823316710266855,1.1111850203114493e-18,1.710853499850321e-18
ATP6AP1,10662.292,-0.17269858139753183,0.013059989500710616,-13.22348546973449,6.4217754905660475e-40,1.2472898989928846e-39
ATP6AP2,8308.602,0.20632995658792933,0.012563131047043293,16.42345015866794,1.2996211560319566e-60,3.0200875602847394e-60
ATP6V0A1,4303.348,0.24219012142144716,0.017637143644607656,13.731822244102087,6.5466005383101084e-43,1.3042591286765387e-42
ATP6V0A2,1141.4838,-0.0007317350947579749,0.011878412923905577,-0.061602092758144586,0.9508797103299372,0.9527985049024112
ATP6V0A4,303.76056,1.2360872378557852,0.06801378597921684,18.17406897821421,8.282237158467289e-74,2.148274510246344e-73
ATP6V0B,6522.787,-0.43544245673683163,0.01404511409490995,-31.003127051466183,4.891964845719016e-211,3.5620712551499794e-210
ATP6V0C,9731.772,-0.3851447291986422,0.015290532226570125,-25.18844494695757,5.361731167020121e-140,2.2923033353499087e-139
ATP6V0D1,5224.7817,-0.12037763973808135,0.013069010942588511,-9.210921948638202,3.233356966196519e-20,5.0734423487317865e-20
ATP6V0D2,172.31104,1.700913924599018,0.052757472279043024,32.24024675789245,4.819542536969127e-228,3.9805706494991665e-227
ATP6V0E1,7722.7896,-0.12258723751253796,0.012004276481333847,-10.211963853311445,1.752807102502524e-24,2.8998374613886626e-24
ATP6V0E2,3993.7554,0.5153495506643334,0.03005415157650474,17.147366457924413,6.576610006677164e-66,1.5951060653554966e-65
ATP6V1A,5123.599,0.30458239116335356,0.016024594387512466,19.007182571853825,1.4872895911868782e-80,4.068215610234267e-80
ATP6V1B1,857.73145,0.0884638102405808,0.05570569309763247,1.588056899059399,0.11227347335336005,0.12224052858447282
ATP6V1B2,6098.775,0.21443534151172328,0.01798823078507288,11.92086893223916,9.214246945289231e-33,1.6652716694109495e-32
ATP6V1C1,3776.517,0.19947052984669092,0.013066298441357807,15.266031978522804,1.2877432416889794e-52,2.79173300580832e-52
ATP6V1C2,469.50342,-0.7338349439151538,0.03108406042700655,-23.60807866907829,3.183912028467003e-123,1.2109334015983509e-122
ATP6V1D,3003.764,0.14028906725439386,0.01360065154401835,10.314878430665614,6.035764613170496e-25,1.004924204772147e-24
ATP6V1E1,5596.9487,0.031477929091538126,0.012177234212172816,2.5849818228897674,0.009738413131833842,0.011128443699540032
ATP6V1E2,150.8329,-0.16592579432701135,0.016643015362415248,-9.969695437626036,2.0686218805838556e-23,3.3705540509649234e-23
ATP6V1F,5189.367,-0.29934762165017964,0.014530912216101836,-20.600745307543036,2.70251797887192e-94,8.176633011124003e-94
ATP6V1G1,5729.6665,-0.17442991301426902,0.01334995121980081,-13.065958829538827,5.153122025300294e-39,9.925488298305458e-39
ATP6V1G2,400.42737,2.7233510363415765,0.047856206343136594,56.90695615976572,0.0,0.0
ATP6V1G3,11.717073,2.0497506112713153,0.17681458842368758,11.592655501703575,4.489927410922852e-31,7.989723989072489e-31
ATP6V1H,2839.4988,0.03253230717608359,0.012602572170066027,2.5814021722768,0.009839987549465296,0.011243254378693678
ATP7A,993.03937,0.24563276951304872,0.01763575528504162,13.928111699383281,4.2750924116215755e-44,8.629447393238514e-44
ATP7B,827.1564,-0.14038294654220046,0.029693513715418077,-4.727731042126818,2.2704265066012398e-06,2.868181512031189e-06
ATP8A1,1912.6047,0.758813786758432,0.03328589551266057,22.796856598609786,4.926462895950725e-115,1.757453269645362e-114
ATP8A2,88.353935,0.48087034175590276,0.04683100167572388,10.26820534580141,9.801091890594865e-25,1.6266440841332099e-24
ATP8B1,3224.0303,-0.4433160980463482,0.030858189388921858,-14.36623816319889,8.428676538349788e-47,1.740359286452975e-46
ATP8B2,2041.7388,0.5768650052057708,0.023472892180161565,24.575795806420313,2.2927346923666636e-133,9.401366687188903e-133
ATP8B3,168.86047,-0.42869255229282727,0.03326549379218088,-12.887004021975239,5.327345936076684e-38,1.0156328861558687e-37
ATP8B4,402.38354,-0.647323663000685,0.039420256478856414,-16.421092119171924,1.351127879325667e-60,3.1394216497593307e-60
ATP8B5P,82.16322,-0.4344540432364819,0.02144737583659911,-20.25674593229737,3.097712698914927e-91,9.170616960478261e-91
ATP9A,5829.5874,0.573097889183975,0.022684242794770604,25.26414015089325,7.919842693849674e-141,3.4067204184256394e-140
ATP9B,978.8943,0.2106696028945272,0.012568234114013992,16.762068639350357,4.622568231958834e-63,1.0985276833716575e-62
ATPAF1,2737.9744,0.20590246520149302,0.01239093989948657,16.617178912313566,5.233815843721037e-62,1.2309988073280568e-61
ATPAF2,755.5767,-0.16356624844208786,0.011795390309101966,-13.866963632044566,1.0043933198308722e-43,2.0197988540534105e-43
ATPBD4,301.91898,0.009210346815544774,0.013709677694759528,0.671813518932352,0.5017024212161021,0.5188539872771829
ATPIF1,4532.067,-0.4036471276837276,0.015075783037452486,-26.77453812388747,6.3972357990280206e-158,3.126291973893698e-157
ATRIP,545.0693,-0.2709143467942472,0.012618439756918634,-21.469718286344083,2.988241832429407e-102,9.641460454267876e-102
ATRNL1,310.7227,1.19890885929916,0.050116522430404306,23.922427198815676,1.7898156175266953e-126,6.98597702400805e-126
ATRN,4612.5166,0.3263575618080552,0.01588469217450142,20.545413044385842,8.458872929393387e-94,2.5509434745892456e-93
ATRX,3597.6086,0.36634000139274914,0.016419560806059913,22.31119368659028,2.8771482525126985e-110,9.899587843992908e-110
ATR,1502.294,-0.1713522674444107,0.013496789733071028,-12.69577957672025,6.240543062681732e-37,1.1789107934781238e-36
ATXN10,4618.8213,0.1534870332125081,0.010381000526047925,14.785379581416993,1.8202820369537186e-49,3.8451050000353556e-49
ATXN1L,2420.5862,0.3914433505760795,0.012928562767598422,30.277406515526632,2.2742493139391455e-201,1.534684845292909e-200
ATXN1,1962.3195,0.6060791044069541,0.014719556451505892,41.17509290471513,0.0,0.0
ATXN2L,6717.5405,-0.2749002749007943,0.010982333439400613,-25.03113536095637,2.802109659733012e-138,1.184308710037459e-137
ATXN2,2019.3169,0.08492322278503012,0.011468296403894407,7.405042544609492,1.3110842952273822e-13,1.879082377087946e-13
ATXN3L,0.22100388,-0.7388088520721823,0.2503084584227591,-2.9515936326225507,0.003161386809380004,0.003674927146977704
ATXN3,854.6639,0.035373471570077586,0.01188839588929122,2.9754621144422986,0.0029254748315667573,0.003405165061795644
ATXN7L1,489.00116,0.03334681692085472,0.015976914849949383,2.0871874973384092,0.03687118920187678,0.04114335658870975
ATXN7L2,302.2352,-0.09368739141600867,0.018522860216208036,-5.057933295530109,4.238246225398869e-07,5.434682553561478e-07
ATXN7L3B,6205.388,0.24174995755334897,0.011900569145952231,20.31415091063741,9.640250499888797e-92,2.8656133731528105e-91
ATXN7L3,3345.9106,-0.21385738105056412,0.009609344827896505,-22.255146930488255,1.0056349253002225e-109,3.4444349670570713e-109
ATXN7,1277.6025,0.08694085358139259,0.013827014421176082,6.287753157199474,3.220935060836942e-10,4.3673004930788745e-10
ATXN8OS,0.2770145,-0.03835511729062639,0.23190426268930175,-0.16539203223708487,0.8686354246667749,0.8759063204948425
AUH,673.12286,0.213943382051286,0.018966156689628123,11.280270723919706,1.6423976291280964e-29,2.866487212294806e-29
AUP1,6737.081,-0.47699490956485524,0.010616351438372345,-44.93021094241263,0.0,0.0
AURKAIP1,3956.7473,-0.611761641569367,0.01629609489085817,-37.54038287495213,2.0220635161753373e-308,2.970215809943268e-307
AURKAPS1,37.08202,-0.871147543037664,0.023534363922818036,-37.015979947222284,6.33615809671329e-300,8.763440400202844e-299
AURKA,1071.5712,-0.8041304193813662,0.027164497750833634,-29.60225610490769,1.3976255222647082e-192,8.757851033483284e-192
AURKB,800.735,-1.1524757219485884,0.034352139863062604,-33.54887720365265,9.348873921139355e-247,8.889945079891458e-246
AURKC,34.360317,-0.036420866685929296,0.026769611078261618,-1.3605302885967223,0.17366217479489532,0.18672237743064557
AUTS2,2133.0183,0.1613221192651387,0.022307957496141652,7.231595240982538,4.773531397173555e-13,6.776204554110751e-13
AVEN,536.8585,-0.28914609749483355,0.014377424838791118,-20.111118697327544,5.897857833304526e-90,1.7311777339712637e-89
AVIL,140.40735,0.12940831554998397,0.029773623100291656,4.346408064415791,1.3838501450722436e-05,1.7201175348632888e-05
AVL9,820.86005,-0.13388434305162866,0.016205826278240684,-8.261494400405436,1.4385990039129e-16,2.1557807390448058e-16
AVPI1,968.6208,-0.49813210305451955,0.024535838949517115,-20.302224190476405,1.2289455716360833e-91,3.6493732340926226e-91
AVPR1A,110.895,1.261873156105011,0.043262241036510295,29.168002532279328,4.939138397348951e-187,2.982969997971738e-186
AVPR1B,10.114376,0.864001637444499,0.07700744856076408,11.21971515213549,3.2631981692428934e-29,5.676303103863301e-29
AVPR2,58.907875,0.8665047129386908,0.039111941551636206,22.154479643888745,9.444502182774226e-109,3.2132456540625084e-108
AVP,0.78376,-0.457703654192387,0.12591090761538407,-3.6351390269580093,0.00027783076594960855,0.0003345372938235203
AWAT1,0.736227,-0.5862544399750913,0.10164006907336721,-5.7679460996028356,8.024345967398755e-09,1.0611045696951887e-08
AWAT2,3.0817974,0.05243796019383115,0.07569127606350032,0.6927873715570462,0.4884429984611398,0.5056035695378456
AXIN1,2222.848,-0.36662068429421063,0.011405187566031753,-32.145081540449425,1.0346685684867898e-226,8.456369885918327e-226
AXIN2,1345.8218,-0.6240797480508014,0.035858166480516894,-17.404117647506812,7.677991833030544e-68,1.8975022545359172e-67
AXL,2674.748,1.0876954779030952,0.02481650923479238,43.82951154057405,0.0,0.0
AZGP1,12995.471,0.007782544682286559,0.06553841162632451,0.11874783793448818,0.9054751354577139,0.9098548088832534
AZI1,997.8892,-0.48075343154810146,0.016878368819612778,-28.48340599059921,1.8806102179303287e-178,1.064720340012335e-177
AZI2,1721.5797,0.35581578878470876,0.010235005982331825,34.76459021117678,8.343367853676618e-265,8.973197365715915e-264
AZIN1,8301.369,0.08467332095406584,0.013594318715436215,6.228581418936435,4.706774655618295e-10,6.367124598919128e-10
AZU1,111.885475,-4.485743718937958,0.07639893166844852,-58.7147440543399,0.0,0.0
B2M,116737.164,-0.032133058701100926,0.019164657729638157,-1.676683150537415,0.09360445718897875,0.10237406091380169
B3GALNT1,1013.0058,0.6412995159989517,0.024325508732767502,26.3632519691189,3.61754618277166e-153,1.7096012705442947e-152
B3GALNT2,1573.9567,-0.14111224762726027,0.014461751282910574,-9.757618207278421,1.711269197151803e-22,2.7602384396144475e-22
B3GALT1,19.405174,1.2509285812989877,0.05377961598005553,23.260273590702123,1.1197262320009708e-119,4.1403026438989764e-119
B3GALT2,107.084724,1.4405332165297646,0.04388202640980456,32.827408722581374,2.3934103277226136e-236,2.1030401753174232e-235
B3GALT4,535.58264,-0.33208379491748197,0.018680206500362437,-17.777308559787002,1.0594531906711697e-70,2.6784313310411454e-70
B3GALT5,116.47326,-0.5420642461429288,0.05708731742843217,-9.4953532686571,2.194659577717865e-21,3.48771168080228e-21
B3GALT6,1429.819,-0.205835910350594,0.013309001185626914,-15.465917199923837,5.892790549250329e-54,1.2930731061886984e-53
B3GALTL,690.4056,0.5152842152920423,0.015954257796040316,32.29759866484861,7.559506727521843e-229,6.284360860172201e-228
B3GAT1,901.9851,1.9776267454643157,0.05423809342154385,36.46195175213856,4.4481481069767334e-291,5.731635905692361e-290
B3GAT2,112.97323,2.9310303778075504,0.04259607826993966,68.80986458971736,0.0,0.0
B3GAT3,2211.958,-0.3331436818613814,0.01607233281172938,-20.72777398052991,1.945845744167116e-95,5.943806977569139e-95
B3GNT1,2153.5188,0.8032024536529548,0.024179877507111678,33.217804904789965,5.956776947409887e-242,5.4431787195833886e-241
B3GNT2,1746.6951,0.062340344575877636,0.016675828269724444,3.738365709189914,0.00018522038522623372,0.00022393858440649043
B3GNT3,1524.2583,-1.2597903218487738,0.053302214177213425,-23.634859100981423,1.6894242567353178e-123,6.437392559025705e-123
B3GNT4,77.924255,-0.488218142235927,0.040267834961159196,-12.124270964824492,7.85561420314836e-34,1.4378535427663172e-33
B3GNT5,1906.7106,-0.8172063881382537,0.03188472961683144,-25.630024088611478,7.061791015928037e-145,3.130219971549726e-144
B3GNT6,125.601494,-1.9568610928186794,0.09092774503758987,-21.521055999021044,9.888457779971239e-103,3.206739597681339e-102
B3GNT7,1358.3275,-0.5645429449790776,0.0380760844133957,-14.826706938922097,9.844525922314646e-50,2.0842835196797406e-49
B3GNT8,366.28876,-1.0632006546688952,0.033070401864018655,-32.14961399745437,8.942534540237045e-227,7.311689184927148e-226
B3GNT9,1057.5457,0.5305379531650011,0.021511512277067296,24.66297795950821,2.6709377222616087e-134,1.1012073934290014e-133
B3GNTL1,250.75748,-0.7427771918013855,0.018103839065100234,-41.02871159704893,0.0,0.0
B4GALNT1,399.7065,1.265916840781546,0.042713826121660595,29.637168002132857,4.963462052423701e-193,3.1188618495461154e-192
B4GALNT2,76.74274,-0.08563797819649852,0.08127582740906097,-1.0536709489954847,0.2920335938835682,0.3084411671444057
B4GALNT3,1007.23694,-0.8327532383317197,0.03814614199620844,-21.830601857836417,1.188455451023228e-105,3.950328902429698e-105
B4GALNT4,901.46063,0.33803651307036553,0.04794977840423934,7.049803446859705,1.791706978188702e-12,2.5221159074150443e-12
B4GALT1,10751.072,-0.21573941694871399,0.021608032297064594,-9.984223180655913,1.7869525523427255e-23,2.9139420915615176e-23
B4GALT2,2720.013,-0.18190356317112505,0.0146549604341965,-12.412422673394847,2.237775420725716e-35,4.162487021526524e-35
B4GALT3,2465.8003,-0.31681099593231893,0.012254260169633406,-25.853131200640775,2.243637798304367e-147,1.0164268343497687e-146
B4GALT4,1775.2018,-0.3664008044502225,0.017695882433126583,-20.705427143001497,3.0947927546377574e-95,9.44347807129348e-95
B4GALT5,5358.575,0.11163109699074711,0.01724538018139876,6.473101538877921,9.601138458127735e-11,1.312669249002905e-10
B4GALT6,435.41052,0.17123346327579883,0.028439609952546747,6.020949779603606,1.73396556770754e-09,2.321418096465957e-09
B4GALT7,1474.921,-0.3259060390244561,0.013048716435281013,-24.9760994225665,1.1119099037288668e-137,4.68294864088043e-137
B9D1,510.59192,-0.081819308487202,0.021303149243916776,-3.8407142319845464,0.0001226768585238258,0.00014900239605575524
B9D2,286.89432,-0.3263417783940839,0.017079239907321044,-19.107511819316795,2.1864848853349552e-81,6.026079028094538e-81
BAALC,2287.4243,2.432689265859454,0.05499703032314342,44.23310225235468,0.0,0.0
BAAT,1636.2406,-0.3599757723361873,0.08298103414448653,-4.338048760749326,1.4375326649615306e-05,1.7860812599750887e-05
BACE1,2691.8281,0.871191796563816,0.01700379311079058,51.23514446967476,0.0,0.0
BACE2,4419.2456,-0.47615571526734335,0.028913384877064536,-16.468349080949444,6.193773123297056e-61,1.443276033160178e-60
BACH1,2169.972,0.24179668786091135,0.016485476655281054,14.667254876337033,1.0448750300029826e-48,2.192826588581664e-48
BACH2,275.32275,0.6049497085345351,0.029312931414544635,20.63763940833185,1.2607116623939845e-94,3.8263012424983795e-94
BAD,2349.9592,-0.18842415922435418,0.015382641521482235,-12.249141928011209,1.6978278076922542e-34,3.1287179884872017e-34
BAG1,3704.6707,-0.2530285332716733,0.015685753234217396,-16.131105053961253,1.5423585013859789e-58,3.521856968339742e-58
BAG2,690.84143,0.5148947074465153,0.025356854609191203,20.305937600788994,1.1394858436778141e-91,3.384214776285429e-91
BAG3,3822.8213,-0.04716010870286916,0.02002092081059045,-2.3555414433247703,0.018495733758075814,0.020881419818148145
BAG4,438.116,0.10082987536039517,0.020157509683756403,5.002099810059735,5.670921529539962e-07,7.251243023483488e-07
BAG5,2677.0051,0.16357087803639098,0.009638919942076607,16.969834693030066,1.3731805635171406e-64,3.297155689662161e-64
BAGE2,11.876972,0.1278820274018625,0.04359305653636108,2.933541200424792,0.003351191735705104,0.003891564712937498
BAGE,5.5220137,-0.36981297829581755,0.15789553739344583,-2.342136987534445,0.019173675994068516,0.02163480959725328
BAHCC1,1503.6481,-0.005731073129606139,0.02669898804511695,-0.21465506932028872,0.8300362554318212,0.8388537167702382
BAHD1,2014.2782,0.0677727400701911,0.012465684686249475,5.436744292509595,5.4262924413496494e-08,7.068519279124545e-08
BAI1,635.00366,1.9584106792002238,0.05317107431219809,36.83225709718151,5.6253886673883636e-297,7.589614836273009e-296
BAI2,1163.9113,1.184239573280013,0.041348967604074034,28.640124334406167,2.127910092498555e-180,1.222062667790637e-179
BAI3,215.902,2.6521759525467123,0.05977646563847973,44.36822960706186,0.0,0.0
BAIAP2L1,2994.8892,-0.947993256226893,0.02989289250199519,-31.712998538486016,1.028470195529415e-220,8.040946509517419e-220
BAIAP2L2,653.27844,-1.2058949910206438,0.04362570850643873,-27.641843131158904,3.497761607583439e-168,1.8477148045872142e-167
BAIAP2,3738.0864,-0.3630631709088181,0.021744150525630286,-16.697050109217557,1.3770669986708317e-62,3.2592079779050757e-62
BAIAP3,1063.1287,0.1725558840494907,0.038510319561676054,4.480769986162657,7.437423125829756e-06,9.298034843031502e-06
BAK1,1466.378,-0.7586688910938313,0.01710181639304645,-44.36188961789485,0.0,0.0
BAMBI,1684.9169,-0.3018910487181163,0.037153560384266086,-8.125494450485077,4.455423770278501e-16,6.630215082165046e-16
BANF1,6327.891,-0.37388932772166406,0.012848382571398084,-29.100108565725847,3.578548757695348e-186,2.1485011547602355e-185
BANF2,0.8854494,-0.2964078053481484,0.11436828532653917,-2.5916958053699783,0.009550417634533471,0.010917290995029026
BANK1,358.92734,0.03950704693243042,0.04111515066889599,0.9608878063121846,0.3366085824815851,0.353813523193897
BANP,583.0341,-0.2082547286993887,0.010370193703867703,-20.08204809344278,1.0593583522448297e-89,3.1041273306494658e-89
BAP1,4099.0957,-0.007957992281064854,0.010770567842428058,-0.7388646910255057,0.4599891647901775,0.47746096696049883
BARD1,205.44313,0.10879132328592866,0.027295583691578973,3.9856749177887023,6.72885854531433e-05,8.227303532764065e-05
BARHL1,2.2045603,2.090213241141978,0.10257943680165045,20.376532629864734,2.70125961899512e-92,8.062592667222056e-92
BARHL2,1.2966983,0.4575182391892973,0.11670502370097935,3.9202960136621603,8.844026888544035e-05,0.00010779832570428546
BARX1,230.90811,0.12660766033274162,0.0680102812535756,1.8615958940191164,0.06266007249501353,0.06914718499246465
BARX2,621.991,-0.3107867266992113,0.053019570730931186,-5.861736004548616,4.58052859491988e-09,6.085948030018524e-09
BASE,0.7663617,-1.3616535164252983,0.1941854173196855,-7.012130649252728,2.347158625887298e-12,3.2987575910837703e-12
BASP1,2774.432,0.2271233759707163,0.03168482421015707,7.168206913955619,7.59863991425848e-13,1.0761788522740062e-12
BAT1,12048.967,-0.2143298481346696,0.0096268969947408,-22.263648219333664,8.319400861249827e-110,2.851905743966749e-109
BAT2L1,10729.13,0.23478604597059993,0.013578938002082888,17.290457172319798,5.551027877161525e-67,1.3614429171320502e-66
BAT2L2,9779.262,-0.04142544564896794,0.014693358507629374,-2.819331307233687,0.00481238187464958,0.005555414072691699
BAT2,15611.198,0.0074250775391327935,0.011803706181591858,0.6290462863869288,0.5293187539778441,0.546221324559528
BAT3,11424.979,-0.12713849968766905,0.009572755185734966,-13.281286026945203,2.9724488405230434e-40,5.788797201473946e-40
BAT4,1014.14795,0.01130305028502623,0.013114881507807652,0.8618492113937295,0.3887705003979588,0.4063756542384373
BAT5,2740.63,-0.142568969722155,0.011083960387521588,-12.862637968524346,7.304072749888241e-38,1.3906632106515919e-37
BATF2,555.0556,-0.6724693305006122,0.03004275406358216,-22.383744482193787,5.667932578776049e-111,1.962473458695605e-110
BATF3,101.5745,0.29136095293950887,0.02759748837869619,10.55751700812108,4.689009543787854e-26,7.896074880229688e-26
BATF,361.87683,-1.1266836488015484,0.034329253998526064,-32.819928124564626,3.0602218538388945e-236,2.6843195485698428e-235
BAX,2259.9058,-0.4739205183299487,0.015032091838009512,-31.52725006187185,3.677212100983406e-218,2.824004570498723e-217
BAZ1A,2551.641,-0.36657285533938644,0.019284547551772613,-19.008631359136633,1.4467811311104037e-80,3.9595398639974066e-80
BAZ1B,5092.522,0.13119644363061225,0.010191343286422279,12.87332198939885,6.36064505296738e-38,1.2118320478510471e-37
BAZ2A,5659.083,-0.04842423706417918,0.01197197380418558,-4.044799784580998,5.236785885612106e-05,6.41722185176218e-05
BAZ2B,1676.2725,0.31423779438272476,0.01674981675588379,18.76067057702831,1.583886532428765e-78,4.268777589848719e-78
BBC3,565.90753,-0.5701467203692984,0.020398250616642397,-27.95076553790993,6.452560563746998e-172,3.5031381471286703e-171
BBOX1,1064.7662,1.5744006564777067,0.0636242756360687,24.745282217172722,3.484898259391727e-135,1.4449907059665208e-134
BBS10,783.90045,0.6524107685131256,0.014724795760229826,44.306948574133756,0.0,0.0
BBS12,318.295,0.6017077432910947,0.019558550470770614,30.764434419121205,7.840340988752536e-208,5.553984070633713e-207
BBS1,1841.5588,0.5929585261017309,0.01695443787439028,34.97364704714842,5.66104753085043e-268,6.236648629901726e-267
BBS2,1899.3619,0.705532115204662,0.016580328599628564,42.55236022405897,0.0,0.0
BBS4,911.389,0.2643166662020694,0.016500935915809554,16.018283299241677,9.524365097399493e-58,2.1600373066498416e-57
BBS5,470.90488,0.31795729082685503,0.017630201012532497,18.034808032014713,1.0385547264154451e-72,2.664642177075242e-72
BBS7,536.0989,0.3417671509539923,0.011831325041705289,28.886633555351313,1.7575270939383935e-183,1.0347453471802126e-182
BBS9,610.06696,0.5520108286401121,0.01336722393755971,41.29584655861507,0.0,0.0
BBX,3138.8784,0.5393797497664833,0.014329904044409394,37.64015084085051,4.74140690988353e-310,7.0666400642986e-309
BCAM,15051.257,-0.01836998242990474,0.03514515830458698,-0.5226888514969976,0.6011907976885329,0.6171352518600737
BCAN,10214.049,3.1539262088304407,0.07236183955228072,43.58548964957918,0.0,0.0
BCAP29,2681.0935,0.4105964686473625,0.013678689259813215,30.017237825093282,5.846803797473294e-198,3.825034656579653e-197
BCAP31,13743.743,-0.5338487831381911,0.013028492680493055,-40.975483214378094,0.0,0.0
BCAR1,4161.91,-0.034926089692875396,0.018924269827022642,-1.8455713225459927,0.06495447364606967,0.07160150137854418
BCAR3,1214.9988,0.16250057139858073,0.020587961519810558,7.892989854397008,2.950316081431541e-15,4.335293042357614e-15
BCAR4,3.9683905,-1.4758307989031325,0.08843754475150563,-16.68783097778172,1.6070401587502417e-62,3.8004101047736286e-62
BCAS1,1441.0853,0.37597625161321324,0.05546622105034224,6.778472455730665,1.2145312513445071e-11,1.6855243180724486e-11
BCAS2,1541.8325,0.04534951527079554,0.01052037736491743,4.310635797345419,1.627858244523973e-05,2.020457599235723e-05
BCAS3,1374.7351,0.12164142209082923,0.015004097439116513,8.10721355179308,5.179378535859303e-16,7.702481198799091e-16
BCAS4,2233.9795,-0.6509440055825837,0.023740657392384165,-27.418954531200214,1.6301220767400389e-165,8.442547789455724e-165
BCAT1,2555.5173,-0.05169531008748684,0.038613729713542856,-1.3387805444071341,0.180642126269142,0.19389956496617608
BCAT2,1997.9386,-0.6193004378126407,0.018644690977845043,-33.21591323495454,6.343443316149293e-242,5.7939058983168885e-241
BCCIP,2461.8042,-0.14256185698572194,0.010287020598906163,-13.858420483855237,1.1313648617228962e-43,2.274010980335319e-43
BCDIN3D,394.292,0.048633246126895326,0.011351164044152278,4.284428093694009,1.8320984876784477e-05,2.2703568756860137e-05
BCHE,797.5916,1.4687811416201129,0.05444354551240734,26.978058239895248,2.6741114701064995e-160,1.3314315338688733e-159
BCKDHA,2776.028,-0.060035146140097966,0.01401127760934897,-4.284773153023515,1.829257379895771e-05,2.266974129370465e-05
BCKDHB,951.04517,0.34201210869763904,0.017896434979417262,19.1106278480037,2.0597581748312793e-81,5.678350261528777e-81
BCKDK,3019.276,-0.08497316361684268,0.012460495741439979,-6.8194047315667135,9.141851376291583e-12,1.2726952418621468e-11
BCL10,1099.5684,-0.24576884540794994,0.014963939844256277,-16.4240733366945,1.2863390122662563e-60,2.9902461692999215e-60
BCL11A,643.61945,-1.1455625591721637,0.037958172910484554,-30.179602213038653,4.387550840966561e-200,2.925848266336004e-199
BCL11B,502.06104,-0.9184036410003542,0.03445887152284682,-26.652168234570212,1.6890630817847403e-156,8.162268047010569e-156
BCL2A1,377.83963,-0.5183245840161173,0.037991511659275785,-13.643168207274167,2.2171491154566663e-42,4.39522286675582e-42
BCL2L10,40.2675,-0.8620706109964148,0.04520169155525067,-19.071644917153016,4.344227358082698e-81,1.195190875448725e-80
BCL2L11,1725.8085,0.05601342713218598,0.015175723031905184,3.6909890233515923,0.00022338377847935407,0.0002695513481544079
BCL2L12,805.2783,-0.81852398161459,0.019605193788103825,-41.750364238238724,0.0,0.0
BCL2L13,2951.138,0.06244545910219006,0.011693355234123666,5.340251608876218,9.28176703736131e-08,1.204381740686035e-07
BCL2L14,163.89824,-1.54058563341477,0.04829544330779397,-31.899192302602774,2.7398099983861954e-223,2.1840169051348688e-222
BCL2L15,362.76752,-1.5658650508774614,0.050803491396666955,-30.821996831898694,1.3296092986417872e-208,9.498075688087068e-208
BCL2L1,7462.0234,-0.11949129143430448,0.014570163850499961,-8.201094555995969,2.3820806732664316e-16,3.559919285548799e-16
BCL2L2,2468.9675,0.4621824792107774,0.015817704406215802,29.219314468233197,1.1023609827551826e-187,6.68343277186205e-187
BCL2,1816.1951,0.6510644640406074,0.03070300537379462,21.205235647592296,8.544166200155705e-100,2.701097510387733e-99
BCL3,2864.9175,-0.5571493853331887,0.023076607895705675,-24.143469779060062,8.744255525630604e-129,3.473644843830507e-128
BCL6B,615.06354,1.1467125658323032,0.025246734332758442,45.420233394083255,0.0,0.0
BCL6,2849.8376,0.438328998888271,0.020122432532138038,21.783101928069822,3.3556570826338665e-105,1.1104977656915293e-104
BCL7A,1363.1792,0.19730429524900212,0.016215180077651575,12.167875676011453,4.609223989335322e-34,8.460078542992951e-34
BCL7B,2519.587,-0.03908337537944353,0.009505390632304076,-4.111706387596387,3.9274556646678686e-05,4.8301963197398296e-05
BCL7C,2057.5784,-0.43071893224361163,0.0168001298819636,-25.63783347330105,5.778879254682137e-145,2.5632288179972467e-144
BCL8,29.252266,-0.5581500307612677,0.054436245894280824,-10.25327925524541,1.1439529290658291e-24,1.8974855534341873e-24
BCL9L,4406.8135,0.02115355852913897,0.016189443119638262,1.3066266932603192,0.19133952638277396,0.20503612914505476
BCL9,2132.331,0.15490280659294403,0.017792852572824806,8.705900639537056,3.150627676521285e-18,4.8260950166501276e-18
BCLAF1,6401.3433,0.19773310876842976,0.010922810209188867,18.102768882872816,3.0304356213743057e-73,7.81167875608502e-73
BCMO1,102.135185,0.018404129941248185,0.04980549494193545,0.3695200692755729,0.7117401169064665,0.72466078416177
BCO2,143.43605,0.3115635433493486,0.03923090318544442,7.941788693382566,1.992862337562967e-15,2.9385590157488557e-15
BCORL1,996.6808,0.12082806712847347,0.0151561226321821,7.972228125939706,1.5583879560638423e-15,2.301408704301738e-15
BCORL2,6.988993,-1.012250478841713,0.07809457261425745,-12.961854389570089,2.0132107578288506e-38,3.853606413937342e-38
BCOR,2218.3457,0.08263130446441325,0.014828317529332334,5.572534058631926,2.510603890537156e-08,3.2895729571016834e-08
BCR,4882.244,0.022089165072867657,0.015755182626202572,1.4020253269632676,0.1609076837668637,0.1733565927824299
BCS1L,932.332,-0.3002012422434016,0.01098799839197966,-27.320830558413984,2.399566283026369e-164,1.2342791802964588e-163
BCYRN1,1.5562991,-3.7818724667670853,0.21311488546585303,-17.74569832839315,1.8607260257968793e-70,4.6919149317808604e-70
BDH1,1917.0714,-0.6207267064885014,0.027973038694103954,-22.190177952291453,4.272993376095066e-109,1.45693974449706e-108
BDH2,1859.2473,0.6326170678191186,0.023441038885647227,26.987586638340733,2.0671315387804176e-160,1.0304782320771431e-159
BDKRB1,109.381546,-0.053694081337096,0.04387730407079022,-1.2237324620142502,0.22105316951466925,0.23569820247979215
BDKRB2,855.1045,0.23223886333236907,0.03417415214462432,6.795746163636743,1.0775335632904333e-11,1.4971340896082666e-11
BDNFOS,147.1124,1.0151393820392394,0.024650780223223565,41.18082157427512,0.0,0.0
BDNF,124.98559,0.8675719291761469,0.038011342058104386,22.82402783490177,2.6475818384943246e-115,9.464814512713951e-115
BDP1,1689.0677,0.3344688319131957,0.01604668248598107,20.843487880152118,1.746395315350775e-96,5.38628423348378e-96
BEAN,116.34746,0.18351883756463538,0.03755807684241563,4.886268227594157,1.0276517328593513e-06,1.3086859091313901e-06
BECN1,3379.3843,-0.021312981491494777,0.009262700189411478,-2.300946922135988,0.021394631430258427,0.024098107955110998
BEGAIN,187.26244,-0.14401817404187445,0.043544023747176225,-3.30741538444099,0.0009416115363025066,0.0011142914012777687
BEND2,0.60315555,0.4003128869593411,0.08329613901927838,4.805899669211452,1.5405714689855507e-06,1.952835722375744e-06
BEND3,460.03528,-0.39311594055919546,0.02061864098288227,-19.066045181424077,4.835190256965042e-81,1.3297263061130798e-80
BEND4,170.82886,-0.5044581448430788,0.06557875396817252,-7.692402101569489,1.4439796231768904e-14,2.10015581856396e-14
BEND5,237.14664,0.5368865110796064,0.034484036002301946,15.56913207734057,1.1799745440854718e-54,2.603848010300902e-54
BEND6,191.2883,1.4487003823671651,0.03535085129492499,40.980636372260214,0.0,0.0
BEND7,730.22766,0.5509458743656624,0.03020241378993621,18.241782865356406,2.404848373787992e-74,6.263311761794771e-74
BEST1,248.06908,0.8518715838458245,0.035050664255530814,24.304006840937504,1.7781427180281745e-130,7.154388853030751e-130
BEST2,14.366214,-2.5902022672227587,0.08040444471965985,-32.21466519983843,1.1000049915534304e-227,9.063132991920797e-227
BEST3,122.1312,2.3236317526806194,0.06835219535189226,33.99498349274735,2.642457686852125e-253,2.628128776092937e-252
BEST4,56.446285,-0.576863364050512,0.03836855198179557,-15.03479631767735,4.343823537862489e-51,9.296321182312879e-51
BET1L,3892.01,-0.04209388900113104,0.009812690893938771,-4.289739629639423,1.7888271022548773e-05,2.217409338456347e-05
BET1,1184.9498,-0.05923592662653179,0.012654564514703103,-4.680992898468111,2.854888299833665e-06,3.6007106242295617e-06
BET3L,3.1921635,0.6848943970511783,0.04468069344099381,15.328642961991248,4.921613029705917e-53,1.0714191581670526e-52
BEX1,1093.6393,0.9176835459958912,0.06395257794398966,14.349437903810665,1.0740419985945668e-46,2.2145453766849084e-46
BEX2,976.953,0.4492966264746557,0.03722232023600764,12.070623852191272,1.509853232224022e-33,2.753166319287852e-33
BEX4,2306.0642,0.6584173949890831,0.028158944021602253,23.382176351640723,6.489104971242062e-121,2.420514622746741e-120
BEX5,297.27567,0.027079337734236576,0.04224172622031185,0.6410566081746804,0.5214859048301292,0.5383566521188885
BEYLA,0.049698103,-0.4585284529925247,0.4426556689071245,-1.0358580838343008,0.300268355108687,0.3168427201025064
BFAR,3146.0398,-0.0557108922072406,0.01101959273487706,-5.055621704685635,4.289909459580767e-07,5.500583618063033e-07
BFSP1,138.88722,-0.1679764001008368,0.026453011930768894,-6.349991469419578,2.1532686787992222e-10,2.92802544961751e-10
BFSP2,12.447826,-1.2643779225306762,0.05343804585406463,-23.660631715156637,9.174452114812109e-124,3.505680754606977e-123
BGLAP,113.874435,-0.3074055923967204,0.02241163901730348,-13.716336951500068,8.105833248448872e-43,1.6130061490095845e-42
BGN,22999.797,0.649685985213417,0.02992983300752677,21.706969933645592,1.7630441292686682e-104,5.795868791826387e-104
BHLHA15,43.20046,-0.26599484634676396,0.045778651905638935,-5.810456081036305,6.23028761847802e-09,8.257432824984962e-09
BHLHB9,328.76883,0.6297379948730496,0.018487467195203285,34.06296753491684,2.6087542793986794e-254,2.6150481720471547e-253
BHLHE22,72.698,0.6222861211617237,0.03757121030017014,16.56284469385075,1.2933200476523303e-61,3.0282579471137195e-61
BHLHE23,0.5803615,-0.8328191960303662,0.1962178509733376,-4.244359990180155,2.1921818799967592e-05,2.709813654818095e-05
BHLHE40,12149.946,0.050091695465552255,0.02339640410019963,2.140999755818239,0.03227405775183491,0.03609864530104422
BHLHE41,3156.2898,0.842053899534819,0.034086167036052925,24.70368400894647,9.76310082404014e-135,4.036697190833331e-134
BHMT2,1637.5778,1.0101991628079738,0.058081401240041595,17.39281665455994,9.352309374341594e-68,2.3098831317750882e-67
BHMT,2393.6438,1.468315686014836,0.08371458814245868,17.539543807062348,7.149904564183604e-69,1.7827912678776975e-68
BICC1,469.87122,1.4308464828744194,0.04233896630049797,33.79502637639008,2.333549954195764e-250,2.273145622845529e-249
BICD1,486.28256,0.3801296053487497,0.024137896814345017,15.748248833462608,7.0609650967136045e-56,1.5752157396887165e-55
BICD2,2921.842,-0.3379333352363815,0.02044899297883593,-16.525671243866725,2.3975575293324425e-61,5.6041186842341207e-61
BID,1654.7466,-0.2769862197807536,0.018751778660905664,-14.771197164257476,2.2468615834530625e-49,4.742753237690088e-49
BIK,422.09238,-1.3068505979096452,0.039166516102797574,-33.36652651156532,4.1953476755658954e-244,3.903705819325689e-243
BIN1,3218.457,0.3446619072199926,0.02639300380411057,13.058835961911745,5.658639886222954e-39,1.0895049124608769e-38
BIN2,608.63434,-0.5589252645782994,0.03156738933865765,-17.70578043632628,3.7839890674965115e-70,9.519119414946432e-70
BIN3,1089.2616,-0.35450533283746466,0.014884893611153641,-23.8164505638001,2.255912911787159e-125,8.729924153407104e-125
BIRC2,2703.6792,0.2471187623223963,0.014210505243178762,17.38986461730604,9.846655236847607e-68,2.4310945181540192e-67
BIRC3,1763.7843,-0.21580145982656224,0.03472955559442951,-6.213769687890162,5.172833112512511e-10,6.993406556719717e-10
BIRC5,1005.2459,-0.9360632394663851,0.03367377905602994,-27.797986020780908,4.587831726749268e-170,2.456052225213998e-169
BIRC6,4352.6064,0.14973015464002362,0.014327593706414175,10.450474637132714,1.457937467405675e-25,2.4433774200619145e-25
BIRC7,332.43298,-1.1847485071626647,0.06349999936367577,-18.657456992674906,1.0983530155699243e-77,2.9380329843631704e-77
BIRC8,0.1946172,-0.5899160325260735,0.21865908829639114,-2.6978802350371356,0.006978254108152683,0.008012084107144173
BIVM,1217.5879,0.42338917435339707,0.018782358660846946,22.54185334219921,1.6141861399820667e-112,5.656319384491377e-112
BLCAP,4666.3096,-0.242906713318674,0.014298569834339308,-16.988182463907094,1.0045396975199062e-64,2.4154273888989926e-64
BLID,0.50411314,-0.007471337756835433,0.09551769550065214,-0.07821940968817052,0.9376535226204274,0.9402860834907537
BLK,100.07986,-1.1879864229705115,0.05341337309807706,-22.24136679758351,1.3672753276993618e-109,4.677593412305714e-109
BLMH,1915.3234,-0.06458770480273936,0.015255210456681082,-4.233812767522516,2.297622576356257e-05,2.8392897136289552e-05
BLM,471.3596,-0.4383552642573838,0.02784072061059741,-15.745112002974752,7.419962766368278e-56,1.6547597980117403e-55
BLNK,645.5227,-0.20288905011652894,0.027478757250135398,-7.38348711587127,1.5419659512732026e-13,2.20672605103129e-13
BLOC1S1,3201.5325,-0.4033206217812794,0.017265668146036677,-23.3596880450793,1.0986376912554746e-120,4.089061198586876e-120
BLOC1S2,1657.3575,-0.040013876704005025,0.012599746561015493,-3.175768378374434,0.0014944021812008912,0.0017570185959268274
BLOC1S3,822.95526,-0.33747830418770314,0.01078028068080788,-31.30515004015761,3.970903677715626e-215,2.989779141072945e-214
BLVRA,2000.2941,-0.0533105135976043,0.01859888042649058,-2.8663291754741094,0.0041526220486816,0.004807690206943912
BLVRB,3285.4912,-0.4909350104495607,0.02057847126018543,-23.85672892035504,8.622346712760663e-126,3.345575695160936e-125
BLZF1,1156.3109,0.06836664562784076,0.013451053883034674,5.082623727652234,3.7225666953434937e-07,4.779751220389643e-07
BMF,1545.2089,-0.16071741424591257,0.023278075283252094,-6.9042398175223765,5.0472971647712866e-12,7.057064966525556e-12
BMI1,3120.6685,0.24344287773819528,0.015206331276519599,16.009310418884553,1.100224321183783e-57,2.4943727121359285e-57
BMP10,0.89277214,1.761266825974089,0.14331923414066333,12.289116925125768,1.0363189862400388e-34,1.9149045417372435e-34
BMP15,0.2412591,-0.09575405107596512,0.11415331078304426,-0.8388197452980745,0.40157046871355295,0.4192816643181304
BMP1,2611.2993,0.2392417548300562,0.02081330931087642,11.494652352330897,1.4034490679348201e-30,2.4832973730301588e-30
BMP2K,740.60846,0.33294056302008196,0.020366732386214594,16.347274403499103,4.548762260655611e-60,1.0516494533805087e-59
BMP2,919.04767,0.6821690446568023,0.03716579465188382,18.354754715899105,3.024497834350214e-75,7.939111837227438e-75
BMP3,270.00192,-0.8468354498900537,0.06593819412332971,-12.842866886923634,9.431593956875532e-38,1.7940560718305986e-37
BMP4,855.015,-0.24495654216278115,0.03593584857904599,-6.816495278355944,9.328829165251428e-12,1.298459239593586e-11
BMP5,69.45918,0.8288134096237995,0.06943658455697659,11.936264073353318,7.658650746270943e-33,1.3859775159407121e-32
BMP6,319.73718,0.6364112197602166,0.030358317462839214,20.963323166352357,1.418310637033342e-97,4.4104759827954495e-97
BMP7,2123.5154,0.3763064135178025,0.050093653126198054,7.51205771656931,5.820511482846892e-14,8.387584462010183e-14
BMP8A,732.9293,0.6842511377489517,0.03329592636834528,20.550596195439546,7.602380823315587e-94,2.293670290187938e-93
BMP8B,310.09576,0.1348092533824673,0.0318477746961537,4.2329253666426,2.3067107083879505e-05,2.850001414739063e-05
BMPER,145.50055,1.726800717236621,0.04361570276558027,39.591262039673964,0.0,0.0
BMPR1A,1195.3329,0.5664334734553063,0.015349021184759254,36.90355669179374,4.052270063476674e-298,5.518405767379371e-297
BMPR1B,1692.5563,0.06782967368378427,0.0554655950851793,1.2229143774553808,0.2213620375978672,0.23600281333551418
BMPR2,4814.6074,0.7453333059559927,0.014489791987835515,51.43850971647596,0.0,0.0
BMS1P4,59.678535,-0.2109310378553691,0.021822737982624945,-9.665654145841387,4.219157392580681e-22,6.770005150973368e-22
BMS1P5,200.37897,-0.47253231411462493,0.02566783962508395,-18.40950859194405,1.1021808859028362e-75,2.905139908867924e-75
BMS1,2699.894,-0.16632856721153266,0.009192939260189818,-18.093078013886306,3.6133063202995796e-73,9.301214233781658e-73
BMX,68.83276,0.616455123140433,0.04282367422248417,14.39519458180375,5.546855447445701e-47,1.147296861267368e-46
BNC1,705.36127,-1.4706786378589964,0.06956326045213607,-21.141600153588495,3.297078368327927e-99,1.0368430414085305e-98
BNC2,713.46387,1.194460356135374,0.034108277396094705,35.01966230262147,1.1296594736830943e-268,1.2519726306322328e-267
BNIP1,461.71066,-0.1482329484392862,0.011792270724812188,-12.570348145704317,3.073674009527326e-36,5.761087199407736e-36
BNIP2,1679.3153,0.0788588596960201,0.012971220505399705,6.079525027208694,1.2053906791502647e-09,1.6189832983784298e-09
BNIP3L,5365.276,0.5879627944607633,0.016115519855818796,36.48425863522292,1.9704774591881663e-291,2.5487262129359517e-290
BNIP3,3438.7,0.3338722338126045,0.027149922548103222,12.297354926927033,9.358891513151477e-35,1.7301159749046664e-34
BNIPL,470.23874,-0.7809098940436531,0.048851905837674216,-15.985249309176826,1.619178524840894e-57,3.6652052020497846e-57
BOC,1372.9429,1.1052442418565445,0.03102480037157208,35.6245400008851,5.842263031684341e-278,6.863394867978159e-277
BOD1L,2549.5415,0.35561334780371,0.015585554247871778,22.81685605452686,3.1193448063656633e-115,1.1141533493473429e-114
BOD1,1909.3904,0.08290179930880834,0.011503449057037464,7.206690697525323,5.732801913132161e-13,8.132254330369123e-13
BOK,2425.6191,-0.05062297316254752,0.02558384243850934,-1.9787087605866722,0.04784880604990425,0.05312793642942848
BOLA1,641.6785,-0.2455358656429378,0.016376001403052013,-14.993639753668868,8.080113845729127e-51,1.7247120757517225e-50
BOLA2,3174.4507,-0.9562997813335514,0.01620704001987148,-59.00520885744903,0.0,0.0
BOLA3,693.21533,-0.4843434635359096,0.014206065494545703,-34.094131392106355,9.011720075589186e-255,9.0691848254533e-254
BOLL,2.2858415,-0.49516135136191225,0.06759750094500819,-7.325142859419243,2.386443530997209e-13,3.4033065177621304e-13
BOP1,1295.6085,-0.8964482221021959,0.024881849657598865,-36.02819864432475,3.027555212555901e-284,3.710896843613823e-283
BPESC1,0.54781795,-0.9137521599956747,0.11009741700462643,-8.299487716022236,1.0456127938092736e-16,1.569305629868264e-16
BPGM,1359.9565,0.004270001009834722,0.01844049954547062,0.23155560397405428,0.8168831932013019,0.8262992463052271
BPHL,1088.1753,0.043793303719715244,0.020847673665934638,2.10063263755294,0.035673226731404994,0.03982405127075036
BPIL1,213.47935,-1.6159264990353057,0.10265954622522623,-15.74063551274717,7.963980679862873e-56,1.7753058432204997e-55
BPIL2,11.60403,-3.1464228174261417,0.11784639011798724,-26.69935680062799,4.7884370603562204e-157,2.3250128812733673e-156
BPIL3,0.6409118,-1.7014635545565675,0.2136593088575976,-7.963442190532316,1.673182005867026e-15,2.470218452316663e-15
BPI,20.025482,-0.24493263595464926,0.05965340917346002,-4.105928552087187,4.0269394666842756e-05,4.951350441008888e-05
BPNT1,1627.9357,-0.21431303014043254,0.012464896156270108,-17.19332655913291,2.9793635243690744e-66,7.248668976174711e-66
BPTF,3916.612,0.2344306219364718,0.015091558112485642,15.533891211837243,2.0458008088148254e-54,4.505187524787564e-54
BPY2,0.2581808,-0.02266226503176371,0.24763958451697327,-0.09151309584033984,0.9270849009242225,0.930191784432322
BRAF,374.85828,0.10346132794467197,0.015659270141287544,6.607033853505328,3.920964035043302e-11,5.3933455029691634e-11
BRAP,1305.8352,0.017706029220459524,0.0074598980690520145,2.3734947926318735,0.017620641512133602,0.01991885844228362
BRCA1,842.67676,-0.5233183933111095,0.022413253447129553,-23.348613557846974,1.4235854718120363e-120,5.295592293188607e-120
BRCA2,351.73224,-0.5792234984097575,0.030072319100828183,-19.26101862871646,1.1411152638176604e-82,3.1715994069711604e-82
BRCC3,1187.1313,-0.24715203037028108,0.014105754807677954,-17.5213615818526,9.844098954612562e-69,2.4506726658957835e-68
BRD1,2013.7426,-0.1253937921400892,0.011018317200812732,-11.380484864861208,5.230809726867594e-30,9.196377826364194e-30
BRD2,11369.333,0.03698436199422439,0.0089068472543702,4.152351661366797,3.2907605996201734e-05,4.0547476274082866e-05
BRD3,2332.7285,0.22586711583121377,0.013026876361211628,17.338547597162112,2.4074355624208243e-67,5.925883280779296e-67
BRD4,4453.4272,-0.0526718940871145,0.012705765407450676,-4.145511301210365,3.3905627658425385e-05,4.17569822453501e-05
BRD7P3,3.924402,-1.1042128548192083,0.0489644200902294,-22.55133120711764,1.3030642490350162e-112,4.567679932180422e-112
BRD7,2467.587,0.03481540611710413,0.009532402457116573,3.6523223052874902,0.00025987942002115227,0.00031314424196322437
BRD8,2282.347,0.17438945443454335,0.010808099131742204,16.13507170029377,1.4463953086821843e-58,3.304585578437952e-58
BRD9,1864.8115,-0.17980956914910198,0.01102826759491217,-16.304425659027004,9.179774162544522e-60,2.1175053498214813e-59
BRDT,37.09183,-1.5477756999904213,0.12249951142130668,-12.634954066610364,1.3547323885831861e-36,2.5495467460866227e-36
BREA2,11.091904,-0.41054998012762006,0.024354763127721724,-16.857071365244074,9.308874206603492e-64,2.2228403703054245e-63
BRE,1511.7599,-0.03909814317515575,0.01156124363468272,-3.3818284961891765,0.0007200508390310173,0.0008554306489953014
BRF1,1727.9954,-0.07177308240933389,0.012053814718161127,-5.954387394157926,2.6104779208624575e-09,3.4834318667391214e-09
BRF2,842.68726,-0.13045750892226102,0.014662650652849626,-8.897266395479942,5.723899751964287e-19,8.84835801444502e-19
BRI3BP,349.67926,-0.8100513420929805,0.021441183298653983,-37.78016030224568,0.0,0.0
BRI3,4187.672,-0.26848896219561835,0.016440094792122585,-16.33135122336808,5.906162815968019e-60,1.3643886164789847e-59
BRIP1,242.48372,-0.4356646924505182,0.031463027689881545,-13.846877571500444,1.3286314892976717e-43,2.6694570700297344e-43
BRIX1,1675.4064,-0.4218941252116596,0.014210310465841407,-29.689296812043917,1.0555279890770535e-193,6.66961338597757e-193
BRMS1L,493.96423,0.4866904028341861,0.015250461990624655,31.91315798389471,1.7539322125679277e-223,1.4003257221831547e-222
BRMS1,2449.4172,-0.6483231001411927,0.01391726202313452,-46.58409815547712,0.0,0.0
BRP44L,1629.4764,0.42082641371209617,0.02096713810443555,20.070760807507213,1.3295372842703676e-89,3.893562941665767e-89
BRP44,3256.368,-0.19775753296356233,0.022034153811786368,-8.975045497675483,2.8323470748718163e-19,4.396778810317599e-19
BRPF1,1277.4708,-0.007815698037410418,0.010650790418473851,-0.7338138983426102,0.4630621687759241,0.48052819685555015
BRPF3,2560.8433,0.23762041958933378,0.014494945219040718,16.393329950443206,2.1342583270036652e-60,4.948902651420002e-60
BRS3,1.6637871,0.1959535390743935,0.08916467672803192,2.1976588293151846,0.027973427529679334,0.031365920090143835
BRSK1,468.14426,0.999922473485076,0.03929260237028802,25.448110157274538,7.40786254334348e-143,3.230862757496356e-142
BRSK2,231.43314,1.115700114426524,0.052000811718669875,21.455436512464164,4.062796153781127e-102,1.3091875102062356e-101
BRWD1,2701.115,0.234968875145358,0.013640144511220368,17.226274615497868,1.6867075546235288e-66,4.112043959355816e-66
BRWD3,511.3282,-0.018067106712715483,0.021960978230371853,-0.8226913447657275,0.4106835385368317,0.4284011969601556
BSCL2,5150.6147,-0.3206027307944378,0.020389233315826674,-15.72411899105482,1.0337878111360121e-55,2.3027227622448653e-55
BSDC1,4356.2485,0.13366575746962106,0.009078330300345138,14.723605888688514,4.54751132888365e-49,9.574227832961968e-49
BSG,34624.184,-0.43322015020231686,0.016615428185581194,-26.073366594203314,7.310925376295601e-150,3.3781917779392223e-149
BSND,23.435,2.702718974616574,0.09577062538437191,28.22075102641661,3.25403706197911e-175,1.800242949587845e-174
BSN,399.82996,1.590230427338167,0.041349497285342665,38.45827716754039,0.0,0.0
BSPH1,0.0574875,-0.28668053978883024,0.5167571134398597,-0.55476844407715,0.5790530538441185,0.5952545232927776
BSPRY,1058.8033,-0.3896193764092508,0.036138173092840314,-10.781379994176909,4.215140379104151e-27,7.17765498311989e-27
BST1,252.29752,0.15961567160472387,0.029549700276874456,5.401600358350803,6.604896969883048e-08,8.590079047518141e-08
BST2,7254.4814,-0.723557168892369,0.03067665356778235,-23.58657430784018,5.293417842849287e-123,2.0098600123567445e-122
BSX,0.25347826,-0.619799386210243,0.26030382704735733,-2.3810613667907474,0.017262835884843866,0.019521972770068115
BTAF1,1783.7877,0.0693149399611746,0.01625692547845171,4.263717641632203,2.0105348020586892e-05,2.4879940454116733e-05
BTBD10,1343.3008,-0.009182722520762287,0.011707792827618968,-0.7843256757242938,0.43284903738539793,0.4503921880879749
BTBD11,616.0093,-0.35182810192170083,0.03808591327010319,-9.237748860754772,2.517375397475219e-20,3.9570140300492573e-20
BTBD12,621.5738,-0.09925689296577633,0.013337126631447946,-7.442149700501157,9.905987200315261e-14,1.422156359997309e-13
BTBD16,66.71583,-1.9405177593856777,0.0616871653248296,-31.457398782508214,3.3253087722114207e-217,2.53938339435305e-216
BTBD17,97.001816,3.1755957276819995,0.10665333972635078,29.774930028725645,8.250560182712971e-195,5.26726731764984e-194
BTBD18,11.410648,-1.063535958914448,0.04530514213368056,-23.474950277747794,7.353705480188571e-122,2.764803137048183e-121
BTBD19,62.9205,0.6617639491184187,0.027757249329307065,23.841121332570424,1.2518826547262062e-125,4.852833009819274e-125
BTBD1,3216.627,0.3329616047513738,0.010253419946660097,32.47322420065622,2.546852255892248e-231,2.1595737225202114e-230
BTBD2,5283.343,-0.17047878787477952,0.01249784665061872,-13.640652877297047,2.2949671900830357e-42,4.5490445937981236e-42
BTBD3,2258.4744,0.36248532627281693,0.017804930064314148,20.35870542391709,3.887191941487931e-92,1.1590413113174104e-91
BTBD6,2676.2295,-0.20051276747040017,0.013157945933101194,-15.238911034432359,1.950948871304222e-52,4.2182846294480304e-52
BTBD7,1860.7983,0.2714340776318649,0.01267953950371878,21.407250440937233,1.1436413161023156e-101,3.666098811923641e-101
BTBD8,16.459173,0.9094207573425188,0.03005910209756162,30.254421918221254,4.5633529492534116e-201,3.0753162096607154e-200
BTBD9,1297.7524,0.126450415477918,0.015090181030171231,8.379648675194398,5.308592041988745e-17,7.998048204162573e-17
BTC,63.73158,0.3952083906974611,0.03876059453510773,10.19613851225883,2.063128638890653e-24,3.4107377961165085e-24
BTD,1036.1483,0.30838968135681344,0.019404886893341414,15.892372011847907,7.156741135066021e-57,1.6089232858746591e-56
BTF3L1,0.30283907,-0.4780610658026515,0.0684286631178843,-6.9862692623276885,2.8229205951525954e-12,3.963301868609868e-12
BTF3L4,2069.926,0.11344188785569008,0.011764503657949158,9.642726217271269,5.276761284714209e-22,8.457690363367705e-22
BTF3,17734.492,-0.18570856207705322,0.011606675910095711,-16.000150561240392,1.2746645913138626e-57,2.8885681672483226e-57
BTG1,7961.736,-0.01970683940550602,0.016395055673655515,-1.2019989317372106,0.22936394197660348,0.24429089692396916
BTG2,8690.412,0.44331793874637715,0.025509116410480155,17.378804173877406,1.1941770294436407e-67,2.946582249720407e-67
BTG3,1596.2703,-0.05923584984464611,0.02003312743518876,-2.956894775230983,0.0031075414646905483,0.0036131602900990787
BTG4,1.4494581,-0.4693196294838563,0.07661545740331888,-6.125651994913576,9.031300868435058e-10,1.2158990502610061e-09
BTK,456.67245,-0.3580661060245819,0.03337054177827304,-10.730005775864038,7.359157576332839e-27,1.2506267871165297e-26
BTLA,55.162636,-0.5969046883655492,0.03861128641342438,-15.459331812317378,6.527208994431858e-54,1.4315140355234104e-53
BTN1A1,7.687553,-0.4867593680488694,0.047980969956872704,-10.144842184023979,3.4934260716874315e-24,5.758919950889427e-24
BTN2A1,1299.6208,0.17815239664712978,0.012023589813037005,14.816905717622014,1.1391218408399007e-49,2.4107465236652326e-49
BTN2A2,772.7879,0.028240942289169187,0.018608064610504984,1.5176721964532551,0.12909705652572537,0.13997374307968488
BTN2A3,57.709328,0.08908422491243478,0.01958303425217171,4.549051171809882,5.388833903757381e-06,6.756036051887218e-06
BTN3A1,1873.4663,0.056815665867590716,0.017957883518917746,3.163828621994246,0.001557084543536211,0.001829870943307188
BTN3A2,2859.6118,0.03224799994134306,0.01984537448801079,1.6249630341228927,0.10417043562806669,0.11360040167935131
BTN3A3,1342.2272,0.18413631002668684,0.018928589772128225,9.727946574119429,2.2917232682461385e-22,3.690065961580444e-22
BTNL2,0.9231836,0.38818188359129263,0.06306886724310612,6.154889100750794,7.513004951347094e-10,1.0132975674360746e-09
BTNL3,61.923183,-2.5270720305562486,0.09042195992035877,-27.947547617658646,7.060600026566932e-172,3.8312035165478722e-171
BTNL8,102.56297,-1.535035378002037,0.0641296657682202,-23.936431908908094,1.279417197775375e-126,4.9966726893360556e-126
BTNL9,558.17676,1.0255088780412236,0.03725998243182843,27.52306391763641,9.300380923643967e-167,4.8562825140925244e-166
BTRC,1431.0415,0.23127194258413136,0.013649835039812295,16.943204215258536,2.160305440725064e-64,5.178577471767524e-64
BUB1B,880.5136,-0.7511758595819837,0.03011388384107541,-24.94450279300666,2.449790235091042e-137,1.0294175313976993e-136
BUB1,1066.9209,-0.6457143788690844,0.031065014787930473,-20.78590283240298,5.806180784141224e-96,1.781046174240337e-95
BUB3,4358.403,-0.2926889660727782,0.011822876543383463,-24.75615515384691,2.66149495435413e-135,1.104696753836814e-134
BUD13,912.79004,-0.048479585959861175,0.008761338728582715,-5.533353687342655,3.141650616433054e-08,4.109274969480279e-08
BUD31,3194.911,-0.3775845021871793,0.0126377199873527,-29.877580969118647,3.8487140418298044e-196,2.4827620144997777e-195
BVES,297.49933,1.3257565834011635,0.0325262514254899,40.75958726563264,0.0,0.0
BYSL,1226.938,-0.4680677869933086,0.015481916043204473,-30.233195018439535,8.67755904969988e-201,5.834426178759573e-200
BZRAP1,1207.3665,0.34975574412331706,0.03306695865058194,10.577197250560015,3.801602984301214e-26,6.407022777929504e-26
BZW1,8585.973,-0.03072905492382632,0.012738174218592739,-2.4123594477907164,0.015849647151185052,0.017957758715063523
BZW2,3671.163,-0.4455612733914909,0.017002259389154343,-26.206003754754633,2.27005008653827e-151,1.0592699911032005e-150
C10orf105,62.536236,1.0929202439098626,0.03976907767196606,27.481659316436243,2.908670543257654e-166,1.5133560845944948e-165
C10orf107,63.125847,0.39180005742208396,0.05042758649592917,7.769557986950506,7.876048106281957e-15,1.1497810368262896e-14
C10orf108,108.42811,0.14299085688115623,0.05044856324895234,2.834389082113765,0.00459133933867683,0.005305958880406515
C10orf10,4896.087,0.8123943080140417,0.03084022212356833,26.342038159096262,6.332142506380799e-153,2.989705224661565e-152
C10orf110,55.20083,-0.2577464713407201,0.03332650395013751,-7.733978689344539,1.0423649009596044e-14,1.5187509495911103e-14
C10orf111,14.833013,-0.0812452494719253,0.02279833473982151,-3.5636484155141135,0.0003657357507406805,0.00043867174203661565
C10orf113,0.2622823,-0.6901291443571579,0.09236670833371001,-7.471622154854787,7.921218626438745e-14,1.13905982494467e-13
C10orf114,193.78152,0.34118162772336036,0.03720953477428423,9.169198964539417,4.765469309891917e-20,7.460222197623186e-20
C10orf116,4245.3516,-0.366907446185472,0.04120831185164641,-8.903724265783355,5.400350175482036e-19,8.350097153690193e-19
C10orf118,1056.6729,0.2395225908985564,0.02219077163228702,10.793792792227965,3.682703334103004e-27,6.276256251381472e-27
C10orf119,3173.8704,-0.014990362726474972,0.010562502827907768,-1.4192055586359809,0.1558390958665585,0.1680559432569132
C10orf11,208.12256,-0.28074633789777215,0.02921447198352232,-9.609837824764384,7.266334237317452e-22,1.1617347160165384e-21
C10orf120,0.2599345,-0.10711631616174734,0.13918087870082957,-0.7696194848143956,0.44152564336682987,0.45899819103887307
C10orf122,0.6828036,-0.10945161677986079,0.12464756725418841,-0.8780886718523823,0.37989560004949685,0.3974866132905595
C10orf125,569.9155,-0.4465147988183513,0.03246721181000505,-13.752791629638917,4.900160837344895e-43,9.771045493389297e-43
C10orf128,40.453045,0.6746628157281193,0.03153845721098682,21.391750750987658,1.5946018885443435e-101,5.1060867959852613e-101
C10orf129,5.3959827,-1.9467030460239552,0.10757880527404147,-18.09560016087751,3.4516352302111186e-73,8.890668225185749e-73
C10orf12,273.69598,-0.22365135675741313,0.021716777252875137,-10.298551859383435,7.152996959628533e-25,1.1895757645897508e-24
C10orf131,2.5162477,0.6308135928734585,0.034865019121321526,18.09302300045743,3.61691558543262e-73,9.309327990369497e-73
C10orf137,772.82837,-0.062075942310942454,0.013515766887155589,-4.592853874235946,4.372252242003054e-06,5.492360300792261e-06
C10orf140,93.63577,0.4471328313773825,0.035536621384915604,12.582311259538564,2.6418566659211382e-36,4.9558241833123064e-36
C10orf18,3030.651,0.11949129535072679,0.014506337167681342,8.237178963201087,1.7631864362219132e-16,2.6392701018338307e-16
C10orf25,150.70537,0.5793023753048969,0.020856486249732124,27.77564582875686,8.541804125605584e-170,4.566769700451788e-169
C10orf26,3688.1714,0.33519408186836025,0.012173823563051364,27.534001961857246,6.879532886164443e-167,3.595902696519176e-166
C10orf27,43.59081,-5.2343394896992335,0.12390483460524206,-42.24483658265409,0.0,0.0
C10orf28,749.55804,-0.13006647108768554,0.011533586574504415,-11.277192072690047,1.700885932832502e-29,2.9675496363473225e-29
C10orf2,856.4625,-0.32044734488176846,0.01415600282529926,-22.636852283546652,1.879982042900526e-113,6.636822335947947e-113
C10orf32,1428.7139,0.4548065584483808,0.018277215309652182,24.88379935034184,1.114293718949396e-136,4.669803586679859e-136
C10orf35,407.3771,-0.39548564339027836,0.022234469795144117,-17.787050783493395,8.904489476002705e-71,2.2525658703024238e-70
C10orf40,0.17587201,-0.5472146439837924,0.16792112850264324,-3.258759924157958,0.0011190031775764222,0.0013219860553750583
C10orf41,216.47435,-0.2203018622743075,0.02743131985778645,-8.031033993859186,9.665456539315138e-16,1.4319533523789614e-15
C10orf46,2821.0789,-0.08375634978830637,0.01074460059498357,-7.795203651163215,6.430468384307039e-15,9.400294811237668e-15
C10orf47,699.6425,-0.3859796066232007,0.028155488404285667,-13.70885850321279,8.986043288913953e-43,1.78728854356193e-42
C10orf4,768.59424,0.2224166875890986,0.013507251075730612,16.466465777683638,6.389596441940864e-61,1.4887364838804536e-60
C10orf50,2.4923666,-1.1430918593326003,0.05766051713179443,-19.824516258150084,1.829314794116224e-87,5.274468190541312e-87
C10orf53,0.5721562,-0.45489245745946755,0.09738693822012102,-4.6709801722207,2.9976587691362194e-06,3.778204350946839e-06
C10orf54,2850.3743,0.20278960372844346,0.023626794271916315,8.583035065806058,9.2402174076018e-18,1.4072530386098523e-17
C10orf55,43.352417,-0.10242375670202164,0.03548960177073388,-2.886021583552518,0.0039014540064990525,0.004519728127820315
C10orf57,1837.6145,-0.13105246792189945,0.01774485808023468,-7.385377066941652,1.5202194016518596e-13,2.176369228481134e-13
C10orf58,4661.0933,0.04968104687201601,0.021079955123888723,2.356790921993723,0.018433622262749076,0.020813605215867587
C10orf62,2.6916773,0.14417908282464467,0.053313749409340624,2.7043508367352675,0.0068437988563765035,0.007860369001295794
C10orf67,17.697687,0.30114241487684623,0.04815483426253132,6.253627896112632,4.0102585911977816e-10,5.429236245391384e-10
C10orf68,14.981583,0.036716654264838,0.029399175674636884,1.248900808348651,0.21170135592959416,0.2260346080013954
C10orf71,7.6256747,0.060177152387445025,0.12291994861564834,0.48956376133551494,0.6244426250919735,0.6396169955850014
C10orf72,1325.5397,1.2698020682820594,0.031489208975878175,40.32499099150988,0.0,0.0
C10orf75,319.14957,0.17570391363412294,0.02398400123455723,7.325879944542399,2.3733619461520295e-13,3.3853622827512907e-13
C10orf76,1459.2413,0.010380594345229121,0.008258891417756606,1.2568992398799257,0.20879012382632078,0.22299643956458215
C10orf78,326.43567,-0.10282486831796234,0.013962040767620821,-7.3646016387820685,1.7767663809718445e-13,2.539716825823617e-13
C10orf79,144.37672,-0.203405873788291,0.04069976883451703,-4.997715702399388,5.801342941659721e-07,7.4170774271069e-07
C10orf81,899.69745,-0.7349005248065748,0.05897975312798964,-12.460217037731509,1.230353203374338e-35,2.2938425702837134e-35
C10orf82,67.53061,-0.5118270295591555,0.06057220586652367,-8.449866109994618,2.916370776196805e-17,4.409207829540379e-17
C10orf84,1264.7739,0.12406441533801349,0.01022359212440645,12.135110030635762,6.881743968239367e-34,1.2606210675669002e-33
C10orf88,412.3618,0.042713394005631435,0.009611020798985726,4.444209923064476,8.821543984941527e-06,1.100949022187363e-05
C10orf90,90.38752,0.29975269588031034,0.07502511640817007,3.9953646222889163,6.459476016661395e-05,7.902678458218217e-05
C10orf91,13.857715,-1.6473411854013857,0.047645130351805925,-34.575226749042685,5.955876842661029e-262,6.259974013409183e-261
C10orf93,25.718416,0.3253896875807379,0.04839700818038212,6.723343029138641,1.776017989013783e-11,2.456883212497901e-11
C10orf95,70.17928,-0.8502310694002676,0.03560169185944347,-23.88176024771533,4.7390342820319896e-126,1.8430181269892888e-125
C10orf96,0.97693276,-0.34459079757829475,0.2729504294602753,-1.2624665887490236,0.206780941457837,0.2209316812983523
C10orf99,835.7226,-3.2458714812963962,0.0989416462979437,-32.8059174548408,4.848380032927355e-236,4.243687407152538e-235
C11orf10,3186.6084,-0.4176651342889264,0.012390434134170337,-33.70867636809348,4.313855942650968e-249,4.170265581027116e-248
C11orf16,22.361082,-1.672354407390887,0.06545971960795288,-25.54783945618533,5.802753555856957e-144,2.54993005922063e-143
C11orf17,799.8683,0.02233193769358548,0.011891232345890753,1.8780171006668385,0.060378825748899904,0.0667056931529115
C11orf1,710.6222,-0.09743236117834202,0.01628637744497645,-5.982445237286032,2.1981242562686625e-09,2.936457462819797e-09
C11orf20,14.210223,-0.01581238896000416,0.04551063751190559,-0.3474438026904729,0.7282579307007638,0.7410337470580193
C11orf21,73.89396,-1.5800325763479905,0.04362753725733087,-36.21640540992244,3.359683458926003e-287,4.2144051472750765e-286
C11orf24,2251.54,-0.22074594518820798,0.01653243156700968,-13.352297530673258,1.1485114933248393e-40,2.244221661637432e-40
C11orf2,5360.065,-0.17019861007213066,0.01433857434992405,-11.86998134671821,1.695054211898602e-32,3.0569234387495474e-32
C11orf30,855.2636,0.25035675154633696,0.015953702834602294,15.692704956452703,1.6966879290090006e-55,3.768176016875122e-55
C11orf31,2677.1704,-0.4592976261394474,0.013502486987258318,-34.01577995023182,1.3020076773278529e-253,1.2981182322584602e-252
C11orf34,1.6316636,-0.8240171992177541,0.061435512527446556,-13.412717910502028,5.093727224457419e-41,9.980097446129208e-41
C11orf35,134.45543,-0.7054731151308961,0.025755179950493357,-27.391504019267483,3.4623289916880853e-165,1.789075023902988e-164
C11orf36,0.6920865,-1.2024461399356983,0.11523637324233194,-10.434605898322225,1.7232734299187776e-25,2.8844959105250675e-25
C11orf40,0.013159233,-0.4387517931926966,0.8879045092341626,-0.4941429946910955,0.6212051954105227,0.636493033385145
C11orf41,613.407,0.8252494450954899,0.04583271035396943,18.005687176735286,1.7580430514391468e-72,4.5032710725024643e-72
C11orf42,2.5939803,0.14694711112955056,0.037127433050715836,3.9579119549908492,7.560781533305238e-05,9.235612361946443e-05
C11orf45,125.92524,-0.12299184665513489,0.023938555191874433,-5.1378141107230455,2.779526225805079e-07,3.578371976170836e-07
C11orf46,1117.3176,0.3308460438098284,0.011039946695668067,29.968083445515923,2.5579750308598471e-197,1.6638279122452277e-196
C11orf48,1621.8966,-0.5604396394462406,0.01358894051908589,-41.24233516653443,0.0,0.0
C11orf49,1448.0908,0.05271942017296729,0.016491428400160116,3.1967770707148344,0.001389722862880786,0.0016357384381910113
C11orf51,1300.9691,-0.44883507975325143,0.014880975920785378,-30.161669647373714,7.541349607735499e-200,5.020743514188588e-199
C11orf52,538.8886,-0.11323277252292151,0.03519668098330557,-3.2171434737448648,0.0012947383437529572,0.0015254385382214386
C11orf53,41.869816,-1.7971477227122534,0.06878302829628045,-26.1277784248042,1.7631664336669e-150,8.176834948297134e-150
C11orf54,1962.6428,0.7934801982172778,0.02580554193780472,30.748441560719236,1.2828696492810955e-207,9.08134325094361e-207
C11orf57,1570.2222,0.28497636614289235,0.009434870945410324,30.204585499022812,2.0619410346253752e-200,1.38089005012954e-199
C11orf58,6374.5874,0.20932292173190428,0.00902388868108859,23.19653190875275,4.935409902324124e-119,1.8186427185776802e-118
C11orf59,4634.0786,-0.12562455027202496,0.01098474467691523,-11.436274029748612,2.754633324579654e-30,4.8605980113639426e-30
C11orf61,445.93732,0.2375455242733751,0.01564299068081845,15.18542899630153,4.416642121600523e-52,9.527274523592398e-52
C11orf63,206.74068,0.3822375782044648,0.027216440401536278,14.044363354103012,8.341462316177789e-45,1.6934965226871124e-44
C11orf64,0.045282666,-0.38053874148239725,0.5692362676680804,-0.6685075479138093,0.503809665483022,0.5209274240512364
C11orf65,16.977535,-0.06468691143236178,0.023056188028426784,-2.8056203979863032,0.005021981601902728,0.005794090639982865
C11orf66,77.5178,-0.3379511037640876,0.0326169351901481,-10.361215785417057,3.7220059905639497e-25,6.209137984422439e-25
C11orf67,654.12494,-0.1650146813069157,0.020855744796953273,-7.912193158933457,2.5289360251617208e-15,3.722282282841778e-15
C11orf68,2052.5598,0.14858061748649806,0.01166542472243245,12.736837365276516,3.690543373180396e-37,6.983527515064568e-37
C11orf70,99.594025,0.1351166086550055,0.03807172121465664,3.549001840321026,0.00038669437787562666,0.00046331866991348184
C11orf71,612.6966,0.1934579620952476,0.017471176825155938,11.072978313441165,1.6966627194764e-28,2.929552735630568e-28
C11orf73,1066.0856,-0.10712221136786165,0.01171512632496234,-9.143922856350933,6.022704752666729e-20,9.413915244494581e-20
C11orf74,422.20163,0.24972797214249517,0.016671767639166335,14.979093851801231,1.0057899394329361e-50,2.1459733155434024e-50
C11orf75,894.6598,-0.16672580955807376,0.023484848294687402,-7.099292593505466,1.2539707759011636e-12,1.7701838182340722e-12
C11orf80,678.47577,-0.5056601353157234,0.019290438665178693,-26.212993083899853,1.889569799451074e-151,8.821314273566709e-151
C11orf82,343.99924,-0.6576059958463074,0.028390065705395522,-23.163243180565434,1.0691996952798017e-118,3.924253938381375e-118
C11orf83,1121.5615,-0.8251503036587472,0.01881460976908988,-43.856891733910366,0.0,0.0
C11orf84,1172.8431,-0.34909704837682787,0.015382169827976305,-22.6949157551172,5.029072478829722e-114,1.781881075469793e-113
C11orf85,8.329603,-0.6618050013986568,0.07120125865271529,-9.294849752960351,1.4741425355856672e-20,2.3232751108521906e-20
C11orf86,38.975327,-1.2487126836604492,0.07890526075003813,-15.825468058666111,2.076491895320475e-56,4.650236332287928e-56
C11orf87,55.01141,1.689883808082332,0.07550104570903798,22.382256990117973,5.860208344143681e-111,2.0283573899765592e-110
C11orf88,31.327349,-0.8401238807149738,0.06072494055158944,-13.834906598240943,1.5694017606258219e-43,3.149167203290076e-43
C11orf90,5.0321846,-0.04553521131867645,0.047900810017784096,-0.9506146410002385,0.34180003357406696,0.35912199429913966
C11orf92,663.52106,-0.27834541239096683,0.046354393562561796,-6.004725571812312,1.9165579023415576e-09,2.563847975147629e-09
C11orf93,190.96613,-0.2902623693214204,0.03748708716706662,-7.742996088968563,9.7101029400597e-15,1.4154946710344796e-14
C11orf94,0.27796763,-0.6104406200476259,0.08620745021220362,-7.081065714680089,1.4305004222806565e-12,2.0174257479365396e-12
C11orf95,1276.8313,0.5154176376242019,0.01691752183530731,30.466497554536137,7.243676633786065e-204,4.9805475375633404e-203
C11orf9,2108.8582,0.27076156235133875,0.044759587819125514,6.049241638361197,1.4552924383761015e-09,1.951284164442772e-09
C12orf10,2002.101,-0.27619371937766807,0.012676782214372986,-21.787368017139123,3.0572470130663524e-105,1.0120730396588272e-104
C12orf11,1350.176,-0.19181130319410927,0.01443781352552353,-13.285342884850287,2.8156568588883514e-40,5.484496554736696e-40
C12orf12,0.21211965,-0.5560458029052756,0.18387135843743582,-3.024102326923723,0.0024937207727063213,0.0029106037500159373
C12orf23,2785.127,0.41285130936435926,0.014230962970373044,29.010778133838187,4.811335983274358e-185,2.8633145069711387e-184
C12orf24,292.63266,0.3975250847420115,0.022805198047438996,17.431336659084756,4.771745319293176e-68,1.181417523476709e-67
C12orf26,206.43474,0.1724563561556722,0.014338626295301136,12.027397367360589,2.5507529231175253e-33,4.640405572491261e-33
C12orf27,94.87912,-0.5970436859375483,0.08630330309687627,-6.91797028055069,4.581603748004348e-12,6.409019562018725e-12
C12orf29,910.22974,0.07465514693163397,0.013691690891711098,5.452587815638603,4.964204360603363e-08,6.471552575880378e-08
C12orf32,1545.2784,-0.20524969977667892,0.012864460079510977,-15.954785393875712,2.6387916108354916e-57,5.961952991343888e-57
C12orf34,667.1559,0.30866123626384273,0.034573062536506535,8.927795619434058,4.345815957349779e-19,6.729271910228487e-19
C12orf35,2845.758,-0.17687835496003793,0.02218033210401189,-7.974558457041537,1.5292655084680618e-15,2.2585648521509808e-15
C12orf36,200.79568,-1.5079252697450585,0.08603063745427204,-17.527770505554695,8.795104070047905e-69,2.190598529020128e-68
C12orf39,48.977066,1.298204842443861,0.07788501999448086,16.66822249690448,2.231317563789454e-62,5.268165868165313e-62
C12orf40,1.8661511,-1.8366867831235751,0.11500379171789521,-15.970662842395456,2.046000187287369e-57,4.628279756998172e-57
C12orf41,1203.1863,-0.023763552963603208,0.0098931772762992,-2.4020142669972033,0.0163050724980829,0.018463483563516868
C12orf42,5.028082,-1.0082492769044364,0.04566082840187674,-22.081274304322424,4.784065859987767e-108,1.61899595816973e-107
C12orf43,577.7059,0.1587384003786795,0.00810422943542716,19.587105923329858,1.9919640209597933e-85,5.65296842803463e-85
C12orf44,2370.1106,-0.38239170139211154,0.013151216580988608,-29.07652680170265,7.111548252284108e-186,4.262113949610013e-185
C12orf45,451.66702,-0.6183159055723197,0.014903701634162743,-41.48740499172341,0.0,0.0
C12orf47,770.969,-0.2654117978762981,0.011436815704367274,-23.206791535072796,3.888232890511198e-119,1.434587412430545e-118
C12orf48,363.8238,-0.6954055629691368,0.025415427998112396,-27.36155232250209,7.869591196564485e-165,4.060238397639542e-164
C12orf49,1583.3658,0.47742462392939106,0.01880423282898192,25.389210411900617,3.318190273456606e-142,1.4413278382185415e-141
C12orf4,841.2877,0.19084020387208217,0.011591411060478802,16.463932033499912,6.66281777014547e-61,1.5522177249386844e-60
C12orf50,1.4196982,-0.9068697932708708,0.05966089774918201,-15.200404745557227,3.514428939539541e-52,7.585101111002386e-52
C12orf51,2925.0308,0.2947807208517922,0.01621404885594741,18.180574356889572,7.355931607877149e-74,1.908735809390401e-73
C12orf52,1207.5294,-0.24585795071128508,0.01119629133801902,-21.95887399575163,7.124257133652707e-107,2.391471574345185e-106
C12orf53,400.74454,1.8613701130987383,0.050670890329815,36.73450576816684,2.0552507311564e-295,2.7276955433906874e-294
C12orf54,14.912102,-1.6035416708142398,0.07038904144566274,-22.781126690752053,7.055289453335468e-115,2.512043336489276e-114
C12orf56,55.137623,-1.120960153116733,0.06459012878925707,-17.354976280882976,1.808751360463628e-67,4.457076851570927e-67
C12orf57,4036.2717,-0.20602486554338229,0.01858510397526822,-11.085483611904783,1.4755091157106404e-28,2.549859102517013e-28
C12orf59,190.12236,2.7264702810754535,0.04785796765465339,56.97003894419135,0.0,0.0
C12orf5,858.7534,-0.07441765573891652,0.016044961001917737,-4.63807021594019,3.516773214181923e-06,4.425091833592693e-06
C12orf60,63.694027,-0.1464823189803578,0.022211041415783197,-6.59502254929241,4.2519123266725445e-11,5.84462109639635e-11
C12orf61,30.185266,0.06531756959420014,0.01948640770003211,3.3519554039758965,0.0008024294355761154,0.000951908919641891
C12orf62,1638.8369,-0.272057031033026,0.014584437010627702,-18.653927528006573,1.1733284320649204e-77,3.1381757157658586e-77
C12orf63,13.741681,0.2510629214106117,0.044082673065823356,5.695274445715432,1.2317362452923457e-08,1.622786398622071e-08
C12orf65,832.8036,-0.16897265169741485,0.012979619897824769,-13.018305083474182,9.628440567159785e-39,1.8499945404568334e-38
C12orf66,282.2834,-0.053708076981418836,0.01529422187180176,-3.5116580255999432,0.00044532062247416946,0.0005325901752306654
C12orf68,183.68593,0.7204881693669953,0.040337159274864816,17.86164872090909,2.346058351057085e-71,5.962971531731735e-71
C12orf69,43.426308,0.017786741329943803,0.04325236011963209,0.41123169419535255,0.6809026501832471,0.6947575329564841
C12orf70,8.810777,-1.0367359651771488,0.04262877128383716,-24.320099640550293,1.2016080434405994e-130,4.843305910989341e-130
C12orf71,2.116301,-0.44351966577565105,0.041623822593093704,-10.655428505724043,1.64485404214502e-26,2.785293474509728e-26
C12orf72,125.12324,0.3886984736853741,0.01675711121929721,23.196031141558297,4.993180968232074e-119,1.8392649055950209e-118
C12orf73,332.3556,-0.2796923569167505,0.012448955188256155,-22.467135007490512,8.70272670244666e-112,3.0344033727540944e-111
C12orf74,7.2387395,-0.9693770045510838,0.05177697791150599,-18.72216269956665,3.2661665582646544e-78,8.773701670366817e-78
C12orf75,1708.3247,-0.4663526929322096,0.032504663188174486,-14.34725504560445,1.1083807825368366e-46,2.284653675373844e-46
C12orf76,474.27444,0.553490558834163,0.01987048661382742,27.854907108767105,9.393713373187683e-171,5.056758608268853e-170
C12orf77,1.5293819,-0.43887919225373356,0.10685714040801354,-4.107158310412925,4.005567004009401e-05,4.925369247727692e-05
C13orf15,1649.2672,1.2987946867201672,0.02684963260791821,48.37290348386892,0.0,0.0
C13orf16,7.816106,0.2204880702109295,0.04153337705069376,5.30869594210487,1.1041234600300418e-07,1.4312268892621688e-07
C13orf18,527.42664,-0.9959163265857724,0.03796770560323213,-26.23061654009959,1.189532299735502e-151,5.560892787672809e-151
C13orf1,721.67993,0.005367327757539769,0.013933101412678716,0.3852213228460145,0.7000734467557626,0.7132817186718331
C13orf23,2340.2708,-0.36593636651007394,0.016393196584572615,-22.322453380108367,2.236733377514687e-110,7.70779533392375e-110
C13orf26,5.253712,1.1831782734245004,0.09764646542684988,12.11695956686581,8.58865698272576e-34,1.5713198015035382e-33
C13orf27,453.86948,-0.022106987451380428,0.01894578535806024,-1.1668551624319599,0.24326886572829243,0.2587352856212677
C13orf28,0.019806055,-0.3633338755252387,0.8405404302549517,-0.43226222373982975,0.6655508396368108,0.679842935335198
C13orf29,219.50081,0.18816137897002058,0.028673176604152584,6.562278800416211,5.2991616249963194e-11,7.271881337510115e-11
C13orf30,60.614548,-1.135127371977778,0.08345188025749371,-13.602178506647213,3.886810265516286e-42,7.683422681391014e-42
C13orf31,514.7843,0.1669661929943709,0.017977523612821535,9.287496798240385,1.5795943943339024e-20,2.4883133916932775e-20
C13orf33,447.7962,1.4615629787731195,0.03938217572850203,37.112296406603654,1.7795780138829477e-301,2.5003746573252538e-300
C13orf34,421.83298,-0.7672793787917632,0.020225887510992795,-37.93551103133279,0.0,0.0
C13orf35,1.3195878,-0.1396209201111127,0.06744558620257479,-2.07012686777986,0.038440465447375505,0.0428545305028539
C13orf36,91.089424,1.3548308473359167,0.07663503874388178,17.678999965848924,6.086623211320103e-70,1.5279600734804683e-69
C13orf37,1054.8462,-0.27553596315215034,0.015224855883525849,-18.097771516530134,3.318239903770964e-73,8.55139825327507e-73
C13orf38,26.526482,-0.02437602595534992,0.042046248869022446,-0.5797431783102284,0.5620878209406376,0.5784827594040259
C13orf39,1.5473197,1.609166251703358,0.08431208940712721,19.085830549554963,3.3117092930880573e-81,9.117388708313693e-81
C14orf101,971.4936,-0.07717800492032909,0.011951174718935783,-6.457775635900131,1.0625311002884116e-10,1.4516219749544876e-10
C14orf102,621.79047,0.11901286880227693,0.010474323597707624,11.362344087624303,6.439326231808247e-30,1.1306446119308676e-29
C14orf104,662.8267,-0.01674331959114802,0.011527898875754778,-1.452417285370381,0.1463856129169652,0.15812939424717434
C14orf105,368.83392,1.0830655890947254,0.10615479606999685,10.202700482610021,1.9283481302628437e-24,3.1884382022270153e-24
C14orf106,1025.8695,-0.22537252803087005,0.020189029051387704,-11.16311871448711,6.178536987248757e-29,1.0717290152798624e-28
C14orf109,761.1263,-0.001921423530055709,0.013067502849722442,-0.14703830962596812,0.8831017822262459,0.8897446025804989
C14orf115,19.162624,-2.1931736261072166,0.09674292556901828,-22.670118907480873,8.835515935180162e-114,3.125669312325507e-113
C14orf118,447.27316,0.22290719873601758,0.016621905044510905,13.410448329424721,5.252036446995659e-41,1.0288291159856115e-40
C14orf119,2283.5657,-0.17968124065290214,0.010593699369488058,-16.961142126651197,1.5921927117172977e-64,3.8203242684563894e-64
C14orf126,682.22015,0.007149022094997561,0.013257183861123959,0.5392564642602353,0.5897099043542464,0.6058997700099976
C14orf128,195.50104,0.27510642556245507,0.02009973927416995,13.687064384760086,1.213121820251286e-42,2.4109671162139722e-42
C14orf129,1358.5356,-0.36249492024901653,0.017550878853579054,-20.653946920446945,8.996123265075634e-95,2.734837592260338e-94
C14orf132,1828.3372,1.5636076131303642,0.03850670470336558,40.60611327755868,0.0,0.0
C14orf135,1629.1216,0.45781085424854384,0.014707061025570099,31.128643136285447,9.869645686535647e-213,7.30145772282628e-212
C14orf138,304.51343,-0.17779393439171806,0.012843048831316334,-13.84359249325499,1.3907831357664378e-43,2.793228160310635e-43
C14orf139,258.68988,0.5108619478896884,0.02998047419493735,17.03982213783513,4.1599475769650575e-65,1.00346413174682e-64
C14orf142,525.26276,-0.11246488280384546,0.012583629974890107,-8.937395888806531,3.984488123073079e-19,6.174000585862304e-19
C14orf143,162.22194,-0.26865977583460093,0.013654279514956956,-19.6758661297588,3.471939169488822e-86,9.91516475685551e-86
C14orf145,240.11163,-0.2630053439999406,0.020314054400627314,-12.946964639014592,2.444290398168587e-38,4.672172398489743e-38
C14orf147,3261.4512,-0.12603073067808218,0.017801404157027627,-7.0798196348082945,1.443422033884255e-12,2.0355080132887407e-12
C14orf148,15.984061,0.15117007829106383,0.022912673890806996,6.5976620193471245,4.1769212292910115e-11,5.742314761775657e-11
C14orf149,253.89311,0.46188555015715893,0.0175717203178702,26.285733087125656,2.7920955032962502e-152,1.3128007471503085e-151
C14orf153,1117.002,-0.15008295933966992,0.012550225767583368,-11.958586412630682,5.8550133120051305e-33,1.060706673955441e-32
C14orf156,1549.5258,-0.5172323791461145,0.015390067157024484,-33.60819506950847,1.2733934892679964e-247,1.215425131177081e-246
C14orf159,2077.903,0.22234974805382549,0.017893918874668718,12.42599508867741,1.8886163518583619e-35,3.514977631180582e-35
C14orf162,13.736715,-0.2709616947072868,0.06131693317419578,-4.4190353411431955,9.914243569791434e-06,1.2361837630902976e-05
C14orf165,0.0919272,-0.35304335372138196,0.1718848630941683,-2.0539525550191393,0.03998028396015424,0.044529711753639706
C14orf166B,0.8332421,-0.04756506508147829,0.06580272209306544,-0.722843426054724,0.46977608418130323,0.48719735611263576
C14orf166,4924.523,-0.22244503824755463,0.01035164496768384,-21.488858914886674,1.9791566420367674e-102,6.400897549678562e-102
C14orf167,1197.3096,0.25267698478787926,0.01574409018793926,16.04900516775762,5.808766772798173e-58,1.320021014927983e-57
C14orf169,650.14056,-0.347688484239697,0.01360206968252805,-25.56143971871466,4.0969883826445107e-144,1.803082284527877e-143
C14orf174,70.33951,0.38614373451379214,0.027766741990610237,13.90669941199341,5.76803946186891e-44,1.1624580816094748e-43
C14orf176,81.53325,-0.6771871648689842,0.033549049166254,-20.184988299166072,1.3265903681561267e-90,3.911942831009644e-90
C14orf177,0.08779219,-0.44161914265372015,0.2774199201723572,-1.5918797120961905,0.11141173490619333,0.12132824343167638
C14orf178,2.2917278,0.5489374428670362,0.03467473510739858,15.831049355295836,1.90025448833566e-56,4.2564947879883055e-56
C14orf179,732.9942,-0.21052581228784903,0.01502324795554513,-14.013335392640128,1.2919204654330312e-44,2.6205249333218176e-44
C14orf180,32.788128,2.383249132341567,0.07799591865657646,30.556074899703955,4.695780647179941e-205,3.261733135310011e-204
C14orf181,120.00922,-0.5934797794420043,0.024097390015070948,-24.628384197244234,6.274008783328376e-134,2.581498480593824e-133
C14orf182,14.683984,-0.5646365317649512,0.029971221331980342,-18.83929004796559,3.59758822507006e-79,9.747577678227488e-79
C14orf183,0.47970143,-0.803605825836437,0.07325143580131425,-10.97051296053939,5.297101965639773e-28,9.093827381605545e-28
C14orf184,7.5277376,-0.7190268882437463,0.05260567826287806,-13.66823719391406,1.5715634495133635e-42,3.118161998698233e-42
C14orf19,25.58018,-1.129077325373517,0.03374403523603585,-33.46005649519223,1.837897961165397e-245,1.7259116508932802e-244
C14orf1,2550.3374,-0.2616451080443718,0.014292486805186582,-18.30647889417143,7.346976238260477e-75,1.9230790593307413e-74
C14orf21,597.49316,0.11648711828248429,0.013508161005717886,8.623462381976074,6.495952131825795e-18,9.910902986498902e-18
C14orf23,19.339766,0.6069647685198885,0.1263025162899479,4.805642724698394,1.5425514866130901e-06,1.9552238647712554e-06
C14orf28,198.86125,0.367872829653001,0.013435339203922822,27.380985628229634,4.61994948936008e-165,2.386641757266731e-164
C14orf2,2785.668,-0.5021045048922921,0.014051882637241027,-35.73218748366064,1.251077061152927e-279,1.485170722333087e-278
C14orf33,115.33788,-0.028332746197578272,0.017346846358126663,-1.6333081882808587,0.10240419551512993,0.11173412382724315
C14orf34,35.003338,-1.282750068491511,0.06959547052561657,-18.431516574334513,7.339640060610448e-76,1.937349046985195e-75
C14orf37,240.45663,1.2813426031170845,0.027712308961059886,46.237309381819124,0.0,0.0
C14orf39,13.47216,-0.1712506889839009,0.07402535570156031,-2.31340582373306,0.020700337200157695,0.023332862643008
C14orf43,2424.9087,0.2627929074756583,0.01475296295737215,17.812890077402315,5.613499327673567e-71,1.4228739144933534e-70
C14orf45,343.2498,0.5047930865815856,0.02235112969602057,22.584678870681866,6.130286909137513e-113,2.154808549432504e-112
C14orf48,0.35392487,-0.4736981530322775,0.10045516045220738,-4.7155183556512705,2.410961556084912e-06,3.04420530391545e-06
C14orf49,124.616646,0.4265353953800662,0.03167546298213297,13.465798293797947,2.4861660169803814e-41,4.88334336128351e-41
C14orf4,3123.5754,0.2718445175635409,0.016558949633051243,16.41677301928295,1.4508010604476313e-60,3.369864094655257e-60
C14orf50,52.99685,-0.4617807766669272,0.03818295707987297,-12.09389769631911,1.1375889221918822e-33,2.077331856391114e-33
C14orf53,3.6872907,-0.789234097044961,0.12604646416705015,-6.261453681072593,3.814051119487302e-10,5.165664365463144e-10
C14orf64,69.08746,0.7627456362437188,0.03897606385059616,19.569591202628644,2.809258003006426e-85,7.962367211918118e-85
C14orf68,149.75922,0.2843075753937979,0.0836112328446214,3.400351432709284,0.0006729929643534936,0.0008004126510849852
C14orf70,0.7709308,-0.7592842025979728,0.14809145610742436,-5.127130373052677,2.941918021165271e-07,3.784085733693692e-07
C14orf72,18.215506,-1.1725666435507118,0.03815378718905823,-30.73264097586049,2.086172253485769e-207,1.474223565037028e-206
C14orf73,190.73236,-0.32682170327225885,0.05070545439506401,-6.44549402369765,1.1522446748580266e-10,1.5728159125333264e-10
C14orf79,588.52325,-0.07429426589815356,0.01747407505123389,-4.251685178203893,2.1216797369237747e-05,2.6239386322458467e-05
C14orf80,621.0282,-0.8576040422549444,0.02078629744394151,-41.2581434749413,0.0,0.0
C14orf86,6.87348,1.2027396846651235,0.09242705064706136,13.01285366399781,1.0340711672551647e-38,1.9866617810840706e-38
C14orf93,499.14517,-0.10439759183691338,0.010846241439272509,-9.625232152670543,6.256548455421447e-22,1.0014707917597708e-21
C15orf17,2391.2588,0.2682036124498957,0.014131787312341304,18.97874674462962,2.5562083512299556e-80,6.979861295961731e-80
C15orf21,366.34937,-0.37808592399634233,0.041598836183400725,-9.088858215394275,1.0008453734926262e-19,1.5611562181226155e-19
C15orf23,817.57434,-0.3398941948020176,0.01683571671468689,-20.18887586208348,1.2262275262557817e-90,3.6180820589915163e-90
C15orf24,2725.2397,0.02041570114253373,0.01170523909611331,1.7441507153247902,0.0811328126280281,0.08894421045145787
C15orf26,19.485474,-1.0380454855072394,0.051059825100783066,-20.329985139164133,6.98236293371169e-92,2.07675568980915e-91
C15orf27,71.74336,-0.35016724064097676,0.03098636256788984,-11.300688807012273,1.301927782360266e-29,2.2744077330592637e-29
C15orf28,33.41681,-1.8322172323585586,0.04653712686428891,-39.37108618032333,0.0,0.0
C15orf29,794.18555,-0.057684702906527316,0.01259716182602916,-4.579182493895969,4.667967915299582e-06,5.860218214687314e-06
C15orf2,5.953454,0.24620066598353188,0.08003454463217152,3.0761800059591575,0.0020967122340041547,0.0024535558323997347
C15orf32,0.42599386,-0.301485129904816,0.11036806260271753,-2.731633796907772,0.006302114621634935,0.007245581182621732
C15orf33,54.26548,0.6797893032186247,0.02224991791318244,30.552440951517802,5.247835164044671e-205,3.643952118171401e-204
C15orf34,33.03659,-0.19222928174067277,0.023936450257868343,-8.030818257084029,9.68246969305101e-16,1.4343695006972678e-15
C15orf37,148.12532,-0.006018214938424195,0.017543071371395744,-0.34305366551931094,0.7315580877852511,0.7442058216769064
C15orf38,731.7635,0.3811674888560625,0.016615530513688456,22.94043446533611,1.83587353551794e-116,6.620005191216746e-116
C15orf39,2516.847,-0.27539897698102495,0.016452034202368633,-16.7395091447947,6.754284978914196e-63,1.6038078829684407e-62
C15orf40,519.07684,-0.05291277968455674,0.010537037407757934,-5.021599301298816,5.124299944725592e-07,6.559709668930353e-07
C15orf41,389.76907,-0.07934202813494555,0.01817129557405153,-4.366338537151163,1.2634660615013076e-05,1.571920407364038e-05
C15orf42,467.6413,-0.8700110840784157,0.031438671712853125,-27.673277421664334,1.46461709220428e-168,7.769186915108633e-168
C15orf43,1.4500709,0.30330510860538373,0.16426527996629953,1.8464346736425947,0.06482911652547721,0.07146718558274802
C15orf44,2023.247,-0.08563738959902494,0.007508400983733276,-11.40554290914347,3.92321971893021e-30,6.907621746752587e-30
C15orf48,1456.3478,-1.1552717110725528,0.04521866909780755,-25.5485562517046,5.697296424777305e-144,2.5041290568229958e-143
C15orf50,1.9133561,0.06897441622070889,0.06612482733266951,1.0430940843702063,0.2969047202249292,0.3134071239207411
C15orf51,17.592113,0.693604410589433,0.03780916898350909,18.34487319443484,3.6277205699883604e-75,9.516397768894863e-75
C15orf52,1014.5828,0.4024765551028638,0.025916201829832616,15.529920539496867,2.176493258983044e-54,4.7919569870915746e-54
C15orf53,1.4241527,-0.658834884543229,0.046895422166986736,-14.049023424871375,7.810363286507902e-45,1.5864629966079456e-44
C15orf54,3.5462327,0.5182089022524942,0.04069759975313498,12.73315638749865,3.868769617717226e-37,7.31942018837515e-37
C15orf55,4.5391884,-1.3937090381636275,0.06101009591274379,-22.843908328826434,1.6800588114974556e-115,6.015532420555171e-115
C15orf56,33.94471,0.08586060614432907,0.03644668039375423,2.355786733297191,0.018483525982611496,0.02086879466947579
C15orf57,834.92053,0.015022834461963673,0.011592616988881381,1.2958967312016134,0.1950110655724948,0.20884956780591382
C15orf58,120.78921,-0.2641641266660695,0.013634327289364772,-19.37492925464143,1.2563406278954192e-83,3.521178254862726e-83
C15orf59,312.14346,0.8505811208573391,0.04636767705879934,18.344268568354376,3.6683019873168406e-75,9.621613006929085e-75
C15orf5,2.9165106,-0.8854093166659937,0.06581690919623967,-13.452611608151601,2.9718756889992895e-41,5.835125581284264e-41
C15orf60,1.0620967,-1.9077035370147486,0.09526206807284457,-20.025846337452744,3.2789367484029846e-89,9.578974495729139e-89
C15orf61,317.65778,-0.3307097464531895,0.01470153673049728,-22.49491005706607,4.655243542962155e-112,1.6270575672303266e-111
C15orf62,135.56648,-0.8210246088764231,0.024460167455467835,-33.56578038033386,5.299050335428071e-247,5.045994657576244e-246
C15orf63,2246.442,-0.45187966232517457,0.014798737876689306,-30.535013599839953,8.941302503999638e-205,6.200135479527542e-204
C16orf11,10.299315,2.7331518655479003,0.09143149763082267,29.892891797350604,2.434302277668989e-196,1.5738316948575087e-195
C16orf13,2067.2676,-0.6318540471562575,0.017177032963230376,-36.784818921220065,3.228836122373901e-296,4.327575682383822e-295
C16orf3,7.837024,-0.15820181754633517,0.02867326563831046,-5.517397967218673,3.440557167996246e-08,4.495334577283761e-08
C16orf42,2319.5486,-0.2721737026817612,0.01333817098869487,-20.40562404788853,1.4904720965208095e-92,4.456531269359254e-92
C16orf45,1205.1595,1.4084491015904377,0.03011002206164191,46.77675422180127,0.0,0.0
C16orf46,119.081696,0.35562196595139256,0.01814726805135715,19.596446415238642,1.6580628565952258e-85,4.709990469851012e-85
C16orf48,839.1683,-0.2542042856007303,0.020538688054904938,-12.376851185488578,3.487592410812229e-35,6.474912811574518e-35
C16orf52,661.82306,0.4426201990644,0.01270971211123521,34.825352076474644,1.0055314363005811e-265,1.0889156655129538e-264
C16orf53,2355.7031,-0.27489631785894975,0.011954851216990497,-22.99454111718773,5.286015194231583e-117,1.914570064745789e-116
C16orf54,248.37071,-0.8937166403962777,0.03638733101942438,-24.561203456202694,3.283301393179947e-133,1.3444234324969939e-132
C16orf55,367.53958,-0.27164731043265505,0.01499077790551214,-18.120961576835168,2.1775585702320622e-73,5.623150042028736e-73
C16orf57,2397.0774,-0.2828292590572208,0.012897240045098003,-21.929440567768516,1.3609022690294352e-106,4.56376367899362e-106
C16orf58,5459.718,-0.07878382401254315,0.010952442691335095,-7.193265122023612,6.325993364612141e-13,8.966852253020858e-13
C16orf59,319.82245,-0.9426497173323067,0.02528457317421632,-37.281614794809514,3.259121179175201e-304,4.6497861308218586e-303
C16orf5,2366.5188,0.5060889968415038,0.02445422296584482,20.695362005505455,3.81353753808886e-95,1.1627948290841859e-94
C16orf61,1000.1231,-0.30063815209875216,0.01362270255018084,-22.068906737948353,6.289388852728901e-108,2.1273578277572302e-107
C16orf62,2388.4495,0.3922078269393422,0.014826961183302605,26.45234057677492,3.429392969900579e-154,1.6331932508586175e-153
C16orf63,1727.1841,-0.0472508871208184,0.011312795847444922,-4.176764767790834,2.9568452532826596e-05,3.64706243254463e-05
C16orf68,455.36774,-0.17094437429406817,0.011421483786519316,-14.966914762496307,1.2079649719449462e-50,2.5754486191043206e-50
C16orf70,1213.182,-0.08344087404723545,0.012030593370308597,-6.935723906450601,4.041462258510397e-12,5.6565468253137066e-12
C16orf71,58.15569,-0.07468756624985697,0.029841122017985718,-2.502840416149285,0.012320108158031766,0.014018056334285404
C16orf72,2382.6384,0.1444126075847876,0.009860818569090433,14.645093262080804,1.4480243427475727e-48,3.0342041574719877e-48
C16orf73,25.910233,-1.06722830659472,0.07044054724885175,-15.150766827867267,7.488770465415279e-52,1.6125211835577966e-51
C16orf74,285.98962,-1.3574438010779237,0.0351781139301338,-38.587736789240665,0.0,0.0
C16orf75,739.18304,-0.8757698983699468,0.024616077746058042,-35.57715032445372,3.161272745654437e-277,3.690387146145566e-276
C16orf78,0.062221073,-0.31523211453729777,0.24062839856177806,-1.3100370381111364,0.19018330614139012,0.20384005947525988
C16orf79,88.97624,-0.4379481086348078,0.02756882586471832,-15.88562787489907,7.969593403399444e-57,1.7902786284873582e-56
C16orf7,994.81934,-0.1073014222188593,0.016924129751659064,-6.34014414882045,2.2955028573456497e-10,3.1197692037850526e-10
C16orf80,1438.4425,-0.004469288744804241,0.011673109492998322,-0.3828704551674921,0.7018158185993794,0.7149138522398061
C16orf81,3.1573842,-0.11745509022593961,0.05158412000780586,-2.2769621776656455,0.02278848431429177,0.025648972436680684
C16orf82,0.92839056,0.4995819178299467,0.10742820308015634,4.650379541927079,3.31324718978747e-06,4.1713189992507025e-06
C16orf86,122.58727,0.32235357031351186,0.024085184713109477,13.383894462642672,7.510658586280917e-41,1.4700009436463487e-40
C16orf87,304.62167,0.072437882495038,0.014381180693140141,5.0369913319836845,4.72906187348279e-07,6.058329391029205e-07
C16orf88,931.82385,-0.21971686775704857,0.01298785362809841,-16.91710378393123,3.3657977941872194e-64,8.056940304745161e-64
C16orf89,1765.7286,0.48508425610451567,0.061804870061438866,7.848641306458602,4.2056857942487385e-15,6.166622764501985e-15
C16orf90,0.6541672,-0.691061685859977,0.070066795950377,-9.86289834559302,6.028363448021438e-23,9.776282574340328e-23
C16orf91,544.66766,-0.35581993671119866,0.012340078163789663,-28.83449618295818,7.928183905898037e-183,4.646226141052911e-182
C16orf92,0.9570213,0.09820525789718007,0.10926486285131895,0.8987816882249867,0.3687689557005376,0.38632124982542165
C16orf93,165.82658,-0.5516333356217626,0.02337574501239047,-23.59853494848467,3.989942832981397e-123,1.516640144448623e-122
C17orf100,166.41273,0.3106865254694775,0.01767640039078254,17.576345783131657,3.739116288284354e-69,9.338158551665992e-69
C17orf101,993.5875,-0.25278528240479803,0.013470015425942115,-18.76651766247831,1.4188681070350918e-78,3.826564550420908e-78
C17orf102,5.030035,2.395528690164993,0.07768358749675529,30.836998745263276,8.368571377756982e-209,5.9864984075809695e-208
C17orf103,966.7223,0.4434102960232128,0.018444665124822596,24.0400296249606,1.0613694612968974e-127,4.181195987334275e-127
C17orf104,45.528942,0.0981269050211735,0.029542172566034867,3.3215872936167075,0.0008950697887860032,0.001060262165002283
C17orf105,0.1500187,-0.14413037620064975,0.11990806404185148,-1.2020073658294073,0.22936067428125717,0.24429089692396916
C17orf106,845.29956,-0.5594164795072462,0.015087700146055698,-37.07765094029202,6.4396973275073175e-301,9.0045190859012e-300
C17orf107,215.65337,0.2583232603063466,0.027560538405040295,9.372939545299458,7.054003064748954e-21,1.1156097909983995e-20
C17orf108,565.1225,0.5650732051431645,0.022937014850645133,24.635865164784995,5.216572983477001e-134,2.1485779763424695e-133
C17orf28,3389.343,-0.5304052757904495,0.03472645790238809,-15.273808727666816,1.1429766012766604e-52,2.4792095275294616e-52
C17orf37,3000.6135,-0.7404991721748222,0.022560452698196842,-32.82288622843135,2.7768253712701875e-236,2.4388864423507224e-235
C17orf39,754.94586,0.3420568721394837,0.011903666619126303,28.73542103320345,1.3779013000904042e-181,7.994497739680975e-181
C17orf42,387.8057,-0.22711827102102322,0.010817517092427644,-20.995415961025657,7.222795789906832e-98,2.2505188167541046e-97
C17orf44,125.905174,-0.05239147371747458,0.019017931470555346,-2.7548460671756057,0.005871975462525314,0.0067579168141070015
C17orf46,6.598672,-0.47280821134199696,0.029361310083146686,-16.103103369811407,2.426240801186624e-58,5.5345475037936666e-58
C17orf47,6.7618423,0.032425885451201356,0.027946436737547736,1.1602869358881525,0.24593200167008733,0.2614584659008516
C17orf48,345.9839,0.0968018417012767,0.016113094355565807,6.007650645193378,1.8823088546778147e-09,2.5190249110882554e-09
C17orf49,2619.291,-0.3242317441911168,0.01345018216334183,-24.106122895108673,2.156185408055204e-128,8.535442100446412e-128
C17orf50,4.946665,-0.4942921674779018,0.04166525846234613,-11.863412966095126,1.83346134415934e-32,3.3053607992331537e-32
C17orf51,596.3253,0.7681586897015912,0.023098501440059573,33.25578032388624,1.684060619799287e-242,1.5451009535148123e-241
C17orf53,273.50336,-0.8745719438244868,0.025151429262115454,-34.77225626862557,6.389845556280291e-265,6.886758373759155e-264
C17orf54,1.0720475,-0.5840709869807924,0.08357895041957691,-6.98825462689687,2.7832692277079664e-12,3.907901945303896e-12
C17orf55,74.19709,-0.9707125679843777,0.04297502606742497,-22.587829649280348,5.708397339678409e-113,2.0072065878845032e-112
C17orf56,946.05817,-0.5082352107003455,0.013322800036350115,-38.14777744270494,0.0,0.0
C17orf57,110.75025,0.20692435607621604,0.03039838517281831,6.807083826980523,9.959690471327196e-12,1.385320340956141e-11
C17orf58,625.8242,0.04956080234581141,0.01845792659859156,2.6850687741706136,0.007251488300248406,0.008320167397698225
C17orf59,587.53955,-0.22559813380500884,0.013529847891774293,-16.67410717471297,2.022101512257817e-62,4.776974319802378e-62
C17orf60,56.514217,0.030935413791288766,0.02946716341143028,1.0498266616083227,0.2937978148053544,0.310224039812365
C17orf61,1275.1936,-0.37344479141790704,0.018182665160305235,-20.538506765948604,9.751479963065222e-94,2.939013775988821e-93
C17orf62,3473.6829,-0.30940948253686323,0.012215491706654199,-25.329269583828314,1.5208123950345052e-141,6.569535232443771e-141
C17orf63,1946.1091,-0.18847985629474986,0.013976668558987482,-13.485320589758908,1.9083418554514298e-41,3.7523596518384837e-41
C17orf64,2.817598,-0.45426092516929684,0.05101538748180802,-8.90439037302785,5.36802313992697e-19,8.30074305831484e-19
C17orf65,398.47018,-0.22068233260953526,0.012890096389746137,-17.12030119379747,1.047320624950672e-65,2.5350613010784364e-65
C17orf66,1.909712,-0.8445845834951589,0.05096242798743138,-16.57269123251849,1.0979967236148205e-61,2.572987488037998e-61
C17orf67,65.485664,-0.5321981597847228,0.021676156863445317,-24.552237886884004,4.0934098027815e-133,1.6747936128381946e-132
C17orf68,1217.2427,0.0735838373281735,0.014507296860917182,5.072194912231318,3.9325328979261963e-07,5.04680013041348e-07
C17orf69,152.45279,0.03779316941296446,0.020759841553755303,1.8204941167351039,0.0686837913877808,0.0755978433726458
C17orf70,2229.2705,-0.2641551103963174,0.011579995478745301,-22.811331047681787,3.5392408614967836e-115,1.2634649254640193e-114
C17orf71,1019.0567,0.12659464422811934,0.011294904428465504,11.20812000047336,3.720109088269009e-29,6.468332131528632e-29
C17orf72,221.64188,-0.05296400438236212,0.03581946655704428,-1.4786374414039447,0.13923724028391765,0.15065534518177506
C17orf73,37.066704,-2.271633882899348,0.11969009300830939,-18.979297499097452,2.52955502126447e-80,6.908009480606753e-80
C17orf74,1.3349316,0.20371703271841457,0.0710702655619559,2.8664172155206464,0.004151467219097324,0.0048066265419473625
C17orf75,563.5582,-0.11846754647694073,0.012864683413577912,-9.208741689819218,3.299702048059968e-20,5.17714503671801e-20
C17orf76,291.0241,-0.06347808519277745,0.031272845379388244,-2.0298148256958894,0.042375365384599274,0.047148325711283016
C17orf77,10.45235,-2.1401898235161023,0.11183827898796153,-19.136469578063483,1.2549038901478657e-81,3.4642153626468333e-81
C17orf78,6.7723026,-1.9700133710817018,0.07715019191731655,-25.53478250829247,8.103805580781646e-144,3.55955507700396e-143
C17orf79,1844.5599,0.0016093029786150674,0.014801508122152597,0.10872560858893243,0.9134201295440828,0.9171592235839406
C17orf80,1178.3177,0.2516285137053671,0.010612161947224452,23.711333746765806,2.754847818610722e-124,1.0578262304620083e-123
C17orf81,1526.732,-0.016183096580453003,0.011857367893940247,-1.3648135678343452,0.17231165330907772,0.18532901630934087
C17orf82,32.373547,-0.2775333179420242,0.03131822555649578,-8.861719111172967,7.878991065609539e-19,1.2153991446033082e-18
C17orf85,1220.1974,0.09652383128252688,0.011006857937075596,8.769426464331403,1.795786521253361e-18,2.756987993831323e-18
C17orf86,324.96564,0.07479842877277723,0.01635225905482693,4.574195438195306,4.7805344678153675e-06,5.99968568797023e-06
C17orf87,72.62807,-0.06927000248275426,0.033644379274251776,-2.058887813566142,0.039504986767086775,0.044012368698211644
C17orf88,1.9311202,0.04603178391306986,0.053700296414329746,0.8571979483671236,0.3913354961462684,0.4089308302644294
C17orf89,876.0185,-0.5278926926018138,0.017463466069097933,-30.228403142485785,1.0031806320759492e-200,6.740513032486551e-200
C17orf90,1058.2874,-0.6008520120745711,0.014849226109618176,-40.463523663727216,0.0,0.0
C17orf91,446.9727,0.33889734009338873,0.022913641172800817,14.790200192873323,1.694490650716727e-49,3.5801302571546125e-49
C17orf93,55.74994,-0.591175298149238,0.08805728055167156,-6.713531174771395,1.899700075084853e-11,2.6265530613685925e-11
C17orf95,952.3912,-0.1524324861418456,0.010426672024621584,-14.61947645249519,2.110167399679709e-48,4.415302989730647e-48
C17orf96,515.7114,-0.4491713576414869,0.02657097066032249,-16.904589726269162,4.1621145364872816e-64,9.957284353507e-64
C17orf97,356.50366,0.013280435134472572,0.02484233789498151,0.5345887810806809,0.592934243106968,0.608997490435615
C17orf98,0.5757384,-0.41732046472463613,0.061460551883197614,-6.790053976699244,1.120915990461469e-11,1.5564540069434626e-11
C17orf99,9.256405,-1.8871553581261098,0.05116112781977055,-36.88650814685214,7.60453863518257e-298,1.0321386804912129e-296
C18orf10,2819.418,-0.11149523751301454,0.013469789660414195,-8.277429738987184,1.2586235051454674e-16,1.8878888927471136e-16
C18orf16,21.322346,2.0805888645430732,0.05983882839169137,34.76987969958254,6.940780128886794e-265,7.476578975873346e-264
C18orf18,147.2981,0.3569150100244784,0.022806433972582026,15.649750875282074,3.335225664995258e-55,7.393495134324745e-55
C18orf19,864.3431,0.0683580602713729,0.013587186971740071,5.031067903426258,4.877553447750815e-07,6.247380348710843e-07
C18orf1,1502.8031,0.9070466971361506,0.026027855448015686,34.849075404915936,4.3971946783830605e-266,4.764368624651449e-265
C18orf20,0.23663081,-0.2180852676306534,0.120034605909989,-1.8168532814127798,0.06923958183431213,0.07618898749133936
C18orf21,557.0822,-0.19149045893638067,0.011422553692473594,-16.764242400765003,4.456584102719546e-63,1.0594534767312848e-62
C18orf22,806.99005,-0.23694455823042945,0.012456988436829847,-19.021014543923666,1.1425120924151073e-80,3.130606149324249e-80
C18orf25,1359.8761,0.11129710609990122,0.012126750731279726,9.177817584130066,4.399164516250349e-20,6.888900114325118e-20
C18orf26,11.216523,-4.187078678087465,0.11698691724246059,-35.790999342341486,1.5246153550569914e-280,1.821575352911108e-279
C18orf2,15.960585,-0.7016536415331524,0.07860046857528094,-8.926837896152382,4.383590665500493e-19,6.786731738321257e-19
C18orf32,2697.785,0.2855494872217032,0.01602469113912443,17.81934420717361,5.001944530808569e-71,1.268808730410312e-70
C18orf34,27.873272,1.7697541903338594,0.04465910232588204,39.628073520595684,0.0,0.0
C18orf45,504.72223,-0.19885881138227762,0.020846509587429698,-9.539189788500044,1.4395252650344686e-21,2.2933950129772868e-21
C18orf54,258.17688,0.09943522196737126,0.022000227425567065,4.519736093810325,6.191676499528702e-06,7.754927213405404e-06
C18orf55,815.11646,0.1667398342228416,0.011145957050488929,14.959669543633078,1.3469319774173346e-50,2.8708320904773363e-50
C18orf56,67.86708,-0.3198105417066991,0.027840028996763928,-11.487435654031584,1.5257393032545275e-30,2.698977015810142e-30
C18orf62,0.26038,-0.4350453312426904,0.11862138612065375,-3.6675117824048304,0.000244922267893109,0.00029529624849199376
C18orf8,1011.7789,-0.1691401854805118,0.010679386000958163,-15.838006554434534,1.701291931355598e-56,3.8125043952084332e-56
C19orf10,4523.295,-0.41319355423672066,0.014942934963156582,-27.65143228257996,2.682286178928309e-168,1.4195129793813736e-167
C19orf12,1411.567,0.16092245364161858,0.015696640053305882,10.25203184217291,1.1588156569426915e-24,1.9219819111768844e-24
C19orf18,25.871918,-0.35030850907874805,0.03269131503811882,-10.71564446613054,8.595649961617115e-27,1.459539929679423e-26
C19orf20,323.51923,-0.29172111617174534,0.024091725602481538,-12.108768005463958,9.490895731877309e-34,1.735763081254852e-33
C19orf21,2950.1055,-1.4799794973398794,0.05301038686876185,-27.91866999582316,1.5834687906110895e-171,8.564782441033787e-171
C19orf22,3712.7588,-0.5334345822101044,0.011858361930552301,-44.98383379881033,0.0,0.0
C19orf23,51.614395,-0.42574119722329173,0.018547800877132547,-22.953729126356162,1.3523848015804154e-116,4.879178127835491e-116
C19orf24,1884.3975,-0.7681875426229192,0.01715514106361106,-44.77885315978977,0.0,0.0
C19orf25,1241.0565,-0.17859888749657266,0.01479703448189473,-12.069910880798558,1.5229914930837934e-33,2.7768747812728772e-33
C19orf26,100.49621,0.8818024424176165,0.03721681718858214,23.693655423283946,4.19178132136277e-124,1.6062577813217514e-123
C19orf28,4084.7905,-0.689794446027578,0.023110825067779325,-29.847244484113048,9.53217885719471e-196,6.127743269770354e-195
C19orf29,1227.6902,-0.13903780327434817,0.010942385825543431,-12.706351749157331,5.451915313923451e-37,1.0303122981172148e-36
C19orf2,3428.53,-0.06646513360101809,0.013072162653216762,-5.084478778625244,3.6863697995688306e-07,4.7341703620401075e-07
C19orf30,21.172268,-0.44858622917760516,0.13634946812206955,-3.2899741770609587,0.0010019657752415737,0.0011850250504323921
C19orf33,2352.2422,-1.3680004334811027,0.053011191760582624,-25.805879627446945,7.617187847359332e-147,3.4316956712633026e-146
C19orf34,1.7535851,-1.2415381113355533,0.05685662995210027,-21.83629441951635,1.0492825338054892e-105,3.489438599435798e-105
C19orf35,37.11888,-0.18125418619121972,0.031969623852058565,-5.669575188935122,1.4315201781903539e-08,1.882707965618696e-08
C19orf36,106.57301,-0.2595011926139337,0.030376109201540304,-8.542937177773084,1.3085254483809131e-17,1.9876348282912044e-17
C19orf38,84.82715,-0.10781869909088773,0.028696464806680085,-3.7572119010906615,0.00017181699882087454,0.00020795566726081595
C19orf39,191.45428,-0.5441566407032796,0.014170695839790455,-38.40013552300804,0.0,0.0
C19orf40,118.24416,-0.28561904289188356,0.01893135426485518,-15.087089856118569,1.9693878954842345e-51,4.225394474039786e-51
C19orf41,2.6645844,-1.3668397067411675,0.10860105623564295,-12.585878573550831,2.5251754072217752e-36,4.738253098214574e-36
C19orf42,2899.32,-0.0030424755298138644,0.011047310243357382,-0.27540419005099176,0.7830057253175653,0.7936479917226084
C19orf43,5133.8164,-0.4299463502756479,0.013733892011545562,-31.30549955644098,3.927648232216666e-215,2.959400087331573e-214
C19orf44,423.21292,0.1824253601824216,0.01406843659565963,12.966995937466367,1.8826523787055862e-38,3.604713606514345e-38
C19orf45,26.165865,-1.6051995310492315,0.046633630155267336,-34.421500657458935,1.2024610916669968e-259,1.2483888508540738e-258
C19orf46,399.40033,-0.7444628653104681,0.043031884314440494,-17.300261821456974,4.682560219479501e-67,1.1492735805712256e-66
C19orf47,792.5736,-0.3485206120092212,0.012813823883747655,-27.19879835801906,6.710964799283721e-163,3.406345857607013e-162
C19orf48,3719.675,-0.8400000751114032,0.022373823551622096,-37.543876806452396,1.773324382599426e-308,2.606722823490376e-307
C19orf50,3250.9072,-0.12343622931528442,0.00859634195307042,-14.359157649748422,9.335490808246995e-47,1.9262314519621014e-46
C19orf51,195.60812,-0.8044094672291479,0.03834946967294492,-20.975765091131073,1.0919600755622096e-97,3.3992683758977107e-97
C19orf52,609.0787,-0.24555138016670924,0.009804872075106481,-25.043812737765123,2.0389976867945232e-138,8.628549969954209e-138
C19orf53,4138.324,-0.45474798183965837,0.015119294644835236,-30.077327846441612,9.592129657049418e-199,6.309730781514349e-198
C19orf54,810.52124,-0.21141403576473014,0.013214190685681002,-15.999015058396274,1.298125209416187e-57,2.9407512115838603e-57
C19orf55,237.0304,-0.1376505870646312,0.018518531013872658,-7.4331266859943685,1.0606023184188713e-13,1.521691515200127e-13
C19orf56,4637.682,-0.2525090992496421,0.012041465642093033,-20.969963852818108,1.2335772281048145e-97,3.8377748757619067e-97
C19orf57,185.73788,-0.1264741694889325,0.028926366036444214,-4.372279923775707,1.2295573590900998e-05,1.530201007012369e-05
C19orf59,98.37019,0.8729959188321642,0.05785445036252313,15.089520570359998,1.898165150099267e-51,4.0738714200791665e-51
C19orf60,1338.6608,-0.65201326774711,0.018756728132422656,-34.76156732367666,9.268658398614798e-265,9.963073724255473e-264
C19orf61,1631.2047,-0.23900361808397735,0.012365475682673488,-19.328299550891465,3.104833783414661e-83,8.6685835157075e-83
C19orf62,3152.4368,-0.2338431495339728,0.010988879019457205,-21.279982163778836,1.7400858285624476e-100,5.525878549945854e-100
C19orf63,9042.451,-0.19972864666117957,0.014693679116563425,-13.592827574139399,4.416813995992907e-42,8.726894035755008e-42
C19orf66,1706.323,-0.17878987238460342,0.017546571202267068,-10.189447859847583,2.210158795178104e-24,3.6529162941249404e-24
C19orf69,8.913656,1.2063003957173397,0.061724351449734545,19.543346627136213,4.6997376092579125e-85,1.3289160831511367e-84
C19orf6,6143.481,-0.2987393127789597,0.012455047800045086,-23.985400744738875,3.9496024811693296e-127,1.5523157705429802e-126
C19orf70,2104.077,-0.38295957067767045,0.01653366357608229,-23.162414604326557,1.0899569822254132e-118,3.999717772373321e-118
C19orf71,30.840849,-0.27269126712886116,0.025557476820850272,-10.6697256947679,1.4104213774681562e-26,2.389711120495522e-26
C19orf73,52.32509,-0.5822949740268515,0.020330121763825065,-28.64198162664098,2.017543788911478e-180,1.1590060383309476e-179
C19orf75,0.52519006,-0.9806143158087027,0.1283369668918577,-7.640934171640592,2.156513046702624e-14,3.127543034464933e-14
C19orf76,82.190575,-0.585127431645365,0.0263417077288082,-22.212964993361055,2.573802140463917e-109,8.786055965409943e-109
C19orf77,1160.1559,0.1925515310519891,0.06308717513891794,3.052150149820319,0.0022720841586797067,0.0026554168419380105
C1D,560.99286,0.013166368376104012,0.01264917401933091,1.0408875991414703,0.2979277177450792,0.31442177209953176
C1GALT1C1,1311.8923,-0.1450501923238258,0.012386643828977847,-11.710209345366753,1.1300026916190323e-31,2.023014843358414e-31
C1GALT1,939.85486,-0.12009278015471939,0.01959432881847477,-6.128956049848889,8.845755506503536e-10,1.1910762986567824e-09
C1QA,7163.8716,0.14472901419917772,0.031052517472442174,4.660781990626646,3.150102493490451e-06,3.967640229211339e-06
C1QBP,4146.041,-0.36964466003660734,0.013781296203542747,-26.822198331502598,1.7804686946874618e-158,8.728283687729842e-158
C1QB,8038.637,0.26743630490813003,0.031302992933424194,8.543473957168208,1.302458793699913e-17,1.9785672721188278e-17
C1QC,6620.109,0.32578536545889397,0.029670828604219567,10.979988789816376,4.769829981477672e-28,8.190011688698988e-28
C1QL1,999.694,1.4310747226973533,0.056055764712453014,25.5294835426522,9.279749759830167e-144,4.074324463238783e-143
C1QL2,33.382607,0.4703665894440103,0.08613142768118986,5.461033238471828,4.7337140178273655e-08,6.173051735136263e-08
C1QL3,59.108208,0.9767533838833857,0.03739689477197964,26.11856919776231,2.2434997759465155e-150,1.0399683956852256e-149
C1QL4,115.3316,1.336077731200183,0.057036624706616725,23.424908785761072,2.3826539750545157e-121,8.918634358914302e-121
C1QTNF1,2000.9974,0.49051086530273147,0.028457783445516045,17.236439592768736,1.4148677722270553e-66,3.4542862423276914e-66
C1QTNF2,89.227844,1.1788475145940729,0.03126520425571292,37.70477572935314,0.0,0.0
C1QTNF3,1010.65393,1.1327248479833458,0.03763437013771205,30.09814815123697,5.123391351480823e-199,3.382202481348835e-198
C1QTNF4,65.18017,0.027234200386175543,0.04885271716933073,0.5574756526188254,0.5772024895513654,0.5934982568068813
C1QTNF6,1363.1329,-0.018674010825161874,0.025809467968721703,-0.7235333501563366,0.46935227237254784,0.4868074233650569
C1QTNF7,136.20374,1.7248985949810234,0.03741501944602791,46.101769303347076,0.0,0.0
C1QTNF8,2.4750843,0.2641311630052395,0.08470496420012831,3.118248918459957,0.0018192908028233383,0.002133210934439921
C1QTNF9B,16.144676,-0.3780088966858266,0.04465311531502595,-8.465454067851455,2.5515665648203148e-17,3.8608207873041096e-17
C1QTNF9,16.089306,0.23876343524881766,0.04150017793248616,5.753311121635329,8.751221394581096e-09,1.1560220371935929e-08
C1RL,2479.9524,0.07787363841136015,0.02242967091854589,3.471902851101156,0.000516783313764327,0.0006168254373528717
C1R,14389.902,0.39919861551821384,0.032280394467311575,12.366596570635418,3.962587773996087e-35,7.354086097610423e-35
C1S,19217.168,0.3789112990640222,0.03575668122739573,10.596937021484852,3.078996996780619e-26,5.196062653966894e-26
C1orf100,0.14521891,-0.48200213411189996,0.1541527389580083,-3.1267828088555656,0.0017673043501018016,0.0020728510925061977
C1orf101,24.315557,0.2471979996253302,0.026239861221326356,9.420705297954125,4.480680303354936e-21,7.099001579455497e-21
C1orf103,884.8764,0.018725249575828676,0.014805324247374522,1.2647645713770361,0.20595573507973008,0.22013086993323314
C1orf104,156.7132,-0.47721089516865145,0.02071156051552188,-23.040798630842662,1.8190645306152965e-117,6.614455220360211e-117
C1orf105,3.4860158,-0.8122422366531785,0.07331567652034879,-11.078697970245702,1.5917036318990108e-28,2.7499570809429706e-28
C1orf106,2665.0815,-1.0763476175504727,0.040735787391565165,-26.422654046288137,7.525825784050228e-154,3.5723545613774444e-153
C1orf107,1436.6877,0.011218401123449358,0.012720993799546968,0.881880873477737,0.37784123121079527,0.39539807896276435
C1orf109,734.3342,0.10005929409696374,0.011827992688669272,8.459532968160897,2.6845044909264288e-17,4.0604626248715576e-17
C1orf110,61.662033,-2.2395332294609953,0.08202002415943316,-27.304713116247306,3.7288078114790574e-164,1.9146229062774813e-163
C1orf111,4.4710536,-0.3512436524901215,0.05253120592063401,-6.6863809108207555,2.28757136528335e-11,3.157897031855419e-11
C1orf112,463.63388,-0.4192007101288732,0.019809932540924422,-21.161137690038363,2.179011808605183e-99,6.863010738148657e-99
C1orf113,428.7804,-0.26231282679039175,0.025982918208396443,-10.095587596685915,5.778396355707113e-24,9.491880862178564e-24
C1orf114,83.66206,0.823804256585825,0.04477281283102638,18.39965381882262,1.322066640552862e-75,3.482913397388162e-75
C1orf115,2426.2913,0.5165779265745952,0.031774258005695055,16.257749480161152,1.9683627964768926e-59,4.527101013722668e-59
C1orf116,3365.2705,-0.47713032526662574,0.048079161463621733,-9.923848726597242,3.2786437253989426e-23,5.330185067906817e-23
C1orf122,1773.667,-0.1632310532319292,0.01677567882421102,-9.730220454408714,2.2410673734422354e-22,3.6093576976434193e-22
C1orf123,1434.175,0.1945114036502277,0.01167260751795269,16.663920495147767,2.3977864970585264e-62,5.6598881499842945e-62
C1orf124,474.7375,0.024002174304406432,0.012275791969836577,1.955244465154126,0.050554222579258776,0.056052359083494686
C1orf125,19.987625,-1.445702762400318,0.051907582645373956,-27.85147542464415,1.0337178094082426e-170,5.563167031917105e-170
C1orf126,219.29507,-0.35056369845265967,0.03214025164707216,-10.907310319226903,1.0635665366967785e-27,1.822655818233141e-27
C1orf127,26.112698,-0.5744518961388912,0.03717178968173062,-15.453974668893217,7.093129902737778e-54,1.5552938254155998e-53
C1orf128,2396.2185,-0.09659869794886292,0.012748125776903351,-7.577482340492542,3.5232495731251527e-14,5.095172471889117e-14
C1orf129,4.5510626,-0.6691357713883983,0.0934265115557461,-7.162161577542533,7.941473791317206e-13,1.1244207866849363e-12
C1orf130,278.78397,0.015684880776898665,0.04703182687739561,0.333495035559359,0.7387606362372577,0.7510450311172641
C1orf131,609.72833,-0.2714382788957573,0.012861865144089558,-21.104114827427804,7.29070830472467e-99,2.2877856099859675e-98
C1orf133,97.633286,0.48331250451974145,0.032659146401755115,14.79868758890061,1.4936866540896885e-49,3.157508731244104e-49
C1orf135,169.12498,-1.0001796061657506,0.02790765320838882,-35.838900487164736,2.7385121367938567e-281,3.287344846284559e-280
C1orf141,2.3402286,0.010712293966893369,0.11789623830185425,0.09086205057252354,0.9276022046703599,0.9306649558882248
C1orf144,7312.882,-0.03149666472034629,0.008909163614809807,-3.535311066460719,0.00040729538776945273,0.0004876000705397088
C1orf146,0.2924483,-0.8551818593490652,0.13456932866193486,-6.354953746536505,2.08489345264245e-10,2.836185072988617e-10
C1orf14,2.4986212,-1.9361908670484538,0.12705520291086572,-15.23897347522847,1.949085445611265e-52,4.214703195666462e-52
C1orf150,33.511898,-0.6693309629221066,0.060695376140148714,-11.02770928343186,2.8092953274013244e-28,4.8371484751829815e-28
C1orf151,2670.664,-0.33807265541996956,0.012604119241912785,-26.82239424518996,1.7711242285407308e-158,8.684566032962605e-158
C1orf152,27.619133,-0.006134480734852949,0.024686521055621167,-0.24849514927726585,0.8037513227221112,0.8136628302570466
C1orf156,366.88998,0.018160461571764853,0.012948308413300108,1.4025354503535752,0.16075541210848077,0.17321087245919872
C1orf157,1.935888,-0.5602989847261977,0.073768643322855,-7.595354333331025,3.0695134831516997e-14,4.441522743673451e-14
C1orf158,22.918795,-0.9273639269924147,0.09969917342675241,-9.301621017688134,1.3832051678390983e-20,2.1811381002274185e-20
C1orf159,520.41345,-0.7353828959514943,0.01569364878705857,-46.85863089773692,0.0,0.0
C1orf161,57.813484,-0.635846139595487,0.05318174228873876,-11.956098319293453,6.033061066626815e-33,1.0928649368756592e-32
C1orf162,545.88916,0.21562286879762615,0.028149240965477888,7.659988738668483,1.8594938793166366e-14,2.6987051531941408e-14
C1orf163,510.07922,-0.07176056857040054,0.013434666387621499,-5.341447751655349,9.220719344581541e-08,1.196612857829778e-07
C1orf168,104.031685,0.1900740798177076,0.05855034457594666,3.2463358020234914,0.0011690086100726188,0.0013794613280280789
C1orf170,147.55814,-0.8573933822849589,0.03587762163322254,-23.897720731048008,3.234504680587311e-126,1.258866006348252e-125
C1orf172,767.118,-0.862577794090513,0.038350163440202076,-22.49215431468753,4.953540834274971e-112,1.7307214320405723e-111
C1orf173,150.00215,0.18848618994201954,0.062238851317358915,3.0284329796017495,0.0024582559742567676,0.0028700328810582366
C1orf174,966.48865,-0.2142497580248767,0.009901126300700128,-21.638927887398697,7.727921915947587e-104,2.5282462202599536e-103
C1orf175,179.3923,-0.1613371265272951,0.03717363501112504,-4.340095513366163,1.4242079821383603e-05,1.7697418401095505e-05
C1orf177,10.98447,-2.082293603321657,0.05051735577445284,-41.21937047969353,0.0,0.0
C1orf180,4.3791623,-1.0907240709353407,0.07170479206800091,-15.211313490749093,2.9751333958438994e-52,6.425922003605553e-52
C1orf182,15.7472105,-1.0084769715800683,0.03339226319143138,-30.2009170746728,2.3038128064382917e-200,1.5423651735046754e-199
C1orf183,188.28453,1.2631615292723808,0.02440351893149589,51.76145017520846,0.0,0.0
C1orf185,0.12467135,-0.16408184517783297,0.15916790763936625,-1.0308726652963263,0.3026005365682306,0.31918783088920816
C1orf186,516.58575,-1.0458517284953806,0.06047450196193607,-17.294094115130733,5.2115804446649986e-67,1.2784982078917305e-66
C1orf187,27.239634,1.4484559504225802,0.04571089916460658,31.687321336791882,2.322983265061515e-220,1.8099355642322e-219
C1orf189,4.316608,-1.2846082609217324,0.08685262002191638,-14.79066792225237,1.6827560126896965e-49,3.555706244146293e-49
C1orf190,113.333336,0.7392677040078341,0.03290946281146523,22.463681897301676,9.406162185685316e-112,3.279110546889852e-111
C1orf192,158.82693,-0.23756219962728178,0.03963052003766793,-5.994425493318892,2.042060618816536e-09,2.729764421437023e-09
C1orf194,76.30534,-0.9146798604860809,0.07539403053420658,-12.131993130027542,7.148801239825134e-34,1.308952643597445e-33
C1orf198,3936.8635,0.5719655168476807,0.017741100200565296,32.239574230546076,4.925284580555385e-228,4.066255830313345e-227
C1orf200,9.791974,-1.9145928238925738,0.05245595621169366,-36.499054867400666,1.1478974795725685e-291,1.4885378844979566e-290
C1orf201,518.8632,-0.22730830850596404,0.017285086817519252,-13.150544796545443,1.6895271668129887e-39,3.2684419982084414e-39
C1orf203,156.21802,0.10347253371711586,0.017484235242188638,5.9180474458180194,3.2578599827346683e-09,4.339053473014203e-09
C1orf204,94.2655,0.18090118929282906,0.02428532829656126,7.4489908921035335,9.405686403565721e-14,1.3509020775322366e-13
C1orf210,585.03046,-0.3461509195136916,0.04243040073421924,-8.158087444941994,3.4037106904440797e-16,5.074410218713461e-16
C1orf212,1564.0012,-0.10631067270909773,0.011156954127055327,-9.528646573108793,1.5934704427890245e-21,2.5376615100705374e-21
C1orf213,129.39313,0.24503267753765212,0.022288155758138428,10.993851631182157,4.090875716511914e-28,7.028959297195211e-28
C1orf216,1023.8607,0.4970745427869407,0.01735892819155275,28.63509413149301,2.458050437542619e-180,1.4096746157163431e-179
C1orf21,2803.1497,0.3080104898098691,0.024659302905430686,12.49064059073772,8.397476180707207e-36,1.5687669073501378e-35
C1orf220,29.128677,-0.22666700346369914,0.02665330569114045,-8.50427358205865,1.827361527831866e-17,2.769335517725842e-17
C1orf223,3.0964332,-0.35537256328684697,0.03674140451702635,-9.67226397461653,3.955296471543824e-22,6.3476179145641425e-22
C1orf226,1011.42114,-0.08302347117766072,0.028482507810451668,-2.9148932997815318,0.00355810167907484,0.004128071124018958
C1orf227,1.6014683,0.11185546275413144,0.03475729266216616,3.2181868663173474,0.0012900374282838471,0.0015201639174874599
C1orf228,78.51165,-1.4915749929068876,0.0379611450611736,-39.292149657320536,0.0,0.0
C1orf229,27.640854,0.45265960772482017,0.029688468805172185,15.246983961866029,1.7241522706304682e-52,3.7318749816888906e-52
C1orf230,22.80142,-0.943144355794532,0.0685197307172441,-13.76456600050786,4.163771504610506e-43,8.308362644552122e-43
C1orf25,1202.1177,0.1741385692433632,0.011743243620157537,14.828830506798862,9.538019286331331e-50,2.0198100130062363e-49
C1orf26,317.85123,0.24662724077148965,0.012655185648485496,19.488235702097715,1.3816302861061042e-84,3.893772286106613e-84
C1orf27,1541.475,0.08141545940075297,0.013267137806167159,6.136625743263737,8.429264919244386e-10,1.135596906371734e-09
C1orf31,923.4655,-0.5822480544977678,0.015360279198901448,-37.90608536200369,0.0,0.0
C1orf35,852.52057,-0.5322509915767258,0.013587575142080338,-39.17188946601366,0.0,0.0
C1orf38,1361.4943,0.09232151298592187,0.025375228314426332,3.638253490449787,0.0002744931861547085,0.0003306162679360889
C1orf43,10715.461,-0.0888157174055624,0.011231239463650067,-7.907917705166441,2.617297291284227e-15,3.850668850502643e-15
C1orf49,1.885693,-1.1676544245216056,0.0725507514040716,-16.094311939215505,2.7966316068329133e-58,6.375167717334148e-58
C1orf50,367.17633,-0.11327760019900729,0.010896799411959115,-10.395492833857839,2.599396563342674e-25,4.341710938804948e-25
C1orf51,377.86722,0.05537119036458174,0.028738959432659597,1.926694336109354,0.05401773414465749,0.05982087953933213
C1orf52,687.09875,0.13866660442224682,0.011248565446544416,12.327492343909995,6.442043230060444e-35,1.1934985723978576e-34
C1orf53,120.858955,-0.5288839050781894,0.02487868956641246,-21.258511372408076,2.750016908716688e-100,8.722167665456154e-100
C1orf54,313.1971,0.5222369232313253,0.022609275887441493,23.0983480334019,4.810408413280838e-118,1.7569986524216827e-117
C1orf55,1452.5837,0.16334552181940334,0.012613191187762805,12.950372303710068,2.3381733782610153e-38,4.4710126615963194e-38
C1orf56,500.0131,-0.08091306093266157,0.01753057031200782,-4.6155407093195935,3.920731740327376e-06,4.928207538514851e-06
C1orf57,1367.3209,-0.16961817568599466,0.013340966929639082,-12.714084112536167,4.938619839605431e-37,9.334821401404417e-37
C1orf58,706.9983,0.25866277685916117,0.019064079602115442,13.568070541966197,6.193088874423344e-42,1.2224655458055542e-41
C1orf59,518.8812,-0.6450064202831157,0.026647568703605847,-24.205075797246597,1.9671317521027818e-129,7.857334773604186e-129
C1orf61,2662.2644,3.667748495379272,0.082316027143841,44.55691828968083,0.0,0.0
C1orf63,1395.3851,-0.380032847680423,0.0195664601166944,-19.422667432632498,4.964323630311537e-84,1.3938582925046555e-83
C1orf64,223.5678,-0.26200673466986374,0.08843108152680763,-2.9628353532059553,0.003048195675504917,0.003544968339860882
C1orf65,5.319583,-0.30404541097099036,0.055984196308510994,-5.430914990642956,5.606583896829556e-08,7.301505888540455e-08
C1orf66,1305.4099,-0.1485630437025595,0.012162993745663516,-12.214348441601954,2.6058070782854977e-34,4.7932441549344466e-34
C1orf68,4.594565,-3.2311920893391557,0.15896944797261806,-20.32586846433358,7.593346459938612e-92,2.2578200756227576e-91
C1orf69,570.584,-0.008694077490866712,0.01349151313540393,-0.6444108532238711,0.5193090485330961,0.5362453296350834
C1orf70,46.4326,1.3396240129788783,0.035361560662866415,37.88362243823795,0.0,0.0
C1orf74,257.65808,-0.5782384034110154,0.02014411681410634,-28.705075965707852,3.297397270532984e-181,1.9093205640153872e-180
C1orf77,4233.1113,-0.1491150647093162,0.008167382339276814,-18.257387558829492,1.8073427276982695e-74,4.712562832122063e-74
C1orf83,393.74832,0.002311839617423652,0.012428470213626388,0.18601159898898784,0.8524356653944889,0.8604659483249739
C1orf84,42.969456,-0.4297616943381462,0.022148574235469728,-19.40358281166046,7.197596311524232e-84,2.018956507389389e-83
C1orf85,3735.3496,-0.3370709293420592,0.021378263938366813,-15.766992601168607,5.249036036827923e-56,1.1715098078686657e-55
C1orf86,1497.0262,-0.4413218372265125,0.017849382076554666,-24.72476836081586,5.793150439849781e-135,2.3991608992046724e-134
C1orf87,17.354527,-0.24993267598376634,0.09282644405891881,-2.6924728025252054,0.007092432004073291,0.00813996410005796
C1orf88,501.61627,0.23249039119002887,0.04170642459608588,5.574450302120789,2.483126783075771e-08,3.2539893265087293e-08
C1orf89,166.24068,0.14663397372924253,0.015707705127669714,9.335162109132114,1.008368232465292e-20,1.5930293198386653e-20
C1orf91,500.83414,-0.2835526348910337,0.01402637146566773,-20.215679841724135,7.125683821472904e-91,2.10645850038285e-90
C1orf92,25.619148,-1.5756093853859212,0.07468100806467189,-21.09785909720826,8.321961077728359e-99,2.609778274514351e-98
C1orf93,2466.94,-0.4348870898820446,0.017592373191320683,-24.72020603204343,6.486040929876388e-135,2.6850204817273973e-134
C1orf94,16.25254,2.8210320701664306,0.09989999409894039,28.238560928967587,1.9669805604311192e-175,1.0902738151325117e-174
C1orf95,173.05313,1.8017885634992659,0.0478616921404246,37.6457346767615,3.84200268921884e-310,5.738762490814845e-309
C1orf96,887.07996,0.3641440697501092,0.02007688917926885,18.13747471028131,1.612730542485436e-73,4.1688142603429395e-73
C1orf97,297.4995,-0.34547717938112327,0.018502301287191287,-18.672119430910417,8.347352874112596e-78,2.234925791215917e-77
C1orf9,2865.875,0.16767873547626577,0.015203412185037363,11.029019896026302,2.768658213697668e-28,4.767984484238777e-28
C20orf103,530.6745,0.49502516076253494,0.04525977665215491,10.937419434635364,7.6341988756358785e-28,1.309169936902551e-27
C20orf106,2.6815968,-0.79915871271662,0.039402458641549044,-20.281950423112033,1.8562306564375657e-91,5.50487981564638e-91
C20orf107,5.4590244,-0.5065273381824432,0.027766154160775523,-18.24261780185606,2.3683897123698333e-74,6.170725128504918e-74
C20orf108,5253.914,-0.10927969892799808,0.018095734691774078,-6.038975525966028,1.5509576431254151e-09,2.0773649116046267e-09
C20orf111,1767.6067,-0.11447455037752341,0.0109362951826321,-10.467397639313917,1.2194944855858225e-25,2.045451329052707e-25
C20orf112,2156.436,-0.07791045419744652,0.020292309640753754,-3.839407912491944,0.00012333137666255639,0.00014977056352358996
C20orf114,1469.1038,-1.4141454511879437,0.09657561477563255,-14.642883242041275,1.495877742644315e-48,3.133831545842314e-48
C20orf117,1016.31177,0.4330965988593013,0.020590759718344134,21.03354149062597,3.2357082896836336e-98,1.0119168213466835e-97
C20orf118,167.32524,-1.0175017441333214,0.03510945158441625,-28.98084983432073,1.1470745457814312e-184,6.816488814233555e-184
C20orf11,4325.9146,-0.18564783874407592,0.009875262239238061,-18.79928190731265,7.654566495006503e-79,2.0690297301093653e-78
C20orf123,1.6708654,-0.22314374233583184,0.062121960004739185,-3.5920267538050723,0.0003281161545447585,0.00039401420257029245
C20orf12,200.48085,0.20324862323984427,0.02078524793527447,9.778503671101886,1.3925398757011487e-22,2.2488077519948986e-22
C20orf132,77.464645,0.5777019804493957,0.024389100271615307,23.68689184987036,4.921636890203891e-124,1.884513926042148e-123
C20orf134,144.42258,-1.1103510492897806,0.027850327884488307,-39.86850904933901,0.0,0.0
C20orf135,324.43695,-0.5670848745368197,0.018190996245762966,-31.173931700904213,2.40419713424408e-213,1.787693552084559e-212
C20orf141,3.2449477,-0.3315859230844669,0.08034276766977655,-4.127140907658864,3.673013492346289e-05,4.520546589933387e-05
C20orf144,0.8147216,-0.36554035396059525,0.048045239970625896,-7.608253266797728,2.7782501673679085e-14,4.023502287483515e-14
C20orf151,274.9735,-1.5198326507225275,0.05395770198758793,-28.167112288661585,1.479191933515739e-174,8.145758337691894e-174
C20orf152,5.7105675,0.18940411021729356,0.03136187272284439,6.039311232818351,1.5477345828339714e-09,2.0731843129098506e-09
C20orf160,201.1059,0.9242892548404961,0.02572959605120041,35.92319339181283,1.3272864355810812e-282,1.6113431450205864e-281
C20orf165,20.475035,0.044379082469594815,0.02524650001858609,1.7578310829985786,0.07877625485937222,0.08645387163397979
C20orf166,2.005615,0.20444714450272997,0.13803234993220567,1.4811538353374685,0.13856558476526498,0.14995064219750326
C20orf173,0.57719386,-0.9055900392490696,0.08967078536490716,-10.099053282112482,5.577804594845534e-24,9.165336864121085e-24
C20orf177,545.6945,0.43131806335399925,0.020929222578735345,20.60841303260973,2.306712315803862e-94,6.98532738917906e-94
C20orf185,0.8007175,-0.398171880088762,0.23878427019507698,-1.6674962708534855,0.09541576531772426,0.10432144171116203
C20orf186,7.7015343,-0.07256687818470156,0.09644341862289318,-0.7524295511386617,0.45179278094673503,0.4691446101853809
C20orf191,1.1853404,-1.393689733720881,0.12872327993551946,-10.827021611156997,2.5635851378847947e-27,4.375222551948741e-27
C20orf194,1336.1273,0.9152119889948181,0.020644589704279095,44.33180809619665,0.0,0.0
C20orf195,25.579094,-0.7740598170508403,0.03625079509158931,-21.35290591820517,3.6643035250647465e-101,1.169486682345088e-100
C20orf196,196.54277,-0.21617903612489067,0.0165133087829704,-13.091200495677073,3.69717694642478e-39,7.129269317319768e-39
C20orf197,31.100695,-1.3534161812328822,0.04528347705645738,-29.88763825590302,2.8487072429538346e-196,1.840584917781565e-195
C20orf199,4226.673,-0.3409951880049087,0.017637736567619695,-19.333273671346582,2.819474624109965e-83,7.875110971635996e-83
C20orf200,28.181072,1.6880679470068651,0.06192984116165894,27.25774707867257,1.3451583011624048e-163,6.863678659991329e-163
C20orf201,8.731788,-0.15633446487847377,0.05274402966608745,-2.9640220109877444,0.003036465667150388,0.0035319319269562213
C20orf202,17.92347,0.6271558052997404,0.02720159608619216,23.055845815536237,1.2851296326400416e-117,4.6804926996276575e-117
C20orf203,12.150049,0.3255674514401153,0.04640045490390943,7.016471112499478,2.2754192152294767e-12,3.1990373456844773e-12
C20orf20,1074.6278,-0.49185547226761117,0.013561430669024694,-36.26870086730932,5.041331427759367e-288,6.363079140592248e-287
C20orf24,4352.643,-0.7424804386298561,0.01585819908129827,-46.819972105500334,0.0,0.0
C20orf26,70.576004,-0.24417064458666618,0.05164579811732451,-4.7277930342364,2.269733624832993e-06,2.867484137013646e-06
C20orf27,2055.405,-0.30996740191752686,0.017249529373721113,-17.969615008149052,3.370456003092709e-72,8.611836567139114e-72
C20orf29,660.8098,-0.1493098950668608,0.011736052972239626,-12.722326272728774,4.444290056397477e-37,8.404356423759636e-37
C20orf30,5612.4014,0.056064257481997615,0.011753982476013189,4.7698095174473965,1.844002054803105e-06,2.3339781059208215e-06
C20orf3,7976.925,0.10996361666235575,0.015504810714319703,7.0922256768215295,1.3197206576378571e-12,1.8620966712072307e-12
C20orf43,5006.9473,0.09019138817515446,0.009232155309796479,9.76926677993058,1.5255208270149874e-22,2.462386309141214e-22
C20orf46,154.45813,-0.4782024238094644,0.031125132992361984,-15.363867647627846,2.8599183403059505e-53,6.234615857189083e-53
C20orf4,2457.6848,-0.021523317494830364,0.008600876838231878,-2.502456191345139,0.012333488842672604,0.014030928662716336
C20orf54,662.0859,-0.6144399075032624,0.03401077422550227,-18.06603705723751,5.900271775054539e-73,1.515564383905316e-72
C20orf56,815.3465,-0.23558800639113686,0.09723202623425332,-2.422946589877224,0.0153951899472751,0.017455484079782455
C20orf70,15.836564,-2.1758767219756394,0.10414263437806104,-20.89323680901638,6.169310901707299e-97,1.908829797079922e-96
C20orf71,0.04915456,-0.4598393870859646,0.48865040630294565,-0.9410396085926526,0.3466845617246288,0.36406617796212504
C20orf72,1160.1635,-0.3255061841627185,0.012836074068840407,-25.358702545421213,7.204626838474625e-142,3.1201658754415e-141
C20orf79,0.035565794,-0.4404444730568633,0.4544762995760263,-0.9691252843498042,0.332482683750121,0.3495850311660752
C20orf7,399.30533,-0.1774912771835302,0.01316811419766104,-13.478868311687084,2.0827693023366845e-41,4.093358454124197e-41
C20orf85,113.60886,-1.8023699668474649,0.12322999409527992,-14.626065513351357,1.915484262819063e-48,4.0087730372875515e-48
C20orf94,54.8115,0.06750745563630778,0.023830403678429347,2.8328288747124226,0.0046138078196176656,0.005331621829923717
C20orf96,632.99365,-0.06577107790615126,0.01980607360661449,-3.3207529777222566,0.0008977495709367971,0.001063374651774625
C21orf119,251.50284,0.017803136248616527,0.01741094939206006,1.022525299897507,0.30653234457220346,0.32316772840067787
C21orf121,12.32393,-1.8991982120153799,0.06888427140711548,-27.570854321603523,2.4889096580744212e-167,1.3052991171750939e-166
C21orf122,75.043816,0.07209551581169492,0.020099615651983475,3.586910170821121,0.0003346195329667613,0.00040175261376837256
C21orf125,50.089363,-0.9941514175000603,0.04354927270468157,-22.828197941252608,2.406750255342216e-115,8.606890646146528e-115
C21orf128,13.105526,-0.40098733338366743,0.0677316277325014,-5.920237661603568,3.2147671334721364e-09,4.282499775591129e-09
C21orf129,8.935099,-1.2670952513541442,0.0565792078932151,-22.395068763521742,4.396358998320979e-111,1.524795108122944e-110
C21orf130,18.523901,0.40734954969637877,0.045318951786031986,8.988503344464608,2.506198496216537e-19,3.891670748567804e-19
C21orf131,31.044521,4.724388444776959,0.21843658307930566,21.62819239422785,9.753059924598763e-104,3.1861769416705105e-103
C21orf15,44.874104,-1.080623008992739,0.053272798497063276,-20.284705130561328,1.7551215425560034e-91,5.206545167550294e-91
C21orf29,26.57352,-0.5054748336873301,0.05214961796425607,-9.692781144318031,3.235946858074597e-22,5.200555895448431e-22
C21orf2,1232.4407,-0.04370548887007711,0.017551601671611947,-2.490113990039245,0.012770213050983763,0.014518023648926648
C21orf33,4630.2266,0.0212999059419884,0.015259788368630069,1.3958192228782906,0.1627689401882655,0.1752969135258621
C21orf34,118.22319,1.759890237566709,0.036739362958788185,47.902034652610574,0.0,0.0
C21orf45,622.3484,-0.5024644302008042,0.01637975436462665,-30.67594415737486,1.1917516338127882e-206,8.383853321629078e-206
C21orf49,18.470251,0.47249418475830246,0.02346720747332728,20.13423136499463,3.7000913972097184e-90,1.0878001553183055e-89
C21orf54,0.079384506,-0.5740866901563286,0.3095309876243411,-1.8546986024322145,0.0636392784575484,0.0701973273076463
C21orf56,528.7739,-0.40271909608292605,0.02733057491470965,-14.735112500914779,3.835581053001163e-49,8.080359546569812e-49
C21orf57,452.90997,-0.21347163518162426,0.01758615425556849,-12.138619511655339,6.592895614983232e-34,1.2080349367783604e-33
C21orf58,323.96997,-0.7981765493964386,0.024382586429913648,-32.73551604915875,4.8807963236147616e-235,4.2501339757259594e-234
C21orf59,1828.1653,-0.3058273976316671,0.011868026849562681,-25.76901801017887,1.9735114178873534e-146,8.855789939777084e-146
C21orf62,154.88654,2.1736607082277613,0.06295739707220037,34.52589861259636,3.2789837458508537e-261,3.428702110003982e-260
C21orf63,772.481,0.12785399024741612,0.02603784685839023,4.9103134734129315,9.093091434342691e-07,1.1592851682120535e-06
C21orf67,115.830124,0.03016226124791041,0.01845884722008112,1.634027352211752,0.10225310745874057,0.11158721133964941
C21orf70,506.27408,-0.6233143473104299,0.017985537996856926,-34.6564193642335,3.575384388685417e-263,3.797144015088493e-262
C21orf71,6.250482,0.5642648234830884,0.034217382070321205,16.490590142853424,4.2874137133624914e-61,1.0002000205150334e-60
C21orf7,321.17502,0.8145887759847065,0.02785103052657843,29.24806589139812,4.7519160173505506e-188,2.8878883043952196e-187
C21orf81,5.566107,-0.7324071280395447,0.03967815966031936,-18.458697034076344,4.4392181633330544e-76,1.1738932664930207e-75
C21orf82,21.40095,0.9544184171460053,0.03199946371103188,29.82607539191251,1.7939343153472346e-195,1.1503215346820267e-194
C21orf84,3.9966753,-0.544368410026557,0.06007020393564184,-9.062203461299779,1.2784145991517965e-19,1.991982460135575e-19
C21orf88,35.594364,0.2118593484988126,0.055664687825275505,3.8059918554436636,0.00014123703027974177,0.00017130017273116064
C21orf90,10.033715,-0.4601828523658197,0.05743668169366845,-8.012002761930935,1.128553320681414e-15,1.6702687595051547e-15
C21orf91,1001.25653,0.03116816729445577,0.02067979525430772,1.507179684864784,0.1317646060256674,0.14281279887545584
C21orf94,0.1969506,0.08694643735529446,0.1859292865748042,0.4676317483760884,0.6400479569083848,0.6550742185148706
C21orf96,17.761757,-3.9094921105908127,0.08214452668246482,-47.59284968191755,0.0,0.0
C21orf99,1.6333009,-0.8250569210680135,0.08486786616403978,-9.721664492816089,2.4376368535550297e-22,3.924391009135446e-22
C22orf13,5296.6475,-0.026804527682824143,0.013519801387802675,-1.982612533569222,0.04741072628745763,0.05265875485468357
C22orf15,20.24404,-1.1206061557597933,0.04649387722614722,-24.102230715436804,2.368648062845198e-128,9.37467066708114e-128
C22orf23,142.39465,0.2333716044343362,0.020822865962073413,11.207468023825212,3.74760696270568e-29,6.515031180405169e-29
C22orf24,4.1133184,0.16949883378315334,0.03161980531197793,5.360527432436319,8.297932454473036e-08,1.0779581855577881e-07
C22orf25,1334.3408,-0.09961504052796512,0.015854229623786294,-6.283183913175539,3.3170825628265864e-10,4.496470064357579e-10
C22orf26,24.123064,0.19571580848673784,0.02036665129137175,9.609621419189912,7.281621625633438e-22,1.1640874336574101e-21
C22orf27,299.30716,-0.2844960785281112,0.014910132173944485,-19.080721432186177,3.6518337277158667e-81,1.0052417910028033e-80
C22orf28,4108.507,-0.10819821854829402,0.010079050901478861,-10.734961020230438,6.974839890096376e-27,1.1857111332871754e-26
C22orf29,1466.9523,-0.23349131055414254,0.014627618006142137,-15.962360410020246,2.33722336998901e-57,5.283536596669581e-57
C22orf30,2267.01,-0.12150526973062965,0.013432526891634263,-9.045600333493676,1.4884501069592227e-19,2.31783354195983e-19
C22orf31,6.4931316,-0.3094235736480475,0.045544113369554474,-6.793931218669686,1.0911842468304371e-11,1.5154799154936126e-11
C22orf32,2015.4847,-0.14633863191081814,0.016042629850277088,-9.121860522655554,7.384552587833944e-20,1.1529302617769269e-19
C22orf33,0.091431774,-0.3245872507313137,0.21055857029448194,-1.541553261296152,0.12318219072063052,0.1337814051467682
C22orf34,17.782866,-0.8157486926214803,0.04579551621272861,-17.812850691150143,5.617451384479292e-71,1.4236984032940858e-70
C22orf36,764.1506,-0.011563959630146435,0.027495780777757217,-0.4205721497278277,0.6740675340575075,0.6880937086781386
C22orf39,1209.915,0.37297483022716255,0.013088029603694012,28.497401176560054,1.261596257671151e-178,7.152558677228338e-178
C22orf40,401.1613,-0.1146528906079184,0.013439960246928815,-8.530746259767986,1.4540665113110736e-17,2.2067342604384757e-17
C22orf41,18.831354,-0.6223225246800005,0.037261282474479775,-16.701586294197703,1.2762613106711212e-62,3.022380368029936e-62
C22orf42,1.2696297,0.6836854657628578,0.18966225527432262,3.604752378242011,0.00031245069209064996,0.0003756678462335996
C22orf43,6.0610666,-0.7147262404015642,0.0392987178617547,-18.187011670859928,6.541067119367254e-74,1.6979419288945293e-73
C22orf45,87.78241,0.46031476178180775,0.05507478522742874,8.35799467725493,6.379332397813667e-17,9.603433029213874e-17
C22orf46,984.50824,0.3279536918577576,0.014635321277344729,22.408369836432993,3.261601677911527e-111,1.1329627804231493e-110
C22orf9,5072.7817,-0.2693010839362964,0.01680885313436486,-16.021383599677232,9.06113978733622e-58,2.055440054934575e-57
C2CD2L,913.86505,-0.09597919734722467,0.01389430267622564,-6.907809595328121,4.921939710866163e-12,6.88273717793284e-12
C2CD2,1613.6564,0.04689590262474765,0.018751381603262212,2.5009305243187563,0.01238674755040989,0.014089942640451164
C2CD3,1415.4664,0.15780583214017432,0.012865216707020363,12.266084259121882,1.3775585425647566e-34,2.5415237306820007e-34
C2CD4A,379.0049,-1.013656617226411,0.05170069044560632,-19.606249133033668,1.3675296708122306e-85,3.886311637083501e-85
C2CD4B,173.88718,-0.6140819662155594,0.043405018424767045,-14.147718132637914,1.9291609442737928e-45,3.9390018718754535e-45
C2CD4C,140.95853,0.5640016823958849,0.040169988837198044,14.040374387000337,8.82452116079089e-45,1.791032063727861e-44
C2CD4D,39.822765,-0.8044934320984245,0.0316584405726792,-25.41165697190693,1.874582911568432e-142,8.153094103102266e-142
C2orf14,13.887391,-1.1433506020791913,0.11806591176066433,-9.684002647579756,3.526334076939365e-22,5.664560160360465e-22
C2orf15,149.76114,-0.2854393014821096,0.027040152186975835,-10.5561277728161,4.7589003358436086e-26,8.013104948923995e-26
C2orf16,88.17362,0.19468966769274332,0.0187183514664182,10.401005026646057,2.453318130395959e-25,4.098392042071989e-25
C2orf18,3649.8147,-0.0651118330475404,0.013033491224876502,-4.995732296444413,5.861292193988405e-07,7.492782103315957e-07
C2orf24,4277.01,-0.0051072743381869925,0.013293788325035501,-0.38418502035034874,0.7008413200273251,0.7139568893888573
C2orf27A,80.69853,0.554568466742487,0.0293437696420645,18.899019229877993,1.1619232509633106e-79,3.1599780211544266e-79
C2orf27B,2.5801713,-4.381337675696387,0.184228560260202,-23.782076294295752,5.119600002402044e-125,1.9744257709585763e-124
C2orf28,5186.8276,-0.13085481328926288,0.011549233461765658,-11.330173012993857,9.302081619691447e-30,1.6295050739571345e-29
C2orf29,2520.9893,-0.42995883358597137,0.01053721653474502,-40.803833931687876,0.0,0.0
C2orf34,250.82286,-0.28019583341017806,0.015424556382664831,-18.16556836118031,9.670043817325318e-74,2.5063325534936494e-73
C2orf39,63.70197,-0.8368078623712234,0.06302863897292753,-13.276629100791064,3.1631617890466106e-40,6.159029348048962e-40
C2orf3,871.66406,0.10547617245528602,0.01139659642967738,9.255059008724755,2.141121091387782e-20,3.3687082148040075e-20
C2orf40,515.4259,1.9008867833687049,0.05766929913422684,32.961849925457564,2.861701573518217e-238,2.5542035219314944e-237
C2orf42,477.68808,0.21397259050693393,0.008823609909126657,24.250005690484166,6.6112487933077095e-130,2.6506186329844754e-129
C2orf43,788.28,-0.017909587125635458,0.01613808973452196,-1.1097711947482845,0.26709763492396155,0.2830587033166901
C2orf44,521.43945,0.047809205632279236,0.011456393122205732,4.173146392786703,3.0042177137909712e-05,3.703922269428353e-05
C2orf47,742.5837,-0.11697605013205262,0.012076860201498257,-9.685965406599685,3.4592471675961613e-22,5.557671487144117e-22
C2orf48,22.488533,-1.0833468612869397,0.0403207176250641,-26.868243550643342,5.163719582261044e-159,2.54116913162322e-158
C2orf49,288.10303,0.01046132605965163,0.011259778407709397,0.9290880939973846,0.35284343413919594,0.3701875059489043
C2orf50,26.594774,-0.33294780318299466,0.042067193947454305,-7.914666321668051,2.4791709512665653e-15,3.649825829549208e-15
C2orf51,1.2745229,-1.3478768120485614,0.14618525447629538,-9.220333588892345,2.961773394031877e-20,4.6508865814959497e-20
C2orf52,13.813544,0.16325209959123604,0.02353128093066471,6.93766310776965,3.986389514080287e-12,5.580616387070106e-12
C2orf53,0.44730842,-0.9010581856076882,0.14182127355162039,-6.353476901190845,2.1050180990701975e-10,2.863370313287242e-10
C2orf54,523.36646,-0.9602027951732366,0.0578133214930587,-16.608677210987132,6.030843473670159e-62,1.4173143516154998e-61
C2orf55,666.0297,0.021613400499971173,0.025781285057374398,0.8383368188153578,0.401841562899271,0.41952168499391096
C2orf56,525.07355,-0.11154080070175978,0.009678685462703389,-11.524374991994513,9.943110949300582e-31,1.762882485559615e-30
C2orf57,0.55517244,-0.19760206940453645,0.08016931885023448,-2.4648091344480534,0.013708625346390868,0.01557182968404685
C2orf58,17.958822,0.33045687468820684,0.035543422075890375,9.297272333053169,1.440947874133677e-20,2.2713113788702024e-20
C2orf60,472.55627,0.023026869858793642,0.011210556873819834,2.0540344353962117,0.03997235895179115,0.04452332070792844
C2orf61,2.5657392,-0.7162094870107216,0.04508024111061924,-15.88743692060709,7.742936624294821e-57,1.739746680653551e-56
C2orf62,48.07133,-0.3362982262441044,0.05215730096981321,-6.447768960260076,1.135086208893233e-10,1.5496023688632287e-10
C2orf63,178.2245,0.337114129448395,0.022087552625217204,15.262629371780832,1.3566939408944383e-52,2.9399608241266494e-52
C2orf64,1258.954,0.25006650301182765,0.012521320977167811,19.97125570599261,9.795949503500716e-89,2.8507109196936973e-88
C2orf65,101.25517,-0.5040575743250941,0.04213717014806749,-11.962302464875219,5.598765563963639e-33,1.0144648283796343e-32
C2orf66,5.888045,-0.15873698202957584,0.045021328332442226,-3.5258173827623494,0.00042217797389055206,0.0005051496544482957
C2orf67,1114.8201,0.5181416941417418,0.018546107238274448,27.938029662226324,9.214957788971169e-172,4.996200416129535e-171
C2orf68,1816.1442,-0.11084360562924206,0.010572049680249503,-10.48458993115762,1.0168581110502794e-25,1.7069767713450394e-25
C2orf69,887.3839,0.12146912762989759,0.012381167902174124,9.810797219587638,1.0116611183157067e-22,1.6367139786863852e-22
C2orf70,31.991455,-1.4018476891361442,0.05021479941513259,-27.91702258027316,1.658094465609488e-171,8.963660442204878e-171
C2orf71,10.969724,0.9859049467121338,0.057927965005785495,17.01949907292044,5.887212766834609e-65,1.4182672431663213e-64
C2orf72,1203.5339,0.5662828381654631,0.05262761043671813,10.76018526143017,5.306338266158283e-27,9.031244002735035e-27
C2orf73,10.984552,0.29293424704109905,0.047838798308915485,6.1233613175125745,9.162160371322127e-10,1.2331906849117227e-09
C2orf74,500.47375,0.371890298290744,0.026418493698183082,14.076892594232977,5.267555109351261e-45,1.0717784776262474e-44
C2orf76,152.00922,0.16260752744045354,0.013916983115430598,11.684107546279968,1.5368530837789425e-31,2.7487298544017825e-31
C2orf77,270.05472,0.3181202040458844,0.02758967147730074,11.53040928043004,9.270195411514795e-31,1.64443590122009e-30
C2orf78,0.8077591,-0.5301944886932413,0.08739526321283893,-6.066627288506779,1.3062420818626058e-09,1.753050925816796e-09
C2orf79,1006.3545,-0.44090227120379544,0.015014125825331544,-29.365830307610292,1.5005149586923808e-189,9.215379802117097e-189
C2orf7,910.40326,-0.20477954492863298,0.017866967232905765,-11.461348882505842,2.062768715362077e-30,3.6435804508117764e-30
C2orf80,33.933025,3.6242375759777663,0.1431128596409587,25.32433203466304,1.7237313610605304e-141,7.441358519896383e-141
C2orf81,323.87766,-0.3079461382871562,0.024679122133716924,-12.478002119307007,9.842538937125597e-36,1.8372077585123317e-35
C2orf82,45.064133,-0.9335127675164757,0.05277700695070575,-17.68786866576928,5.200558409198367e-70,1.306492703021589e-69
C2orf83,0.40544978,-0.18087607001453834,0.09988304239519394,-1.8108786604525928,0.07015963652108352,0.07715968236456026
C2orf84,14.459338,0.5274784620284918,0.03730813604002606,14.138429790825953,2.20141690969232e-45,4.491296408901287e-45
C2orf85,61.659073,3.469605180578697,0.06879182532074614,50.43630059823894,0.0,0.0
C2orf86,168.5595,0.3839626493226066,0.017324526862065738,22.162951541455474,7.8250148765087795e-109,2.66314740673424e-108
C2orf88,728.66595,0.12163376372358238,0.0398047382771636,3.0557609216429635,0.0022449018106446023,0.0026245524269503536
C2orf89,476.85333,-1.598179312071168,0.045590865326414896,-35.05481417447891,3.293250848673219e-269,3.6637865589146477e-268
C2,5861.2827,-0.15154046066772173,0.0407438072334805,-3.719349539411625,0.0001997364857747277,0.0002412598702988835
C3AR1,750.31525,0.6008330138295191,0.027012038828878374,22.24315675080301,1.3138045784113296e-109,4.495419733088446e-109
C3P1,128.20073,-0.34532320849172204,0.1970431326049828,-1.752525977061073,0.07968340708600806,0.08741174011875845
C3orf10,6527.4116,0.014233566003275666,0.010531337170367971,1.3515440416554754,0.176521221827995,0.18968624275288454
C3orf14,414.61536,0.08002971383245955,0.03161361098343955,2.531495496493022,0.011357727594454551,0.01294836913962931
C3orf15,250.51018,0.41398149466814915,0.04081855497747873,10.14199289750849,3.5968559893233954e-24,5.9289443030228325e-24
C3orf16,10.731242,-0.8128758687348226,0.08450007821139997,-9.61982386218853,6.5943987026923e-22,1.0551348883064486e-21
C3orf17,1962.339,0.06560528968249327,0.009091015087872417,7.216497723121364,5.334355605781277e-13,7.569676293169375e-13
C3orf18,428.16147,0.7845434211144646,0.025392016599101196,30.897247489285082,1.3006055814345263e-209,9.336752127089393e-209
C3orf19,905.9617,0.0276087241595048,0.009246378400810756,2.985895986809708,0.0028274879742155624,0.003292428944581025
C3orf1,2964.996,-0.1479064684602743,0.010301669232404866,-14.357524506321814,9.558064490194584e-47,1.9717563578465046e-46
C3orf20,2.059419,0.13421514232735562,0.05320049538476003,2.5228175293608883,0.011641879253819225,0.013266372983796352
C3orf21,1016.81195,-0.2689305327262821,0.017957469280132084,-14.975970641020304,1.0541744404776768e-50,2.2487361099837617e-50
C3orf22,0.27628437,0.054572812100046005,0.10687145913283376,0.5106397212394734,0.609603356618994,0.6253925289698211
C3orf23,1258.8914,0.1963028943389196,0.013749319775445242,14.277280443320167,3.0320470086186238e-46,6.229634175846862e-46
C3orf24,1.1017872,-0.9882148561103545,0.06779356373989252,-14.576824134838162,3.944440776310623e-48,8.23893195495106e-48
C3orf26,944.02057,-0.26665282151532443,0.014312658475983982,-18.630558534094575,1.81619095478726e-77,4.851834621245746e-77
C3orf27,1.4530445,-2.178550523447961,0.09889825669131078,-22.028199447921804,1.5459744064087743e-107,5.214462051039801e-107
C3orf30,2.2710633,-0.3459795434285571,0.0969484320049104,-3.5686966387556773,0.00035876153787831006,0.00043048424292240904
C3orf31,339.65793,-0.19410610672201165,0.011089647182067576,-17.503361787369517,1.3505706955130565e-68,3.3585280065897543e-68
C3orf32,55.011127,-0.8266660748859223,0.04362923293812867,-18.947527132971395,4.628274493700013e-80,1.2614061635507171e-79
C3orf33,254.50499,0.2101791173572089,0.016662681598062345,12.613763044097896,1.7731988080914304e-36,3.333076773514304e-36
C3orf34,187.63226,0.12165872061827825,0.020909493677754337,5.818348473340187,5.943190081986181e-09,7.880000448007598e-09
C3orf35,18.57588,-0.564963078167251,0.02449522907423729,-23.06420880796936,1.0593414593057074e-117,3.860234968678162e-117
C3orf36,36.95458,0.588542395499574,0.03611653539037469,16.29564932345157,1.0597219418518344e-59,2.4428078593932854e-59
C3orf37,2355.2234,-0.36397413290505226,0.01239424263250146,-29.366387579875337,1.4761310418576817e-189,9.068362064327261e-189
C3orf38,867.2367,0.11579002624936337,0.010714035536805038,10.807321466463266,3.1781456057351847e-27,5.4186304653850284e-27
C3orf39,1302.7567,0.5208286783208504,0.01706106581712476,30.52732366802532,1.1310315795536125e-204,7.821559758197009e-204
C3orf42,43.823402,-0.5115463298326688,0.021912238545730857,-23.345233704218362,1.540692659328599e-120,5.730172059055708e-120
C3orf43,2.0373712,-0.46465053918947913,0.05347358520310223,-8.689347037881477,3.645285348574454e-18,5.579188423667668e-18
C3orf45,11.412093,0.22009081910877495,0.04459407890838023,4.935426955694222,7.99756088076029e-07,1.0205098211933486e-06
C3orf47,100.49602,-0.18655818766019966,0.023578124354076666,-7.912342171863374,2.5259099298998944e-15,3.718097047417537e-15
C3orf48,1.3923842,-0.4224901818036898,0.04412620759415862,-9.574586279642546,1.0226592048363558e-21,1.63219808335398e-21
C3orf49,1.2707072,0.38370331753183157,0.0432007899574395,8.881858825031856,6.575225067419073e-19,1.015436601286391e-18
C3orf50,7.3689904,0.12088621158110663,0.06492527990497837,1.8619282313149834,0.06261320707575231,0.06910295890146047
C3orf51,0.3502985,-0.14304356452021502,0.08251346957135279,-1.7335783510656935,0.08299292442313552,0.09092465954531648
C3orf52,469.33508,-0.3987586379660783,0.033973337945160186,-11.737399445699305,8.196826347453391e-32,1.4690069331672851e-31
C3orf54,186.46124,-0.2915410737058441,0.028603768761626694,-10.192400733464192,2.1440304127635372e-24,3.5439080273973256e-24
C3orf55,55.708027,0.44447955590516414,0.04864925818513762,9.136409731340013,6.456007291972519e-20,1.0088099812515811e-19
C3orf57,491.60028,-0.6707180384134833,0.05516587731398996,-12.158204873565756,5.188634524684855e-34,9.519276406962147e-34
C3orf58,1450.0063,0.009355630820025438,0.022018755701803904,0.42489371092204686,0.670914159499782,0.6849777530342541
C3orf59,420.02954,0.3943281548245551,0.022811999562987063,17.28599694804311,5.997536355867639e-67,1.4697140427191774e-66
C3orf62,350.47714,-0.17023765464599955,0.014938820550033613,-11.395655639334695,4.3950894093494966e-30,7.73376190881127e-30
C3orf63,3205.9512,0.27783266351647573,0.011050082876091216,25.143038892279733,1.6840093868045656e-139,7.17404208117894e-139
C3orf64,981.52106,0.39698323318544454,0.017309499148514127,22.93441478458504,2.1082491870421504e-116,7.596786760883387e-116
C3orf65,7.621885,-1.8918814106856372,0.07672039232707023,-24.659433473961794,2.9153333300074576e-134,1.2017264884717926e-133
C3orf66,12.151901,-0.289194298297614,0.09399278297875113,-3.076771312995296,0.002092557730485011,0.002448975789546122
C3orf67,148.50838,-0.4454023331882576,0.03364037334833971,-13.240112663917268,5.147155826453802e-40,1.0006774777575722e-39
C3orf70,553.3901,1.9997093679613924,0.03398714700700953,58.83722359952636,0.0,0.0
C3orf71,81.6677,0.0677754906454449,0.017960839478579536,3.77351463589858,0.0001609637718109116,0.0001949819379007764
C3orf72,42.249645,0.06149279270247213,0.06605696533324207,0.9309055054566199,0.35190244641167834,0.36927900141721354
C3orf74,2.7941852,-1.6790216839456826,0.07025943762553306,-23.89745407434783,3.25521841552566e-126,1.2666856215918752e-125
C3orf75,1002.06036,-0.08329430973421997,0.012518025845530894,-6.653949333708812,2.8533093377530556e-11,3.933274074569332e-11
C3orf77,0.4159635,-0.45143501863196145,0.1460967114814277,-3.089973853992938,0.0020017411587068368,0.00234390339047061
C3orf79,0.21222202,-0.5962392148196749,0.13488427690795282,-4.420375958471112,9.852933029259078e-06,1.2286143415366299e-05
C3,65342.484,0.19619331437530252,0.045948451136677025,4.269856970623692,1.955983606629672e-05,2.421812944558383e-05
C4A,42602.89,0.4282665805611092,0.04387413809878847,9.761253419880521,1.6510189615133503e-22,2.6639003833769455e-22
C4BPA,3738.2507,-0.20393777640860006,0.0946784741177018,-2.15400362446769,0.031239887680114025,0.0349515235082399
C4BPB,708.8763,-0.5302945254292157,0.08419521983155669,-6.298392313603287,3.0074854902450676e-10,4.0803276753231594e-10
C4orf10,732.9349,0.051805796920102905,0.013458065534636576,3.8494237367749506,0.00011839603809369905,0.00014384585185591806
C4orf11,0.11234571,-0.12838268202232747,0.1998336378551917,-0.6424478050855444,0.5205824687187917,0.5374512414120628
C4orf12,79.624405,1.9463981392543424,0.031213273010324956,62.35802758046228,0.0,0.0
C4orf14,1487.3391,-0.1931511455512211,0.01112718821692126,-17.358486419551493,1.701501851474603e-67,4.193810677260465e-67
C4orf17,0.5874022,-0.7376838468504368,0.11727623010648537,-6.290139495280749,3.1718082080785676e-10,4.301834874976454e-10
C4orf19,612.4887,-0.3306138544654898,0.03806796970215252,-8.684830240547228,3.793084208689417e-18,5.802780388090461e-18
C4orf21,253.56493,-0.46972702468258626,0.02256866976553247,-20.81323487660611,3.2841905219070285e-96,1.0104705279659242e-95
C4orf22,3.3612971,-0.6519882373849917,0.08219451052357979,-7.932260113623411,2.151931175953788e-15,3.1708161548268924e-15
C4orf23,474.26846,-0.08017405207211187,0.01084701142337247,-7.391349464181238,1.4534605417306639e-13,2.081528078861465e-13
C4orf26,4.9794884,-0.37738259922080974,0.05641161715697261,-6.689802885293892,2.234713997904845e-11,3.085766568322351e-11
C4orf27,810.9153,0.12892809702857438,0.012143324400462455,10.617199440349662,2.4788662501229367e-26,4.187457516283843e-26
C4orf29,248.99802,0.01385860021133208,0.016298476331554772,0.8503003550400013,0.39515811923910227,0.412819383702221
C4orf31,531.4987,1.2026570785126462,0.05236658685491811,22.966115432434307,1.0170878361985234e-116,3.6720856990895087e-116
C4orf32,707.08246,0.40396992964841444,0.02623011695070364,15.400996130045,1.611673384512329e-53,3.523253348575809e-53
C4orf33,467.2449,-0.07972517378859795,0.016809575977197035,-4.742842644975032,2.1073996195656303e-06,2.664878810853209e-06
C4orf34,1608.578,0.24582871359234354,0.021627618374755322,11.366425527430486,6.145297004316304e-30,1.0793900587600349e-29
C4orf35,0.623363,0.14483311981653196,0.13890464820326218,1.0426801528239322,0.29709645297772636,0.3135769965355141
C4orf36,17.154205,0.09492371846364205,0.023618315181662616,4.019072390791927,5.8427718631303975e-05,7.155067209712587e-05
C4orf37,1.7380078,0.18618590401052193,0.03780562273047765,4.9248204516526854,8.443784884171347e-07,1.0769766724523521e-06
C4orf38,27.984941,0.718889020314065,0.027578234270644993,26.06726062513979,8.574459096838546e-150,3.958444733617595e-149
C4orf39,55.927856,0.9415704434705433,0.036975231257132625,25.464896674281423,4.828609386369958e-143,2.1086584834214067e-142
C4orf3,5961.438,0.3649845143833377,0.01212461020473089,30.10278336543345,4.455506885793672e-199,2.9432078094702583e-198
C4orf40,4.607201,-1.4696876803536216,0.15363288636768474,-9.566231001064866,1.1087404732857498e-21,1.768616100887298e-21
C4orf41,1700.2266,0.21143970098476922,0.010882022158735058,19.43018474880107,4.288159133444227e-84,1.204672716955858e-83
C4orf42,841.22296,0.20010463264388784,0.01093631995774697,18.297254781956113,8.702482579901678e-75,2.2767134778234164e-74
C4orf43,730.2136,-0.1263813433366965,0.010936436327654807,-11.555989496973329,6.8849850137108765e-31,1.2229227874205176e-30
C4orf44,14.200006,0.07586145080384199,0.03030749492734386,2.5030590943165905,0.012312498402760563,0.014010180806047523
C4orf45,0.23967041,0.19033256402632498,0.08894335531709263,2.139930108862758,0.03236041542653906,0.03619126003454783
C4orf46,533.21,-0.09851426897191619,0.015728364812412614,-6.2634781267389,3.764839861266079e-10,5.099692264505396e-10
C4orf47,39.65043,0.297488967897829,0.0388208071613589,7.663131955533911,1.814527414733666e-14,2.6338203077543638e-14
C4orf48,307.85056,-0.980642046777789,0.03540452634938481,-27.69821115810037,7.337305050732301e-169,3.9012847617617894e-168
C4orf49,130.74937,-0.20590493065414375,0.052839579874429964,-3.8967934859335416,9.747466810510886e-05,0.00011868939999712387
C4orf50,4.9490743,-0.004134731404528197,0.05959954984596776,-0.0693752119808659,0.944690959344086,0.9471100232080685
C4orf51,1.1765282,-1.145898287576123,0.13602505879001972,-8.424170500415167,3.63314896662505e-17,5.482306538061029e-17
C4orf52,988.5717,-0.0006084753079615014,0.013912281956034575,-0.043736556654357474,0.9651143990890703,0.9664910994124142
C4orf6,12.639401,0.4678961755486999,0.07039099790187531,6.647102463314199,2.989189510879851e-11,4.119468574561896e-11
C4orf7,595.0616,-1.698769702279701,0.08973481142724084,-18.930999856807016,6.334851702489531e-80,1.7239840370402936e-79
C5AR1,731.59503,0.46003595754699084,0.028283109405465634,16.265395397370636,1.7374192114923567e-59,3.997301133096721e-59
C5orf13,3520.2866,0.5960950825695605,0.02360255048043809,25.255536814278063,9.845650373674475e-141,4.231530419202842e-140
C5orf15,3745.4583,0.23553590463676408,0.013145156347058307,17.91807555712135,8.522576301626374e-72,2.171331884930689e-71
C5orf20,53.890324,-0.9821682168258379,0.04046872766001387,-24.269807172521844,4.086042866073605e-130,1.6411076486563922e-129
C5orf22,1299.0675,-0.09269743887519234,0.013161506484484095,-7.043072081791851,1.8804688324453288e-12,2.6455991265119515e-12
C5orf23,1017.85187,1.2131654351894114,0.04608738041278427,26.323158841392708,1.041758291553285e-152,4.915216004109694e-152
C5orf24,2766.3936,0.5565066119229071,0.0125668948929913,44.283541532067495,0.0,0.0
C5orf25,610.4409,-0.1951726557559352,0.019631955275214757,-9.94158009326456,2.744389288242633e-23,4.465197915714198e-23
C5orf27,88.48026,0.30152742425240525,0.05914959770030255,5.097708792208115,3.437891363291989e-07,4.417294431382872e-07
C5orf28,644.9201,-0.03131067816263214,0.014361394084755199,-2.1801976867878596,0.029242811013826895,0.032762182997496246
C5orf30,829.02277,0.020966607111643356,0.023156474400786862,0.905431748752345,0.3652367024038935,0.3827784425121418
C5orf32,4098.1304,-0.27476519358884705,0.026692627635093055,-10.293673494609822,7.524955369121677e-25,1.2508210839316478e-24
C5orf33,2116.3105,0.49798667243138506,0.022882807380015694,21.76248150680555,5.26222983100551e-105,1.7380554368825628e-104
C5orf34,144.95601,-0.2449699243814148,0.022352567514156367,-10.95936402949102,5.991895132288587e-28,1.028141533908667e-27
C5orf35,237.05179,0.041235412004672026,0.016718314536969515,2.4664814095635896,0.013644781113321295,0.015501037815194924
C5orf36,105.01303,0.49408860922270026,0.020797171528186772,23.757490702668548,9.193541196357488e-125,3.538878903699037e-124
C5orf38,126.162895,-0.22544573584744415,0.05536062484663552,-4.072311981159753,4.654877225185708e-05,5.715496377031291e-05
C5orf39,167.18909,-0.43489519394320936,0.026415496333363493,-16.46363893582892,6.695165203137289e-61,1.559575152982518e-60
C5orf40,16.85976,1.5403100182893226,0.06837375330025222,22.52779676325946,2.2171326842113126e-112,7.7597738211892925e-112
C5orf41,829.5049,0.8479559193505852,0.021154999789256612,40.083002968461976,0.0,0.0
C5orf42,987.50116,0.5656383866848099,0.019731230909087846,28.667161683475467,9.796895583125295e-181,5.648683012654995e-180
C5orf43,2732.1091,-0.050548933797735215,0.010632508342334441,-4.754187080810401,1.992464770362637e-06,2.5206356962538324e-06
C5orf44,977.20807,0.21057662931933288,0.01116979641761068,18.852324737748184,2.812086184079687e-79,7.62333723324612e-79
C5orf45,472.32675,0.03180495327160821,0.02219032723612234,1.4332800473457994,0.15177782167874956,0.16378039283180487
C5orf46,79.08278,0.8329296595487754,0.0645129573978928,12.911044434245415,3.899753414811945e-38,7.444451924252825e-38
C5orf47,2.7369308,0.8107407000864283,0.047602424445408076,17.031500171093402,4.795883140547474e-65,1.1559060596472834e-64
C5orf48,0.31606585,-0.96450877705094,0.1257207562645676,-7.671834036865171,1.6955424941488998e-14,2.4622153789604647e-14
C5orf49,151.84142,-0.49917440016298814,0.04972700015481584,-10.038297074203165,1.0344452782564714e-23,1.6925396946092984e-23
C5orf4,1728.7124,0.9563534273038181,0.03065383403897711,31.198493020083262,1.1167866973720978e-213,8.322350062883799e-213
C5orf51,1993.7716,0.2186901330099848,0.011698756553304839,18.693451052984425,5.597247865192557e-78,1.5007818950013863e-77
C5orf52,1.7766737,-2.425160845289926,0.10855436495059188,-22.340518931631436,1.4929889453401445e-110,5.1509510147737677e-110
C5orf53,787.6589,0.9292910324662023,0.020399283023229672,45.55508305894735,0.0,0.0
C5orf54,322.05594,0.3996058955569284,0.016548806548209047,24.147112626691182,8.006782522312107e-129,3.181305335123969e-128
C5orf55,236.98413,-0.017789365975184507,0.019863171687366548,-0.8955954393979775,0.37046887233939907,0.38808210815321975
C5orf56,215.94415,-0.10045833323477113,0.020207586589211082,-4.971317717297635,6.649936899607932e-07,8.496144671422522e-07
C5orf58,16.058191,-0.5302826561514227,0.04202332253305738,-12.618770344355308,1.66399221031285e-36,3.129246019744995e-36
C5orf60,1.4139004,-0.8946264749804206,0.049920075007943564,-17.921176497392334,8.060527509451419e-72,2.05412792045214e-71
C5orf62,1472.4467,0.38523245988123683,0.02516011665861907,15.31123504346981,6.433066869433938e-53,1.3989618499765601e-52
C5,1694.9451,0.08692530375440556,0.04821759694789295,1.8027713792610331,0.07142412679265502,0.07853336559579085
C6orf103,9.97571,-0.9963429649288498,0.07911154953643426,-12.594153075841234,2.2738745552167017e-36,4.2674974253002237e-36
C6orf105,251.95988,-0.4706042933041516,0.0449599246869736,-10.46719487589581,1.222108730432697e-25,2.049667323739952e-25
C6orf106,7442.877,-0.04707533655456346,0.012559935937974626,-3.7480554667665507,0.00017821084939504648,0.0002155149796753045
C6orf108,1816.4376,-0.5114213671736295,0.019785484922650125,-25.848310980144948,2.541846158472117e-147,1.1510108082814465e-146
C6orf10,4.2688603,-2.227169258299681,0.1108371471282258,-20.094068784746895,8.31599418072562e-90,2.438503896376104e-89
C6orf114,33.538727,-0.19736987579549134,0.03102403649462311,-6.361837404030202,1.9935441726679956e-10,2.7120992857566135e-10
C6orf115,1554.1886,-0.7969153200359518,0.02039417161793287,-39.0756405783706,0.0,0.0
C6orf118,23.429956,-0.4587231542328404,0.07861576112044115,-5.835002392587231,5.378979523418308e-09,7.1388946621429806e-09
C6orf120,1656.5697,0.27634354585902177,0.011669222215158679,23.681402304606298,5.606279653305969e-124,2.1462626450104594e-123
C6orf122,30.989573,0.3337380078021382,0.027344314420897377,12.205023781729382,2.9222311239850322e-34,5.373347493967781e-34
C6orf123,26.923723,-0.254496009545393,0.04562734934894879,-5.577707519213065,2.437089670644346e-08,3.1944829129956375e-08
C6orf124,59.09215,0.02604964401021319,0.03127349530837296,0.8329623456972152,0.40486596589969526,0.42257080896913235
C6orf125,2610.2832,-0.6247220211446906,0.015275604344637596,-40.89671394009333,0.0,0.0
C6orf126,7.77969,-0.7238714827115842,0.07770084353423604,-9.316134160018954,1.2065648174305793e-20,1.9045164458109136e-20
C6orf127,8.121562,-1.0063935730252798,0.09783123163619582,-10.287037750559525,8.061843522347911e-25,1.3396267733552164e-24
C6orf129,820.4471,-0.4501565893168636,0.019630175859108076,-22.93186737336326,2.235329481587389e-116,8.05327781200454e-116
C6orf130,962.7812,-0.029465246173494494,0.0118841953511449,-2.4793640042828704,0.013161691053662357,0.01495974029485886
C6orf132,463.18256,-0.7972068166569276,0.03734921992901237,-21.344671138303163,4.370270512681388e-101,1.3939266390048627e-100
C6orf134,829.0941,0.721358791162425,0.02276657905114955,31.6849883129895,2.5013992775976725e-220,1.9482015261136577e-219
C6orf136,845.02057,-0.4379060162605542,0.014078009356503007,-31.105677313552416,2.0182818386098897e-212,1.4887753605890847e-211
C6orf138,122.56186,0.7389853808593564,0.04308786649114536,17.150660755301477,6.214185433983399e-66,1.507741642837183e-65
C6orf141,133.51408,-0.8471189630045926,0.046160295213816614,-18.35167992493762,3.200618054342432e-75,8.399250189270117e-75
C6orf142,101.42708,0.13291483543760158,0.06251454665531396,2.1261425148046453,0.03349139486501907,0.03741912567538817
C6orf145,1940.6819,0.5574509419964926,0.023404157160506103,23.818458326590644,2.1503936702480423e-125,8.323168200110246e-125
C6orf146,1.0115404,0.42827525904257663,0.10158915814049606,4.215757536353233,2.4894111570675722e-05,3.074986151361406e-05
C6orf147,28.972137,-0.25872610001563956,0.03294679434471893,-7.852845934223978,4.067011527601449e-15,5.9645791449674324e-15
C6orf150,232.82642,-0.534099434724027,0.028352282667907652,-18.83796944958445,3.6884697066069855e-79,9.991159493987708e-79
C6orf153,1635.3059,-0.2531036687207863,0.01130629988640906,-22.386074247423252,5.3793587575447205e-111,1.863190965376879e-110
C6orf154,109.11197,-0.18631005102109,0.03222719350930449,-5.781144143603426,7.419428406883418e-09,9.816229720284607e-09
C6orf155,68.37997,1.2892638292229657,0.039289849484923756,32.814170736838285,3.697300677636413e-236,3.24174610232557e-235
C6orf15,94.72657,-1.7942675496877847,0.08811048488881754,-20.363836970729263,3.500659541724199e-92,1.0442480235892011e-91
C6orf162,266.98642,0.18334141466025017,0.013873867485085031,13.214874284863223,7.200652180896031e-40,1.3972367303742117e-39
C6orf163,19.890863,-0.7094490025991114,0.027651607026238603,-25.65670060065281,3.559378997968212e-145,1.5825594457225338e-144
C6orf164,23.292795,-0.30306881519474105,0.025677408804963255,-11.80293609439906,3.769262210742454e-32,6.773626034822635e-32
C6orf165,74.143234,0.01856207270484429,0.04028279118689306,0.4607941048256828,0.6449463316297781,0.659822229429681
C6orf167,532.1413,-0.25216175568331156,0.019285417006400015,-13.075255546697784,4.5602882552037445e-39,8.788613081000854e-39
C6orf168,388.1528,0.6372799250219794,0.037175469285166546,17.14248501164884,7.152731141017278e-66,1.734013494879385e-65
C6orf170,203.43756,0.3591088576857096,0.020493372929522927,17.52316999845225,9.536076030207588e-69,2.374281177681256e-68
C6orf174,624.7886,1.8189363524763913,0.04448522699262304,40.88854829892234,0.0,0.0
C6orf176,106.84894,0.09508232442454326,0.07023352181235981,1.3538025998264909,0.1757993640192994,0.18895044092856703
C6orf182,268.553,0.15740338437984203,0.014017879063601782,11.228758906085075,2.9458726434865497e-29,5.126946584778822e-29
C6orf186,27.888239,0.9847400525690327,0.046259854184371736,21.287141300625063,1.4936571972801977e-100,4.746272339539183e-100
C6orf191,0.55453676,0.5843760400271782,0.09210931522917822,6.344375034959121,2.2333018044482273e-10,3.0358410520639287e-10
C6orf192,1015.15955,0.23303027193566525,0.020854396222975663,11.174155772437642,5.456675050478749e-29,9.473219694098819e-29
C6orf195,3.285601,0.6930078104693785,0.03635348765227651,19.063035082026893,5.12158351586953e-81,1.4081069385494633e-80
C6orf1,1219.4738,-0.13415663217497847,0.018862505258957645,-7.112344321879969,1.140881945904585e-12,1.6113226178752302e-12
C6orf201,18.11432,0.16131308117671986,0.02583684263488784,6.2435291903236125,4.2780642614035175e-10,5.789106699761662e-10
C6orf203,558.7828,-0.09068215534782781,0.015034251216613106,-6.031704142845668,1.6223960468347467e-09,2.172764183496159e-09
C6orf204,90.11443,0.6914652682655861,0.02672638080789623,25.872012871316073,1.375809227987606e-147,6.242500573345146e-147
C6orf208,13.185318,0.734071525694921,0.042092238925329525,17.439593246563664,4.1300280781807504e-68,1.0234084912814251e-67
C6orf211,1742.9207,0.01781300473238956,0.02233751300193182,0.7974479849591597,0.42519090034483653,0.44269517950907883
C6orf217,20.556332,1.0612943926988472,0.038469459042546686,27.58797287804516,1.5513195616166083e-167,8.154741790589344e-167
C6orf218,66.897575,-1.082323477365911,0.09365759277534008,-11.556174414626692,6.87017968795387e-31,1.2203995137165416e-30
C6orf221,21.884262,-2.7453867607227505,0.13119300794648295,-20.92631919715314,3.0841212201300294e-97,9.567213762094662e-97
C6orf222,194.20055,-1.625941833818851,0.07791213880801731,-20.868915405150428,1.0263600533660741e-96,3.1712952385005164e-96
C6orf223,403.99915,0.03372295708927164,0.0567552391575392,0.5941822744445606,0.5523902070061022,0.5688185840087621
C6orf225,510.26584,0.8990310258853839,0.025284019289682234,35.55728286650436,6.411944657471124e-277,7.468008082463078e-276
C6orf226,243.53337,-0.18581208187377787,0.018718831543145496,-9.92647866110099,3.193340210955588e-23,5.1927486705147613e-23
C6orf227,5.830042,-0.4417879822100708,0.047083701356662996,-9.383034244981925,6.410094882224544e-21,1.0140102696752875e-20
C6orf25,4.0965147,-0.9193681856491716,0.05470012653308229,-16.807423381244714,2.153295223098333e-63,5.130961779852407e-63
C6orf26,126.05978,-0.534935646467775,0.02435697178576575,-21.962321555111878,6.603756477253142e-107,2.2174810839583824e-106
C6orf27,215.57489,0.1303499982526707,0.03409695840207719,3.8229215848393623,0.00013187972908043066,0.0001600273813534681
C6orf35,830.834,0.2139123172040133,0.011366771304707465,18.819092200387903,5.2679407483119846e-79,1.4256281496063233e-78
C6orf41,28.03549,-0.3984388924614207,0.03121100440570958,-12.765974695403662,2.539517304310959e-37,4.814866157428461e-37
C6orf47,1644.3514,-0.1369359461344581,0.010009452389153762,-13.680663118278261,1.3247901118878404e-42,2.6313562817487362e-42
C6orf48,4581.6514,-0.05426050855664464,0.018220012269680595,-2.9780720096955156,0.0029006782656075497,0.003376688707730808
C6orf52,36.11851,-0.21167475791777857,0.03280421703040236,-6.452669110242815,1.0989713922791337e-10,1.500802158264749e-10
C6orf57,208.74486,0.05282992449490012,0.01491976327018851,3.54093584048084,0.0003987105199511527,0.0004775753059766734
C6orf58,24.366001,-1.7875996819254192,0.0858584351698647,-20.820315189634922,2.833159013367905e-96,8.724895530654542e-96
C6orf59,17.6411,0.06244485912735887,0.03922535253901769,1.5919515080264635,0.11139560074583017,0.12131716248980189
C6orf62,7174.522,0.1559996698702812,0.011012694674795705,14.165440382843911,1.4992410949870916e-45,3.064563198076526e-45
C6orf64,1263.7787,0.0036128249555164643,0.01139236084309859,0.3171269770396263,0.7511472558280168,0.7628376805209056
C6orf70,753.4908,-0.06794439163276667,0.013031677298293297,-5.2137871493844505,1.850237599080523e-07,2.3901641674924093e-07
C6orf72,1342.6119,0.58687633945299,0.013109715024528054,44.76652149607785,0.0,0.0
C6orf81,21.465939,0.49699829275004603,0.037600253536211,13.217950572365448,6.9121722211120225e-40,1.3416428091297518e-39
C6orf89,5682.486,0.4075620926918356,0.00985244939002475,41.36657561565123,0.0,0.0
C6orf94,0.907217,0.00408491324564215,0.061459939202807255,0.06646464833234926,0.9470079019948253,0.9493861471692264
C6orf97,342.96594,0.058821116407313495,0.03853150754258575,1.5265718929450995,0.12686750064761307,0.13763697355242216
C6,761.392,-0.10076998085885433,0.07625678510858969,-1.3214559296639354,0.18634938777456567,0.199846564775726
C7orf10,221.38304,0.4848645335431848,0.033010589439289015,14.688151341099708,7.678003168596057e-49,1.6133395243002078e-48
C7orf11,1184.1078,-0.32974655380692186,0.01290803487811178,-25.54583690861223,6.107817228470476e-144,2.6834063650071305e-143
C7orf13,368.27017,-0.19856246871554456,0.02456388019196113,-8.083513971075583,6.292674335618913e-16,9.346505931193219e-16
C7orf16,15.045714,-0.319733888141666,0.10139228045154328,-3.1534342330378005,0.0016136158300193752,0.0018954306879393294
C7orf23,918.21204,0.23227245051329037,0.020634674058510265,11.256414802321304,2.1534233154510338e-29,3.754199801273129e-29
C7orf25,719.8853,0.005929361730695478,0.010268179655532757,0.5774501352341053,0.5636354145982436,0.5800461712483265
C7orf26,1415.6444,-0.09649367395285643,0.009708351721076773,-9.93924372799239,2.8095195945376345e-23,4.57043623053869e-23
C7orf27,3073.2004,-0.3784089123035183,0.012566966489389242,-30.111396622488254,3.4367809697810014e-199,2.2724723534839688e-198
C7orf28A,2236.1409,-0.19987552186770088,0.0117972527221191,-16.94254811486296,2.1845378726420455e-64,5.2360497467764775e-64
C7orf28B,1492.0853,-0.2088838283056484,0.015581550996955644,-13.40584312476085,5.588455184913195e-41,1.0945200491548605e-40
C7orf29,557.69916,-0.3936924588722868,0.02478001806360192,-15.887496847734797,7.73553920648516e-57,1.7382764095456002e-56
C7orf30,1030.0354,-0.30552927122864393,0.01241868641682093,-24.602382327233016,1.1911619751821623e-133,4.893233787880073e-133
C7orf31,263.7776,0.03254020636346087,0.02134059939671086,1.5248028304432797,0.12730828373227887,0.1380857404637968
C7orf33,0.80735755,-0.5450084570959753,0.11710157942616722,-4.6541512058733945,3.2531801567526447e-06,4.096455641472483e-06
C7orf34,1.0928307,-0.07309838463168924,0.058027282963834026,-1.2597244071766793,0.20776879750087707,0.221963842594341
C7orf36,499.1546,-0.1551379532539785,0.013943087667518388,-11.126513506429825,9.321032948752859e-29,1.6136641990107096e-28
C7orf40,920.80426,-0.5909820613886276,0.017760488530374232,-33.275101660515816,8.850557435105712e-243,8.131249946810342e-242
C7orf41,3796.2756,1.8323971379996358,0.03000310370547903,61.073586119192456,0.0,0.0
C7orf42,7339.193,0.08146877348917675,0.008638833250844111,9.430529693487987,4.080231916650155e-21,6.467064351193499e-21
C7orf43,973.9247,-0.41431127310737753,0.011970357012551761,-34.6114382948598,1.7000460774226628e-262,1.792399693953806e-261
C7orf44,1492.486,-0.08241508312370803,0.009816551309228578,-8.395523084184289,4.638246598901811e-17,6.991712017402782e-17
C7orf45,0.57019144,0.24669747369791473,0.060620456319653376,4.069541680733513,4.710571214645909e-05,5.782485339703109e-05
C7orf46,311.55402,-0.29117511008285285,0.024573484256758697,-11.849158509248356,2.1736250021940024e-32,3.9151403538589486e-32
C7orf47,751.67554,-0.8295949583683211,0.0166078794452952,-49.95188946914802,0.0,0.0
C7orf49,1473.2374,-0.0670634824423963,0.011827981372658744,-5.669900917955324,1.4288012567782264e-08,1.8794963356430775e-08
C7orf4,1.4750402,-0.7401579825594623,0.05081728656851918,-14.565082721634,4.684171999795758e-48,9.771010014737892e-48
C7orf50,3153.6821,-0.2369537896951396,0.01666992602563159,-14.214447582478815,7.453729721545606e-46,1.526511250386752e-45
C7orf51,187.56596,1.2291011541616268,0.046519011154863274,26.42148067313619,7.763146822264002e-154,3.6841469966077577e-153
C7orf52,45.467125,1.0659526008634628,0.0705752043125458,15.103783421480989,1.5290242006432576e-51,3.2847318456152875e-51
C7orf53,47.132164,-0.13569996960302458,0.023061227700981436,-5.884334145716339,3.996596803232825e-09,5.31426518953805e-09
C7orf54,26.946205,-1.3658306744853652,0.050535739199589085,-27.02702475749026,7.11477330783191e-161,3.556338565532773e-160
C7orf55,847.7553,-0.11054538016981245,0.02062052641643642,-5.360938801334277,8.279056385902544e-08,1.0755746854737407e-07
C7orf57,43.689377,-0.2228229068501728,0.053792330594971204,-4.142280217005572,3.438698406072876e-05,4.234468084995929e-05
C7orf58,602.2671,1.7253016583226681,0.032859620184284094,52.505222173804526,0.0,0.0
C7orf59,3507.6453,-0.480713841340874,0.0168062958458977,-28.603200000088826,6.130418978795781e-180,3.504891884001778e-179
C7orf60,667.72766,0.3475736013087953,0.01388600936775358,25.030488753373515,2.847904460804551e-138,1.2034140082507233e-137
C7orf61,34.702953,0.9858765195798211,0.034822584660288765,28.311411378492597,2.5009463590584302e-176,1.3919291121943845e-175
C7orf63,232.78828,0.1402953831062702,0.030800169659689763,4.555019815033167,5.238064046903163e-06,6.5686323332862035e-06
C7orf64,586.0967,0.2010024599394408,0.011415819158644324,17.607361955032115,2.1629336006322523e-69,5.413050421053722e-69
C7orf65,1.4059225,-0.11349931018483077,0.059304277922247205,-1.913846929114249,0.05563971715152736,0.06157691897629623
C7orf66,0.07169459,-0.4486794887000239,0.29184610659334437,-1.537383842249469,0.12419934075995918,0.13485010818260407
C7orf68,1525.1781,0.3551568475748615,0.03126269853545008,11.360402787114948,6.584036916567211e-30,1.1557545058147253e-29
C7orf69,1.6507298,0.27984701327761374,0.0522504570604563,5.355876848193256,8.514248849960627e-08,1.1059180320042643e-07
C7orf70,1043.668,0.0681014566466431,0.011105364523078776,6.1323026817460216,8.661610619739694e-10,1.166667089694214e-09
C7orf71,1.5605991,-0.7272730005301504,0.06434772369043293,-11.302233533993364,1.2792241748557838e-29,2.2349373531184158e-29
C7orf72,0.6982137,-2.3264845123422875,0.18584664155691782,-12.518302686840713,5.9289466340984675e-36,1.1088317520081819e-35
C7,3902.7585,1.3572389809114604,0.053986287471105426,25.140439257614865,1.797937007923291e-139,7.657782331445665e-139
C8A,429.74744,-0.4213981200377094,0.15785733903008328,-2.669487035743092,0.007596720572987065,0.008708425346027233
C8B,703.84283,-0.28739828971589604,0.14315764008077414,-2.007565153726596,0.04468952060017626,0.04969326287066407
C8G,540.81744,-0.8540623613134282,0.06819996818235302,-12.52291436602781,5.594263864682514e-36,1.046431624596392e-35
C8ORFK29,22.375599,-0.3312502058787886,0.035034670955886846,-9.45492555919464,3.2325189565854506e-21,5.127852067720367e-21
C8orf12,4.6016436,1.0817863862743262,0.08895191430305673,12.161473923863063,4.985103262592727e-34,9.146694063006968e-34
C8orf22,14.903895,2.2961821616628146,0.13744333580667673,16.706391388030255,1.177490034470129e-62,2.7904224900218084e-62
C8orf30A,1970.2808,-0.7523219654981194,0.016396402443425728,-45.88335569915027,0.0,0.0
C8orf31,62.41412,0.2747627581288833,0.03855835679042472,7.125893865817324,1.0340737857582489e-12,1.461790598823232e-12
C8orf33,3210.5532,-0.015928997368717297,0.014421257200589866,-1.1045498424413207,0.26935469502874265,0.2853169737820069
C8orf34,52.082222,0.47456143139029644,0.050556806685447424,9.386697113662779,6.191123947955878e-21,9.795996926745452e-21
C8orf37,153.22403,0.6156542186582252,0.01807619922319964,34.05883123195901,3.0038062926268015e-254,3.00957147202702e-253
C8orf38,544.88715,-0.16008449425352497,0.016034044374967266,-9.98403712187879,1.7903078679633035e-23,2.919179711986617e-23
C8orf39,17.712303,-0.13134611145257297,0.021728263385042423,-6.0449428987956155,1.4946292700545709e-09,2.002840604820707e-09
C8orf40,1323.6229,-0.06574708956898856,0.014753494240998297,-4.456374096536725,8.335751918584195e-06,1.0408953220709987e-05
C8orf41,605.83057,-0.10846288226484727,0.01052680252700439,-10.30349738076758,6.794517496801718e-25,1.1302359810228462e-24
C8orf42,824.3974,0.5562699171644093,0.02937047880402916,18.939763320715695,5.3637674382859814e-80,1.4610776194282084e-79
C8orf44,88.90201,-0.04394793119709115,0.016480609390235816,-2.666644791856347,0.0076612597197865655,0.008781420258705928
C8orf45,90.84765,0.14772206364354232,0.02145986996351759,6.883642067481031,5.8341357173887206e-12,8.14937695165125e-12
C8orf46,481.35004,2.6981817269700703,0.053802242283301556,50.14998655190803,0.0,0.0
C8orf47,257.59503,-0.41624327608847056,0.051707101984133606,-8.05002137261909,8.277957938588759e-16,1.2268395258915962e-15
C8orf48,49.24599,0.8076167850730608,0.03351974620085968,24.093761934639826,2.905920577215457e-128,1.1496625929174018e-127
C8orf4,3399.2534,0.2117443231868307,0.038178084030989996,5.546227071399213,2.9189969285047546e-08,3.820744404489411e-08
C8orf51,100.985275,-0.3018914263495468,0.025792525031487105,-11.704609222284462,1.2071407535111155e-31,2.1603532525257386e-31
C8orf55,2544.8396,-0.5895032260882226,0.019243055604597336,-30.634595575735126,4.2389774984163674e-206,2.970786330129392e-205
C8orf56,10.480237,1.7971725276283246,0.06846070537421056,26.251154115413588,6.934026992201167e-152,3.2475237067914324e-151
C8orf58,466.20712,0.14382648980403653,0.016143279180372276,8.90937263718435,5.132214224658749e-19,7.939722598771085e-19
C8orf59,1390.9968,-0.43060628160870457,0.01471240223193234,-29.26825101845712,2.6307789155500747e-188,1.6035936509486217e-187
C8orf71,1.402582,-0.31242013763770743,0.23317492215330254,-1.3398530800507977,0.18029311479178312,0.19353514310059647
C8orf73,854.96606,-1.260756409805195,0.03173821302233575,-39.72361042878937,0.0,0.0
C8orf74,0.18500456,-0.8107536227651246,0.14597664964483711,-5.553995277585132,2.7921302731837283e-08,3.656801558812964e-08
C8orf75,10.335393,-1.3731927902098096,0.06904133358786618,-19.889430270957924,5.0242592845038764e-88,1.4542066359569864e-87
C8orf76,929.1568,-0.4038070841953461,0.0139559240568359,-28.934456976895994,4.4028031108314535e-184,2.5981643053164513e-183
C8orf77,29.869308,-0.26577235233444096,0.026712256939461762,-9.949453276702277,2.535724291356272e-23,4.127673370730178e-23
C8orf79,361.7584,0.931341864175266,0.03866745103047848,24.08593893197571,3.5096939196484214e-128,1.3874535633033437e-127
C8orf80,99.167984,0.33687557891230935,0.04988816056177134,6.752615753294637,1.4520313130482964e-11,2.0110139797517187e-11
C8orf83,1598.2051,0.23106986913126382,0.01747977270804779,13.219271954541943,6.791815328804341e-40,1.3184074015935126e-39
C8orf84,705.0271,0.7897481234220585,0.0412658411077905,19.13805952383613,1.2171951344636154e-81,3.3605744158590654e-81
C8orf85,234.51692,0.395111428914032,0.0615133446930121,6.4231823336199865,1.3345447829011142e-10,1.8198256687932876e-10
C8orf86,1.9480236,-0.03497847490663026,0.0713501945483849,-0.4902365736775982,0.6239665031515393,0.6391614610144497
C9orf100,395.02863,-0.8762854834524889,0.02450484588660144,-35.75968147310884,4.678715591119791e-280,5.573667098865291e-279
C9orf102,246.38042,0.6088362484604605,0.020970968676869588,29.03233788775768,2.5716199055190155e-185,1.534005556884314e-184
C9orf103,286.61432,0.24739014325515127,0.022765230934631623,10.8670166345121,1.655251422459375e-27,2.829730767474214e-27
C9orf106,3.8484852,0.34095214137976465,0.043443278035087636,7.8482139654468375,4.220038010356663e-15,6.187221219418933e-15
C9orf109,44.79622,0.1141876979674456,0.033644460800194884,3.3939523847796114,0.0006889166964801973,0.0008190163517454211
C9orf110,208.27405,0.811930032711833,0.03171368447336878,25.60188278954602,1.4536462856385765e-144,6.425268069760264e-144
C9orf114,1305.9642,-0.33158334998412076,0.011119798104805708,-29.81918797975464,2.203489708758323e-195,1.4120505817000533e-194
C9orf116,258.21042,-0.42374047441075413,0.029484322399962324,-14.37172164456103,7.787109378034361e-47,1.6088670573107525e-46
C9orf117,59.19478,-1.1045897324189016,0.038098609170582554,-28.992914871858343,8.082141367345581e-185,4.804213608694561e-184
C9orf119,907.9964,-0.21816289322617136,0.015519193986050185,-14.057617516880873,6.91761084380934e-45,1.4059662490677285e-44
C9orf11,1.3696967,-0.028279697072569818,0.0431461864157918,-0.6554390879426427,0.5121850920033262,0.529237998685262
C9orf122,90.43816,-0.2762547573820571,0.03688860619789589,-7.488891174148362,6.945790073215116e-14,9.998539213786788e-14
C9orf123,1848.718,-0.1627564311986321,0.015042077656152363,-10.820076515963407,2.7654640548154754e-27,4.717392768495037e-27
C9orf125,699.8348,-0.14161860540988752,0.03583718327078314,-3.9517225541926018,7.759066654956873e-05,9.474978288643653e-05
C9orf128,6.9280496,-0.367692245014666,0.043476074556264024,-8.457346914768529,2.735292687033351e-17,4.1369752481473875e-17
C9orf129,189.26575,-0.07974856439806136,0.021117658264183194,-3.776392410578955,0.00015911624338051968,0.00019276689074584945
C9orf130,354.45517,0.4023391315087827,0.018956764074755786,21.224040660218318,5.728333639560384e-100,1.814016869930158e-99
C9orf131,10.177283,-0.7396649718231539,0.04225463994519999,-17.504940825017673,1.3136347281634967e-68,3.2674758009383786e-68
C9orf135,21.84669,-0.6482021273173844,0.09137931753083035,-7.09353215620907,1.3073156077717248e-12,1.8448491341668083e-12
C9orf139,26.165405,-1.3678486277191364,0.0418819171244561,-32.65964697018152,5.846099554716544e-234,5.047529297475578e-233
C9orf140,1506.5575,-0.5965739301745703,0.032269385848606766,-18.487303507213397,2.612979849795449e-76,6.918670407333274e-76
C9orf142,1213.6206,-0.6987354129175535,0.01740695321467476,-40.141166825707984,0.0,0.0
C9orf144B,2.1795435,-0.06385630908141926,0.0477473210317571,-1.3373799346553485,0.18109865074093356,0.1943793457631098
C9orf144,0.49018908,-0.271670752671091,0.08055216957430435,-3.3726062762405387,0.0007446034437587529,0.0008842383056162185
C9orf150,911.3899,0.05970234688956976,0.03019247261643717,1.9773917707245692,0.0479973634528117,0.05328707179276876
C9orf152,760.76044,-0.7589887953126008,0.05911792058606062,-12.838557036317042,9.971573046899111e-38,1.8962381436747525e-37
C9orf153,3.2639027,0.45496248048555765,0.03348987483051551,13.585075572483241,4.91024894347692e-42,9.699957135673065e-42
C9orf156,526.2885,0.08793709519459596,0.010374156779081694,8.476553523069084,2.3196304901161413e-17,3.511178970131935e-17
C9orf163,29.002897,-0.5212527094257746,0.022481385302512084,-23.18596929912186,6.308195337177777e-119,2.3207182665269673e-118
C9orf167,1434.1576,-0.7231112555195283,0.02985116848543579,-24.223884430933747,1.2465267796848166e-129,4.988802576686295e-129
C9orf169,206.87184,-2.671800857080949,0.046330027576546806,-57.6688812167569,0.0,0.0
C9orf16,2774.9001,-0.686137114512846,0.019290254712489453,-35.569105993639745,4.2095784168648355e-277,4.91133564406597e-276
C9orf170,8.221103,1.0065243857940147,0.04344814106569488,23.16610932265479,1.0003939722040848e-118,3.673042539243095e-118
C9orf171,42.946022,-0.8468113909346149,0.07272736009398455,-11.643642637932855,2.4722645244391993e-31,4.412064643500846e-31
C9orf172,78.82737,0.3342583937079196,0.032854194544924116,10.173994472786783,2.590617438987133e-24,4.2754847957473275e-24
C9orf173,10.002658,-0.42044225142477193,0.04204320266931237,-10.000243195831883,1.5202325634636714e-23,2.482189009508131e-23
C9orf21,355.23276,0.35600862250569165,0.015213458188474653,23.40090057731878,4.184296529764525e-121,1.5633711332258392e-120
C9orf23,1061.2893,-0.5175208926359651,0.015437202278581781,-33.52426711114586,2.1355868483532928e-246,2.0241346669285238e-245
C9orf24,120.64703,-0.9511949051354452,0.048781142451824674,-19.499233870441373,1.11439040446557e-84,3.142800144689644e-84
C9orf25,1360.1519,0.7173846954722162,0.018231047349843304,39.34961506632158,0.0,0.0
C9orf27,0.021659266,-0.45615688005376304,0.5970580903454795,-0.7640075353301286,0.44486275211525894,0.4623021168043774
C9orf30,716.66406,0.06040514663101357,0.014200201100215236,4.253823322973784,2.1015113468267213e-05,2.5991537276013134e-05
C9orf37,452.3428,-0.0803684640189644,0.015613733827056123,-5.147293076028912,2.6427226703787967e-07,3.404403369162359e-07
C9orf3,1354.8507,-0.02793642705365212,0.021441914378704213,-1.302888658178682,0.19261277659599074,0.2063570761836434
C9orf40,327.3882,-0.26027870839733264,0.018310150726077064,-14.21499540288586,7.395629811718625e-46,1.5147648625430534e-45
C9orf41,309.79715,0.09745423944842833,0.02058757784747962,4.733642790346942,2.2052569404721514e-06,2.7872377732227793e-06
C9orf43,31.03312,-0.5759430111820335,0.025320271123968462,-22.746320857395524,1.5605308553890241e-114,5.54174911649488e-114
C9orf44,8.589628,0.9330055287966486,0.052990390463929074,17.607070274972816,2.1741060820031214e-69,5.440342394727329e-69
C9orf45,326.0367,0.13308270011411666,0.023769642285203542,5.5988516157418085,2.1577638545887522e-08,2.830353348081464e-08
C9orf46,780.1285,-0.18354291131341954,0.016260496279219227,-11.287657409816317,1.510078033662892e-29,2.636679132705216e-29
C9orf47,24.334318,0.9710571916784725,0.033732731771653035,28.78679373647677,3.13876342223385e-182,1.831005286912864e-181
C9orf4,18.924644,1.3593014680436073,0.07850105079046947,17.315710482293763,3.5807529366406085e-67,8.80228797839485e-67
C9orf50,14.038201,0.643181718514645,0.046774860493062675,13.750585501159051,5.051901933398606e-43,1.0072634557052416e-42
C9orf53,2.4808118,-0.36510410592089126,0.05993718100738057,-6.091446073780697,1.118952790848856e-09,1.5037797787901419e-09
C9orf57,1.0248181,-1.6540862981569606,0.1072096011728343,-15.428527669740902,1.0524381867333584e-53,2.305173646444803e-53
C9orf5,4806.415,0.6265571562056345,0.016293872650494427,38.45354444860118,0.0,0.0
C9orf64,846.14825,0.27965638178842744,0.015315057522839995,18.26022405540195,1.7158561845019389e-74,4.475735561854577e-74
C9orf66,80.75802,0.9912344395800617,0.0395872999345429,25.03920300750633,2.2889116778739982e-138,9.682101153093024e-138
C9orf68,139.80609,-0.09851246348571688,0.029433772924395307,-3.346919327629512,0.0008171498706195414,0.0009690891953132896
C9orf69,2331.4028,-0.4198140346153754,0.012083728041300345,-34.742095583458585,1.8244737138198e-264,1.957031630118931e-263
C9orf6,870.5724,-0.08932777856088894,0.01142983678925527,-7.815315319713261,5.482560758355924e-15,8.024403628998436e-15
C9orf70,6.2025137,-0.43755425554892885,0.059989489962983464,-7.293848569456447,3.0122399253989735e-13,4.286446679331635e-13
C9orf71,81.0157,0.8195155211336035,0.13816945194808164,5.931235230212417,3.006640981830836e-09,4.00787034302979e-09
C9orf72,713.30994,0.1441950050101812,0.01824624809461127,7.902720836771196,2.7288028078526046e-15,4.012690239441761e-15
C9orf78,3147.2651,0.026875862011377444,0.009380768497173965,2.864995764416745,0.004170148200035723,0.0048267625966118685
C9orf79,1.6198558,-0.8494441244940666,0.09396057803215294,-9.040431022075985,1.560552596054075e-19,2.429554966969864e-19
C9orf7,2004.4047,-0.1953290783809545,0.019015982412194505,-10.271837349602015,9.438959936069667e-25,1.5667980867382171e-24
C9orf80,449.2959,0.12145197243070513,0.011370997748917977,10.680854496014835,1.2511465684182152e-26,2.1214369106709788e-26
C9orf82,938.2563,-0.010998111836114488,0.014191020088062722,-0.7750050220396728,0.43833669205555337,0.45582269453258817
C9orf84,39.874645,-1.2033185073372128,0.05383577054692129,-22.351653837450776,1.163534353848974e-110,4.017706226256998e-110
C9orf85,344.54272,-0.039711128712308835,0.01127129607815324,-3.5232087274576647,0.00042635544433638426,0.0005100582025646049
C9orf86,5684.3906,-0.4454606422212477,0.013481691874754684,-33.04189461972505,2.033901141943364e-239,1.8289838051601124e-238
C9orf89,806.83746,-0.4600387962154043,0.015572761777882896,-29.54124661874499,8.507860543131136e-192,5.2969887705690154e-191
C9orf91,1352.2148,-0.060007552613880105,0.018648605933561335,-3.217803670025882,0.0012917620527049044,0.0015220200029526679
C9orf93,113.26338,0.056742486357873434,0.022223980088160036,2.5532099170707654,0.010673514643611054,0.012181975817315699
C9orf95,844.6633,-0.05703038500815639,0.017168703638683253,-3.321764194220217,0.0008945025461859376,0.0010596518874548763
C9orf96,24.980553,0.18558265714030966,0.02536270372538629,7.317148011887803,2.5329642677670237e-13,3.6094785138565714e-13
C9orf98,139.75427,0.14622653207550154,0.03140791843815343,4.6557218480887865,3.2284755709904972e-06,4.065598697952343e-06
C9orf9,430.49594,0.22533111342311032,0.020792147372840925,10.837318021198802,2.2908874451500375e-27,3.911782059532803e-27
C9,350.97824,-0.7394627350628458,0.10769891148981546,-6.866018651755574,6.6018445959948055e-12,9.213528525490694e-12
CA10,203.56525,1.6255944610186095,0.08848617667584745,18.371168493059326,2.235468632390413e-75,5.87629514355538e-75
CA11,886.901,0.7909618116365709,0.03385056791949201,23.366278920866055,9.415831148037741e-121,3.5064369186555766e-120
CA12,9009.708,0.26222542718637715,0.046603967300993934,5.626676061563209,1.837152657601161e-08,2.4124478170860444e-08
CA13,318.67175,-0.011007337512640464,0.02769648630582592,-0.39742721842391554,0.6910524473480062,0.7045136091916905
CA14,293.65744,-0.10765869740111227,0.05184756380380547,-2.076446596574908,0.037852665435838866,0.04221310339659528
CA1,100.64747,-2.9307058391666647,0.10842030915657362,-27.03096737101467,6.3946583879114926e-161,3.197957507233851e-160
CA2,3611.9622,0.17874826221925336,0.042934183981542,4.163308712146473,3.1366881703443184e-05,3.866309527156262e-05
CA3,183.3279,1.7598203853007166,0.045744354742749974,38.47076639723792,0.0,0.0
CA4,308.18616,0.5335635416396189,0.06402277794292305,8.333964235592779,7.817955033855099e-17,1.175175328811695e-16
CA5A,36.193996,-0.11735186794768385,0.1347213532185696,-0.8710710302716023,0.38371537081356166,0.40125641966168274
CA5BP,612.63574,-0.1572834224657902,0.013690446096513301,-11.488553503442619,1.5061268407423607e-30,2.6645148028044595e-30
CA5B,528.8561,0.42758903837042883,0.019369016606474207,22.075929153135462,5.3846125637552235e-108,1.8219266608857004e-107
CA6,15.513761,-2.078399240586487,0.10252964483624356,-20.27120296677148,2.3094214089729007e-91,6.84289193207383e-91
CA7,15.127893,-0.029611538824148825,0.06613988157747872,-0.44771079291184956,0.6543619313796094,0.6690179561571571
CA8,353.72586,-0.10432912571043461,0.04741870433986879,-2.2001682070995887,0.027794963078188503,0.031170962504618253
CA9,1825.6459,-0.1228727601648296,0.06443824179482426,-1.9068298069966716,0.056542630149465006,0.06255237772172788
CAB39L,1273.2283,0.5908148867924506,0.029315762952143592,20.153488338574856,2.5080270963640067e-90,7.388355325549821e-90
CAB39,4584.1885,0.1689058213061893,0.011755280765656902,14.368505922857098,8.15720569746771e-47,1.6846475024827055e-46
CABC1,2947.5247,-0.07806292811756876,0.019901204807243524,-3.9225227253153983,8.762662534728626e-05,0.0001068257763739761
CABIN1,4140.1836,0.03748388950989657,0.012634607488572027,2.9667632764848975,0.0030095257451726526,0.003501196265484002
CABLES1,1905.6846,-0.144905249772361,0.030795446163741975,-4.705411605400604,2.533542644763391e-06,3.197396150802001e-06
CABLES2,717.0815,-0.2735792984648415,0.016373444640016145,-16.708719788640135,1.13240627990151e-62,2.6838951632729733e-62
CABP1,130.37068,1.1857807845401185,0.05015313602652645,23.643203167055162,1.3865108763853118e-123,5.288118196389765e-123
CABP2,0.08839607,-0.5083369819650144,0.3116673441822677,-1.6310242040235419,0.10288521243275214,0.1122409195112207
CABP4,39.425667,-0.4253132642611683,0.03730934497226813,-11.399644367310703,4.198305451254899e-30,7.389409586072317e-30
CABP5,0.45548517,-0.920977227099689,0.11985256296720437,-7.684251419401844,1.538941758279677e-14,2.236672990920613e-14
CABP7,68.996284,0.6051732765789306,0.042225562186514555,14.331917569405457,1.3824989437361572e-46,2.847662484371148e-46
CABYR,270.50092,-0.6905745304295117,0.036147652175840345,-19.104270647239,2.3265567523541913e-81,6.411257298481183e-81
CACHD1,877.2369,0.775087021405241,0.027085708022942374,28.616088630532385,4.237928372374135e-180,2.4263212523387238e-179
CACNA1A,221.38858,1.3697598039067793,0.04400258547840193,31.129075462602245,9.737576524727002e-213,7.206372972261616e-212
CACNA1B,201.20912,-0.20983084722078454,0.06391241837396586,-3.2830997881040473,0.0010267231475867289,0.001213812006371187
CACNA1C,691.3446,1.3131589691005208,0.030632731901996633,42.8678373610853,0.0,0.0
CACNA1D,547.41504,0.015457557810059743,0.03894758017306643,0.3968810832758531,0.6914551544067151,0.7048775178074257
CACNA1E,116.153435,1.3755717266938698,0.053886102775556353,25.52739307244636,9.789228603276714e-144,4.297087217208077e-143
CACNA1F,28.507727,-0.49441654734709234,0.039453729546654444,-12.531554127536655,5.016980658379563e-36,9.387070050909799e-36
CACNA1G,137.14952,1.6361066863525082,0.05058173420715126,32.3458005542482,1.5893902865619699e-229,1.325077675844191e-228
CACNA1H,1360.4437,0.6862757989411165,0.03818262705114981,17.97350920935259,3.1419631248292946e-72,8.031039203816649e-72
CACNA1I,154.4531,0.6365562644904205,0.0502829502095255,12.659485209955571,9.914736154602467e-37,1.8688465269100233e-36
CACNA1S,19.111813,-0.2611025210456902,0.08698282703016033,-3.0017709237612586,0.002684140763472831,0.003129089658929419
CACNA2D1,231.90724,1.4042588055493717,0.04348298038027565,32.294447005899315,8.370297187492253e-229,6.952708300291912e-228
CACNA2D2,716.8175,0.38924780285088895,0.043844633893911675,8.877889225685617,6.814104831298708e-19,1.0518489670210811e-18
CACNA2D3,157.93137,-0.219855749993714,0.04523492737752806,-4.860309560327371,1.1720234090019118e-06,1.4904881369148556e-06
CACNA2D4,148.00557,-0.09881346647909378,0.029002706771726085,-3.407042910057768,0.0006567080181315959,0.0007813182878179734
CACNB1,524.27313,0.3004517146008273,0.02737955705569406,10.973578352259834,5.120496115180448e-28,8.79137969378974e-28
CACNB2,208.90303,0.753675202878933,0.035646185521767244,21.143221689700944,3.185716403119862e-99,1.0022871310634718e-98
CACNB3,1243.8567,-0.33159237850031736,0.021421371602718682,-15.479511986909067,4.7707807251441456e-54,1.04765747797659e-53
CACNB4,204.21005,1.2618344132056396,0.03844484284058043,32.82194229374534,2.8642863979898453e-236,2.5146186622110935e-235
CACNG1,24.660374,0.12798337466584245,0.07258804891063221,1.7631466417207462,0.07787576040280736,0.08548865556134773
CACNG2,19.912548,1.9892374388588108,0.14842685185559154,13.402139936203682,5.874457325236608e-41,1.1504239773421709e-40
CACNG3,27.770466,3.0067844622345667,0.13222086962064472,22.74061932024302,1.7770390495298605e-114,6.306211959103788e-114
CACNG4,1452.102,1.1358732094167916,0.05563928086662729,20.41495130283206,1.2315408841044753e-92,3.683405444319526e-92
CACNG5,1.8934753,1.0715687470321797,0.09875478986169589,10.850802766457104,1.97681441766293e-27,3.377472703021114e-27
CACNG6,38.540474,-0.02235562269485171,0.07556179150854382,-0.2958588229386269,0.7673378985093864,0.7785036266383912
CACNG7,208.33315,3.433119766685563,0.13019863456288663,26.368323893806643,3.1641322173553206e-153,1.496366267436399e-152
CACNG8,3.413085,2.3686397550722096,0.08310598656357643,28.501433567125638,1.124474555296961e-178,6.376929657741178e-178
CACYBP,3392.6736,-0.25114771589177715,0.012744363353256145,-19.70657214725518,1.8936816969838697e-86,5.414052193356917e-86
CADM1,3073.218,0.7841800280439286,0.03279332321032384,23.912795388698417,2.2543998826186595e-126,8.789223900848963e-126
CADM2,248.49783,2.6856937049307144,0.07240141069267146,37.09449414364191,3.446570820765264e-301,4.839223126893794e-300
CADM3,1184.9291,1.9117820678877746,0.05484450246100192,34.85822611386033,3.19558137278199e-266,3.471656412404937e-265
CADM4,2197.9358,0.9808919184449073,0.03171928804610463,30.924146753204575,5.6580067621985354e-210,4.0761273769143657e-209
CADPS2,1507.0515,0.3812673990118306,0.026033324591443207,14.645359553391344,1.442362207587362e-48,3.022650765236346e-48
CADPS,449.5032,0.8204648074748604,0.05962580612043264,13.760230022176632,4.421179661806389e-43,8.820264256219136e-43
CAD,3441.7737,-0.3044723863707827,0.016528568832989483,-18.420977003349755,8.917924190955914e-76,2.352727985015828e-75
CAGE1,4.3622518,-1.0755490576877786,0.041697927472774295,-25.79382532597175,1.0400691379107657e-146,4.68054102093839e-146
CALB1,410.57535,0.06797512315186383,0.07645802578538065,0.8890515083749545,0.3739753981561801,0.39155766088590827
CALB2,363.3044,0.18136729842748844,0.05635090693775473,3.2185337962320104,0.001288477858711797,0.0015184140267141396
CALCA,164.94353,-1.211359905709524,0.09525105946315826,-12.717547841849049,4.72455150656699e-37,8.931854779663603e-37
CALCB,22.93566,-0.3499210731082201,0.07508216799481104,-4.660508379731434,3.154293178580497e-06,3.972672738801135e-06
CALCOCO1,3713.0117,0.5704776751655677,0.014150870550780369,40.31396323769692,0.0,0.0
CALCOCO2,4578.112,0.21106004295503195,0.012729664248124063,16.58017358832817,9.69483751432184e-62,2.2736688970634526e-61
CALCRL,1590.7147,1.6611455601182752,0.027464998798519664,60.482273176280245,0.0,0.0
CALCR,28.966085,1.656501775508566,0.04992113638075363,33.18237315100876,1.933529582926586e-241,1.7612854039732602e-240
CALD1,14597.781,1.4353659164488486,0.02410513316240234,59.546068747201176,0.0,0.0
CALHM1,8.895244,-0.3457063941140075,0.0511828801609107,-6.754336470068946,1.4349040536439945e-11,1.98756372486992e-11
CALHM2,916.8531,0.45138684786097105,0.021157362128668894,21.334741312071582,5.404261365367071e-101,1.7218365749218812e-100
CALHM3,13.843594,-1.3505325085922188,0.0654684476132267,-20.628754122457128,1.5150324466218474e-94,4.5933798333245257e-94
CALM1,19970.264,0.4099381681419247,0.015768556539758193,25.997190491616873,5.327958395102109e-149,2.4414113204115202e-148
CALM2,21698.385,0.09626850783011923,0.013033241832727313,7.386382380198208,1.5087749315037797e-13,2.160288967612733e-13
CALM3,14381.043,0.17967127068085662,0.012752135248732338,14.08950479087158,4.4064065649643295e-45,8.971003125610879e-45
CALML3,5491.3936,-3.289671368902534,0.08736209255058601,-37.65559263587566,2.6500370008623e-310,3.96706641915852e-309
CALML4,1136.6011,-0.4721353503470525,0.021372371493000603,-22.090920069477345,3.864446696960513e-108,1.3084362265660915e-107
CALML5,1287.5631,-2.5783955830911593,0.10263694174615129,-25.121516085974424,2.8948934948422766e-139,1.2314487392706625e-138
CALML6,6.871146,-1.1232964330571005,0.043847558978561636,-25.61822047166441,9.56026341432637e-145,4.229409014608226e-144
CALN1,241.3249,1.7904483720192137,0.07416565489607439,24.141206256832806,9.236260819321107e-129,3.66694684127454e-128
CALR3,1.3883888,-0.36197367462113866,0.04920692322296267,-7.356153380714154,1.892855100050715e-13,2.704135638336433e-13
CALR,51944.18,-0.2933815993453484,0.013400387136092075,-21.893516684690848,2.9949455482169306e-106,1.0007237225693171e-105
CALU,9750.328,0.45067607430352385,0.017931256813818987,25.13354635332665,2.1386614417423323e-139,9.105187848689281e-139
CALY,84.90569,0.6575557224989902,0.08849060125338315,7.430797318419742,1.0794500830558957e-13,1.5484058508373832e-13
CAMK1D,292.26553,0.3008096875199736,0.025604058215969505,11.748515996278888,7.186990131138355e-32,1.288367809103159e-31
CAMK1G,88.74754,1.235724096123913,0.043180273734919276,28.617792089738433,4.036053613249513e-180,2.3113928414106003e-179
CAMK1,1048.8258,0.3734618747553397,0.0229672635869491,16.260616914222005,1.8783710633567546e-59,4.320614221995274e-59
CAMK2A,378.36288,3.977033970236478,0.05591317995256929,71.12873876267035,0.0,0.0
CAMK2B,766.6279,0.6086987087413865,0.053923512498437916,11.288187296015252,1.5010033430625354e-29,2.6210590154738965e-29
CAMK2D,2322.097,0.4790405655197458,0.017591749735201653,27.230978881035934,2.792044400841429e-163,1.420725617513888e-162
CAMK2G,2119.0088,0.47599913344791567,0.01779269250518463,26.7525071491689,1.1545703431004724e-157,5.624766119928815e-157
CAMK2N1,4254.018,0.37887762087128724,0.032080628424764716,11.810168300157478,3.458682713866886e-32,6.218786661804816e-32
CAMK2N2,227.12561,0.4930787924502679,0.042369769464348415,11.637514168330883,2.656454792657272e-31,4.737867991564555e-31
CAMK4,94.56696,0.12198034779509805,0.040390092349061345,3.0200561746903962,0.002527278069796724,0.002949094642230269
CAMKK1,699.58,0.1606255653155636,0.023667514223186095,6.786752668694091,1.1468556761487092e-11,1.592146928790424e-11
CAMKK2,3573.331,-0.004934118934171168,0.01763519557142049,-0.27978816079405305,0.7796400354120416,0.7905514234960531
CAMKV,140.87955,2.4013154961945435,0.074252676034627,32.3397838897377,1.9311812826879823e-229,1.6093704352945e-228
CAMLG,1908.8777,0.2701888159039721,0.012932098369727257,20.89288282375403,6.21521207587067e-97,1.9227397455196926e-96
CAMP,26.917818,-0.6493054452812312,0.05990554633644899,-10.838820192616577,2.2535850402761137e-27,3.848732307271319e-27
CAMSAP1L1,2742.793,0.6440980492414554,0.017540589537597115,36.720433361767746,3.4474137769278252e-295,4.572371145568313e-294
CAMSAP1,2099.9094,0.15634942207313898,0.013566544745562735,11.524630995248575,9.913601894999247e-31,1.7578037012740782e-30
CAMTA1,1263.0825,0.24961756275651553,0.014262601156516298,17.501545476679773,1.3943386851932038e-68,3.466521100482163e-68
CAMTA2,2475.8936,0.17127947381182257,0.012249096229846459,13.983029490329145,1.9788202406504006e-44,4.007839363251244e-44
CAND1,5781.0127,0.16231675410293714,0.013216834993500673,12.281060797290408,1.1448717177978404e-34,2.1145281051116967e-34
CAND2,374.12506,0.761756494720559,0.03009042270861193,25.31557971442332,2.152100405696906e-141,9.284723915995615e-141
CANT1,5212.921,-0.35840947713885096,0.019496407385470437,-18.383360075146623,1.7855802366803232e-75,4.697935905734648e-75
CANX,36410.336,0.25758581770664746,0.012087943028469217,21.309317648171227,9.304136374919449e-101,2.9611210326244343e-100
CAP1,14750.404,0.02839612224645831,0.012036048691540433,2.3592561790163407,0.018311609747969693,0.020678133166504794
CAP2,838.50305,1.0219837437193489,0.029744082578932286,34.35922896620853,1.0254577875693202e-258,1.0581497768435778e-257
CAPG,7875.505,-0.5551076611342036,0.02631734152216035,-21.092847112493438,9.252224896984247e-99,2.9001700797182802e-98
CAPN10,829.86884,-0.3771153477434879,0.014038597893169897,-26.862750155908607,5.986122436350442e-159,2.9430443535778474e-158
CAPN11,22.997953,0.33183101262128173,0.03848077000357138,8.623294507632894,6.5054862139401665e-18,9.924705419978109e-18
CAPN12,636.3976,-0.7841830087755656,0.03239483421515511,-24.207038800300612,1.8756947665478932e-129,7.495048037713161e-129
CAPN13,525.18964,-0.8536261270283082,0.06116417745600944,-13.95630845591366,2.879678066342574e-44,5.825453671767534e-44
CAPN14,76.527,-2.3080308672660057,0.05005538215311198,-46.10954442833104,0.0,0.0
CAPN1,12314.956,-0.6081756328550975,0.015170247144983563,-40.09002800301817,0.0,0.0
CAPN2,11498.656,0.12826246791312865,0.016949107216261545,7.567505844205724,3.8045806434211405e-14,5.499677458066671e-14
CAPN3,1204.4808,-0.37483866007536526,0.04281886435565828,-8.7540542168964,2.0582214316568308e-18,3.1589393235658815e-18
CAPN5,2952.0488,-0.2483852062862047,0.03199163718555578,-7.764066741740575,8.224858143441688e-15,1.2002715715169474e-14
CAPN6,909.7876,0.5183929252366074,0.06063877832462625,8.54886822523733,1.2430133293339791e-17,1.8889683042405375e-17
CAPN7,1461.0095,0.3205233402486856,0.011126000655598517,28.80849553854743,1.6788622533655084e-182,9.804921576669073e-182
CAPN8,424.12784,-1.0819756385110382,0.06482020084598754,-16.69195134217197,1.4998731034768696e-62,3.5486248127467275e-62
CAPN9,165.309,-0.7008836476604534,0.061717005800274206,-11.356410418363806,6.89186175128504e-30,1.2091641967805252e-29
CAPNS1,18229.14,-0.34413231875517636,0.011650521981648832,-29.537931373137777,9.384256769138093e-192,5.839061233584427e-191
CAPNS2,207.8904,-2.938202689239395,0.07249924715145004,-40.527354485509704,0.0,0.0
CAPRIN1,12247.406,0.04133772375340246,0.01076595351911081,3.8396713937156823,0.00012319909761333148,0.00014961885160521448
CAPRIN2,808.2925,0.18973324975387104,0.017092092094980638,11.10064518138123,1.2454157712806277e-28,2.1542412648685046e-28
CAPS2,78.37486,0.6672229487220425,0.026660495340532653,25.02665236334322,3.135396371539161e-138,1.324622011375094e-137
CAPSL,71.382225,-1.1789513010092727,0.07523388834339964,-15.670482105458046,2.407463303449866e-55,5.343240531444001e-55
CAPS,3530.2034,-1.5761672204375137,0.04162340612414071,-37.867329159382976,0.0,0.0
CAPZA1,6718.911,-0.30270284575268436,0.012445045848106188,-24.323160352096885,1.115266936193182e-130,4.497963461560419e-130
CAPZA2,5573.355,0.3235253937518745,0.014366657178910081,22.51918381033009,2.692821274122489e-112,9.423023086947361e-112
CAPZA3,2.1260922,0.13912319549976168,0.08985554409500832,1.548298403854307,0.12155046857679694,0.13206564146413752
CAPZB,10705.875,-0.0416663525314723,0.009438590365810417,-4.414467724163675,1.0125882119114001e-05,1.2623405429125096e-05
CARD10,1504.8077,-0.5381755034416932,0.027204594583287205,-19.782522463036976,4.2108993437814345e-87,1.2115559601476291e-86
CARD11,913.7452,-0.8788622644654424,0.03503446606837983,-25.085647452142986,7.133513070846727e-139,3.027542059815896e-138
CARD14,271.62704,-0.9908132291073587,0.0330572162513943,-29.972675907505305,2.228715071734448e-197,1.4501249646993167e-196
CARD16,394.40945,-0.28237827338458543,0.026369690084095135,-10.708441111141527,9.291315227810219e-27,1.5770061419173678e-26
CARD17,2.886845,-2.275828236215777,0.07451229640616465,-30.542988821741506,7.0066897378573455e-205,4.861935800035368e-204
CARD18,8.597589,-2.8282104427851253,0.12367379436734295,-22.868308175170995,9.608660911509734e-116,3.4464892089046283e-115
CARD6,647.95526,-0.026890389982701154,0.024333260734621352,-1.1050878168761622,0.26912153911977776,0.28508483349495584
CARD8,1261.4147,0.2685923338684059,0.017272161647421895,15.550591718118673,1.5764259049577333e-54,3.475306442775798e-54
CARD9,188.08711,-0.5003571613690603,0.02925970798627805,-17.100552117735187,1.470050412045092e-65,3.555751020414165e-65
CARHSP1,4021.7012,-0.35356190218842465,0.018428300673955757,-19.185811456186222,4.862905790745418e-82,1.3451616711112224e-81
CARKD,2573.2148,0.083638788125273,0.013260961085773678,6.307143772181072,2.842317838175188e-10,3.858812274433759e-10
CARM1,3344.0889,-0.3930482064186332,0.013147094198549555,-29.896203714885985,2.2045895787451883e-196,1.4262230452390624e-195
CARNS1,495.5286,1.7358438691610878,0.044687258956103953,38.84426813616376,0.0,0.0
CARS2,1887.2367,-0.45756326124025065,0.013275404444979128,-34.46699218367731,2.5060695456705374e-260,2.609773395412096e-259
CARS,2329.7163,-0.07197148511791217,0.010115167191224487,-7.115204697788064,1.1174686084108402e-12,1.5786929011613556e-12
CARTPT,497.03836,-2.5957931209205487,0.14114040553468976,-18.39156626401041,1.5348132903182041e-75,4.0412912283482043e-75
CASC1,86.681915,0.2841027066073989,0.04143422476718443,6.856715872053817,7.046157391156905e-12,9.828221315878558e-12
CASC2,123.17684,0.5855513077923513,0.023834719914300813,24.567157067409923,2.83590833649741e-133,1.1616953284255688e-132
CASC3,5180.6694,0.2898083005705698,0.012315529012492832,23.531940875344386,1.9218972461268035e-122,7.267441685344649e-122
CASC4,5834.2495,0.5688311725212173,0.01559420486626997,36.47708731540334,2.56020347020874e-291,3.307308531090085e-290
CASC5,432.65475,-0.5621882456166534,0.03363124733534371,-16.71624724503867,9.980969018270006e-63,2.3672244669496626e-62
CASD1,1396.2628,0.4958649710160838,0.01854485948754585,26.738675013908367,1.672287833979523e-157,8.139160414054294e-157
CASKIN1,205.58162,1.5840161224532165,0.04928127934042402,32.142349866998956,1.1297225888057683e-226,9.229543413120642e-226
CASKIN2,2146.9753,0.5623826328540221,0.015620408396784795,36.00306845817036,7.48972210658904e-284,9.163656993272012e-283
CASK,2837.132,0.1681270255185262,0.018184312487285904,9.245718013044328,2.3366654001718092e-20,3.67551347308181e-20
CASP10,984.10486,-0.32685278914976246,0.02364762196949805,-13.821803713343966,1.882919928374671e-43,3.7760408610894336e-43
CASP12,7.8664565,1.5248633712533128,0.04073230865550173,37.436212716299075,1.0069088316341401e-306,1.464261207374247e-305
CASP14,110.453804,-2.123617881607182,0.13933273669976667,-15.241341926579256,1.879696993007191e-52,4.06552120265945e-52
CASP1,1063.6232,-0.4724009743853305,0.026704634960350134,-17.689849536858702,5.020931012255908e-70,1.2616777891695636e-69
CASP2,2374.9116,-0.3652608764381827,0.014415272449143878,-25.338465001393402,1.2043347348420618e-141,5.2057432837897103e-141
CASP3,1723.4016,-0.2437566916249572,0.013698301853674365,-17.7946649321042,7.773092038902501e-71,1.9678236858992296e-70
CASP4,2007.4602,-0.40876326251464923,0.021565279974429807,-18.954693052875935,4.039035526388064e-80,1.1009602929673932e-79
CASP5,29.955183,-1.6036717373239664,0.05402712011069797,-29.682717384123933,1.2834851907293131e-193,8.102472867614911e-193
CASP6,858.376,-0.5918150341718986,0.018053656693229725,-32.7808955397847,1.1022736248422199e-235,9.635546899168206e-235
CASP7,1685.2618,-0.29918259720544316,0.017897522605437206,-16.716425161242846,9.951223477151038e-63,2.3604445854749854e-62
CASP8AP2,852.475,0.19145307146595136,0.01721604938723268,11.120615836983589,9.958221730839852e-29,1.7235351204468973e-28
CASP8,1341.5765,-0.39543323774475014,0.018440351971108066,-21.443909441875412,5.2052015754553855e-102,1.6746633829756036e-101
CASP9,859.07336,0.1546467707734348,0.01343492730108167,11.510800714268392,1.163926523579328e-30,2.0614510738191856e-30
CASQ1,122.2572,1.1879210288090687,0.05428217450543012,21.88418278435465,3.6753892789170594e-106,1.2266762349093839e-105
CASQ2,291.05008,2.414051774440571,0.049762872954447104,48.51110137170723,0.0,0.0
CASR,98.497406,2.2144029276661827,0.08098463141099875,27.343495785367473,1.29042455727236e-164,6.649393460265243e-164
CASS4,96.6679,0.5158124308965435,0.03275922699651385,15.745561729873385,7.367398074090653e-56,1.643217105504071e-55
CAST,9768.067,0.021053701870772816,0.016617192860599952,1.2669830607004633,0.20516134687061294,0.21931634869723335
CASZ1,1522.4731,-0.44580104678488924,0.027943122210692298,-15.953873852160502,2.677599864427834e-57,6.047620993996702e-57
CATSPER1,27.138838,-0.4112021792279187,0.04425557344845165,-9.291534312777168,1.520799906717786e-20,2.3962514744112224e-20
CATSPER2P1,60.40697,-0.2373898705551232,0.015792089824728312,-15.032201132962289,4.51741893098156e-51,9.665804731040839e-51
CATSPER2,77.690384,-0.4692852334380624,0.02140485028019463,-21.924247415656076,1.5253947268994798e-106,5.112018311925351e-106
CATSPER3,24.121485,-0.1928901627048462,0.02439331258666916,-7.907501780232171,2.6260538091054663e-15,3.863272599145761e-15
CATSPER4,0.34647176,-0.7169256175119213,0.08531279222791806,-8.403494936569572,4.333835079818487e-17,6.534292260240286e-17
CATSPERB,47.824375,-0.7181928520842172,0.05000962762674763,-14.361091777057986,9.078560381842268e-47,1.8735976767757397e-46
CATSPERG,51.028313,-0.11346574397913961,0.030201889882390653,-3.756908737201122,0.00017202519616600477,0.00020819527813242724
CAT,6081.039,0.488413214475413,0.025315611876238726,19.2929650234462,6.154062056380807e-83,1.7134921964695962e-82
CAV1,7565.4434,1.0392160787937554,0.03280190091938082,31.68158093483358,2.7868573135376393e-220,2.16886957363581e-219
CAV2,3494.0566,0.6298320662533489,0.03126273832404609,20.146413910546872,2.893292671511666e-90,8.517140760454889e-90
CAV3,6.4328766,0.38265847126942765,0.08694794961042863,4.401006268508156,1.0775001140359338e-05,1.3424407821833165e-05
CBARA1,2811.4001,0.22026046196299628,0.011933754135257305,18.456929769673625,4.586849020033403e-76,1.212459870148793e-75
CBFA2T2,2048.8223,-0.14117308034325185,0.014254751232849102,-9.903580780696341,4.0163168492664234e-23,6.524231607293952e-23
CBFA2T3,505.36017,-0.8456760432932291,0.03504701376563664,-24.129760354144892,1.2180814656788025e-128,4.827510328938046e-128
CBFB,2469.3445,-0.0657453679775126,0.01218459578139651,-5.395777517535123,6.822744689389684e-08,8.872270000720783e-08
CBLB,1095.6602,0.07543545877555631,0.015051639997846256,5.0117767091393635,5.392976224850499e-07,6.899742535143047e-07
CBLC,1027.9564,-1.6333825549142038,0.05242241967548332,-31.158091614723702,3.9408464452561964e-213,2.927095686938012e-212
CBLL1,1494.4164,0.1513159385408237,0.01093410721884475,13.838892880072844,1.4847576548536837e-43,2.9807889848305045e-43
CBLN1,141.5084,1.1307193525487715,0.056131716379400586,20.14403666023879,3.0355810636207307e-90,8.932128179542486e-90
CBLN2,97.260445,0.704483453587729,0.06617251626903738,10.646163895649867,1.816991800252006e-26,3.0762691111293635e-26
CBLN3,184.94608,0.12672370848485948,0.023475019228278035,5.398236621344615,6.729907175443485e-08,8.752103493123852e-08
CBLN4,73.61257,1.4571465287337346,0.05739790735661578,25.38675355671798,3.5320929730666496e-142,1.5335867101442507e-141
CBL,2033.6831,0.3387028764846218,0.017619723013866766,19.222939896277698,2.3790105328727154e-82,6.601373236848251e-82
CBR1,5060.7026,-0.38898094177398496,0.026391621921189566,-14.738803963453119,3.631594371109022e-49,7.655376869062806e-49
CBR3,590.506,-0.6578692018136151,0.030425328207939743,-21.622419232997416,1.1052904950222383e-103,3.6090792603300318e-103
CBR4,1102.1093,0.2866322189570749,0.01585732407284594,18.07569913059313,4.952363360071964e-73,1.272884303089321e-72
CBS,2417.9097,0.4984490760510433,0.0382874380841845,13.018606127552292,9.590560079277531e-39,1.842890161906666e-38
CBWD1,1370.1608,-0.1439610388204988,0.014794720974971792,-9.730568022474873,2.233422766780285e-22,3.5976148515610273e-22
CBWD2,1228.3304,-0.17086196414900362,0.010976971665082704,-15.56549195553711,1.2490605606948392e-54,2.7557026392702896e-54
CBWD3,820.77716,-0.6126788155519476,0.021512455910174644,-28.480189249902043,2.061280783563095e-178,1.1666837773856284e-177
CBWD5,6.2986393,-0.18623975617193458,0.06326503639847524,-2.9438022448750725,0.0032420708500334764,0.00376828730508287
CBWD6,389.20062,-0.6450256698210692,0.020058622952785227,-32.157026498746,7.044537082176342e-227,5.762142645883012e-226
CBX1,3827.1538,0.26424144499503643,0.014047689603510107,18.810313471690765,6.216908124992165e-79,1.681770296528242e-78
CBX2,862.373,-0.631942140139707,0.03292174872537997,-19.1952786412142,4.0530311599982027e-82,1.1220514194506855e-81
CBX3,8025.185,-0.21794254878698213,0.012774641985766132,-17.060560212162493,2.917439278721284e-65,7.0441349947208985e-65
CBX4,1771.2533,-0.3110982897597888,0.015383160314042429,-20.223301545899158,6.105705081541459e-91,1.8054618700813735e-90
CBX5,7139.7383,0.4010036456732865,0.014959246395593345,26.80640689168761,2.7207304140089184e-158,1.3328043912128868e-157
CBX6,1402.2676,0.7908735161770635,0.02314725697818014,34.167051280528995,7.46465561721724e-256,7.553326228177226e-255
CBX7,2460.9055,0.8494828921961446,0.023632064987522003,35.94619821182284,5.803210341719342e-283,7.062017892831086e-282
CBX8,404.98373,-0.43988783825124345,0.01594884573254001,-27.581170802458253,1.8719565876891583e-167,9.835139140326083e-167
CBY1,1310.7986,-0.06736217580129245,0.014023281155489549,-4.803595895595581,1.5584119830870425e-06,1.975081521642748e-06
CC2D1A,2603.1226,-0.45166789668432283,0.01329953746503482,-33.96117330183711,8.343711039233371e-253,8.250102624951539e-252
CC2D1B,1979.8721,-0.16759943878702677,0.010511017033753166,-15.94512103337179,3.080427642774628e-57,6.953589797011715e-57
CC2D2A,761.3145,0.8485284345302311,0.022302279133644305,38.04671394548981,0.0,0.0
CC2D2B,16.433086,0.8830262331620328,0.03371526128085624,26.19069820655435,3.3918128667594824e-151,1.5790971450801806e-150
CCAR1,2718.999,-0.1336518829868554,0.011433595081895896,-11.689401455057782,1.4440067001304294e-31,2.583123838674581e-31
CCBE1,87.84036,0.8470089185554054,0.05132530728617042,16.502753969553563,3.505345183108769e-61,8.182219970524126e-61
CCBL1,382.64798,0.36709654475719544,0.02027684817435182,18.104221208379702,2.951561846583285e-73,7.61028972069264e-73
CCBL2,1113.9828,0.050711275246251956,0.012138835502098962,4.1776062652371655,2.9459304182295417e-05,3.633819896076052e-05
CCBP2,218.23616,-0.23784799593104844,0.03855163249951047,-6.1695959550887665,6.846471758659301e-10,9.238902269141958e-10
CCDC101,788.22375,-0.21740075031934739,0.01448124283972423,-15.012575420873713,6.074264830615496e-51,1.298330264425206e-50
CCDC102A,441.95184,0.12427594827840362,0.020118554375435152,6.177180823197968,6.52563204758428e-10,8.807699738581832e-10
CCDC102B,195.7853,1.087556853530679,0.023738701215274896,45.813662831346484,0.0,0.0
CCDC103,383.70212,0.8390480360958201,0.028479622108439212,29.46134723631707,9.009170168548213e-191,5.575005941078209e-190
CCDC104,1773.3424,0.2967829034723134,0.016165113011592395,18.35946975808231,2.773014970459121e-75,7.281802113191958e-75
CCDC105,0.22658317,-0.6654492902138587,0.19509791909523602,-3.410847708165575,0.0006476125234348358,0.0007707221233769698
CCDC106,903.5145,0.0867915738146762,0.021077687970676873,4.117698958985446,3.82674119253405e-05,4.708038671670336e-05
CCDC107,1176.2013,-0.19632284415376852,0.019458560071783832,-10.089279136252705,6.162036175930634e-24,1.011961720624117e-23
CCDC108,79.32402,-0.9040395497539697,0.053926976450289474,-16.764143092415427,4.4640359709603555e-63,1.06110108969973e-62
CCDC109A,1738.3441,-0.36913929708140336,0.020075115457361004,-18.387904062890453,1.6420634143271248e-75,4.322012805725395e-75
CCDC109B,638.4019,-0.22920984255118565,0.02440588184019374,-9.39158208058284,5.910567882090064e-21,9.352809848552124e-21
CCDC110,75.75434,0.5059012845051676,0.03151462966573802,16.05290272711571,5.455191742144127e-58,1.239810768902794e-57
CCDC111,368.7398,0.3341994691338576,0.012818702481242058,26.071240020033265,7.728353736663768e-150,3.570264436685674e-149
CCDC112,401.56396,0.14093137610239745,0.016722194235223614,8.427804038153063,3.522122372419767e-17,5.3171355020090493e-17
CCDC113,538.94055,0.09191184605014106,0.025527085060167976,3.600561749745517,0.00031753040351226885,0.0003815950348330253
CCDC114,126.66473,-1.1375980077827792,0.04074626973538363,-27.919071246782156,1.5658065657103572e-171,8.47375222522519e-171
CCDC115,2054.5532,0.07058305805079376,0.010289698076114639,6.859584948817637,6.906090189529793e-12,9.635491376688395e-12
CCDC116,10.509524,0.14882514650488193,0.025954385307470077,5.734104073042629,9.80291279084735e-09,1.2937735090682043e-08
CCDC117,1803.3467,-0.06922544911130091,0.016165466078211857,-4.282304560621632,1.849675730968433e-05,2.291720314434416e-05
CCDC11,90.98117,-0.17550176782478188,0.03316656937894154,-5.291526109306116,1.2129986891026886e-07,1.5713565990991116e-07
CCDC120,1017.3481,-0.5204213754800341,0.01714988745701063,-30.345468842554602,2.88327719390113e-202,1.961264296379322e-201
CCDC121,201.40343,0.568014983743376,0.015198292084601134,37.373606230326835,1.0489202367265512e-305,1.5177659630075235e-304
CCDC122,127.08401,0.023182508386325542,0.019665387077239384,1.1788483132964545,0.23845858221777516,0.25373847673504857
CCDC123,1041.3925,-0.01760327615218109,0.012551722318032485,-1.402459017667342,0.16077822030201283,0.1732262800131604
CCDC124,2925.1748,-0.35482574790655413,0.014909900424428107,-23.797995815264745,3.503223379025147e-125,1.3536178548789709e-124
CCDC125,723.14795,-0.22423456603367783,0.020078965062144447,-11.167635649530308,5.872320802266316e-29,1.0188731823192428e-28
CCDC126,396.13815,0.19368939675370392,0.014993317826291585,12.918381308109083,3.545212917050948e-38,6.771459778425767e-38
CCDC127,869.3683,0.01307960948725943,0.01227843785542652,1.0652502900830196,0.28676268137598704,0.3029998666251671
CCDC129,23.774546,-0.8692298558541794,0.07224041344740008,-12.03245959392364,2.399055642174364e-33,4.364823397589622e-33
CCDC12,1537.5096,-0.4864926269860937,0.01500407002946467,-32.42404401144022,1.258116581788521e-230,1.0597432970058957e-229
CCDC130,1139.0746,-0.24548173113292304,0.013948682841796275,-17.59891840090835,2.510733973859325e-69,6.280382476201253e-69
CCDC132,1004.7772,0.26136582194753955,0.012765686739209971,20.47409021441448,3.665282992738874e-93,1.1002874734469291e-92
CCDC134,162.51918,-0.3428264620875189,0.01567435681566548,-21.871804126909154,4.821295674536501e-106,1.60780931429793e-105
CCDC135,62.56783,-0.7576398351711033,0.06285333865552836,-12.05409054439249,1.8455836013286898e-33,3.360242938602289e-33
CCDC136,233.97787,1.3460151712186146,0.039316653381842384,34.23524271372103,7.232239351036965e-257,7.376811670729537e-256
CCDC137,1413.4742,-0.5520622508610541,0.013866576684736832,-39.812439898646225,0.0,0.0
CCDC138,149.59958,-0.45248254755994693,0.02254810050774751,-20.067435277063552,1.421533563122598e-89,4.162376213377387e-89
CCDC13,52.47605,0.43668890733714655,0.033003861504441415,13.231448910254946,5.7762988616071036e-40,1.1223484302677899e-39
CCDC140,6.8179617,-1.2418401923196787,0.1379708157375351,-9.00074545244451,2.2419019460317197e-19,3.483391720923436e-19
CCDC141,52.267597,1.077838741297308,0.04104675780068274,26.258803351318047,5.6707405009080846e-152,2.6577027131212637e-151
CCDC142,376.32822,-0.06618909863988988,0.012444051596179926,-5.318934763996688,1.043765488548113e-07,1.3539357490507187e-07
CCDC144A,63.899464,-0.02865054832882719,0.04154495465874469,-0.6896276229969746,0.4904283916663629,0.5075812935761009
CCDC144B,82.99122,-0.007233054844256797,0.040423508887535875,-0.17893188996482753,0.8579911822845413,0.8658162319767523
CCDC144C,12.183799,0.8081932386745121,0.05185879715751023,15.584496420535833,9.279169472187927e-55,2.049854723136654e-54
CCDC144NL,6.8236966,0.03111813999218441,0.06827010960734022,0.45580914064972694,0.6485272305278449,0.6633857150337333
CCDC146,735.93286,0.38102760306103395,0.034250603846702324,11.124697385378202,9.512812757582793e-29,1.6465852315220887e-28
CCDC147,29.252089,0.36794435405198644,0.03571880884201956,10.301137299380967,6.963312535347261e-25,1.1582196070844353e-24
CCDC148,47.450203,0.6653981735893909,0.034402948843137195,19.341312182956276,2.4125734628487446e-83,6.744141580411588e-83
CCDC149,864.4889,0.36355410653225656,0.018010196597207543,20.186015436867862,1.2993031592077004e-90,3.8320314382601146e-90
CCDC14,1813.8818,-0.22219002488548156,0.017615029586877905,-12.613661747749731,1.775479997417284e-36,3.337056616268324e-36
CCDC150,108.954834,-0.34806824036366585,0.03284247465963347,-10.598112473889639,3.0405486698123034e-26,5.1320287156946355e-26
CCDC151,109.189026,-0.07481331502470741,0.041929567738576354,-1.7842615380906277,0.07438117692125987,0.08174060136780362
CCDC152,280.23074,0.2399632624608501,0.03218542326420442,7.455650357338299,8.942560677886904e-14,1.284657019765026e-13
CCDC153,51.606308,-0.8397182766173298,0.03267548602510026,-25.698723378507214,1.207927020123222e-145,5.38711636422534e-145
CCDC154,43.05299,-0.4779639709497152,0.038603740332575846,-12.381286549748765,3.300098115527449e-35,6.128495624739882e-35
CCDC155,8.459943,-1.2161392419036252,0.06973993337005766,-17.438204815173595,4.231582438723669e-68,1.0483181658551372e-67
CCDC157,119.6525,-0.20427183918929046,0.022210238565284326,-9.1971924834962,3.674239096973258e-20,5.761231806475552e-20
CCDC158,16.638317,1.25224287418861,0.04386277335764312,28.54910390590717,2.8818275345734198e-179,1.640232786591564e-178
CCDC159,515.5869,-0.15065085974715609,0.01888764451165631,-7.976159211074917,1.5095719372247095e-15,2.229964814247414e-15
CCDC15,131.22101,0.011960149028440477,0.01927539064814895,0.6204880226170166,0.5349365371180643,0.5517388398189712
CCDC160,63.601383,0.683562029540388,0.050425963335842386,13.555755494204261,7.325401930403801e-42,1.4449942631633658e-41
CCDC163P,52.611313,0.508730854657213,0.025233767031638096,20.160717740611865,2.167156015757469e-90,6.385112782171681e-90
CCDC17,74.28695,-1.20063929127448,0.03816330901136986,-31.460565720775886,3.009678951602933e-217,2.300077093681836e-216
CCDC18,177.32135,-0.600295892532565,0.024693072971215816,-24.31029516789251,1.525710579802897e-130,6.1423653735825945e-130
CCDC19,164.78497,-1.0118217351106134,0.04383680173197368,-23.08155921814458,7.093361579479007e-118,2.5875962801758305e-117
CCDC21,876.4394,-0.4103029929134019,0.01791152024301,-22.907212081761916,3.9375088308757383e-116,1.416070346013057e-115
CCDC22,1316.6719,-0.31947666168217415,0.0108211503751345,-29.52335478271212,1.443970993899768e-191,8.976429149558894e-191
CCDC23,619.8465,-0.011925068853389972,0.013565744102705413,-0.8790574820744083,0.3793701095789629,0.396957190775459
CCDC24,552.1755,-0.6044995655539185,0.02026735379595587,-29.826269953137135,1.7835426232386228e-195,1.1443789557678892e-194
CCDC25,1962.5496,0.26095856269270257,0.011182713332471074,23.335889505006012,1.9169393712942725e-120,7.121709609521916e-120
CCDC27,0.729344,0.19751712085867526,0.06358742358646664,3.106229340933904,0.0018948968895705226,0.002220583996705593
CCDC28A,1057.6147,0.14129993521106923,0.015439290617056584,9.15197069060724,5.590425599296894e-20,8.741587924430528e-20
CCDC28B,379.29468,-0.09234723867603006,0.026060061076069268,-3.5436309380269164,0.0003946572821643328,0.0004727759698489939
CCDC30,164.93523,0.4194959685948224,0.02552966652790146,16.431705762249337,1.1342303826268341e-60,2.6378565638450667e-60
CCDC33,28.369518,-1.0428626492277873,0.07185695701732449,-14.513036628817394,1.001853689144367e-47,2.083213079081827e-47
CCDC34,691.1234,-0.3749582968169818,0.017519395007647105,-21.402468330288507,1.2671878608656763e-101,4.060865364294712e-101
CCDC36,23.023365,0.8908733490028529,0.032840977081779105,27.126883185735934,4.745602675918307e-162,2.3926628251367217e-161
CCDC37,22.008507,-1.614446954620003,0.08659289368082616,-18.644104452389744,1.4099566592692375e-77,3.76907925762374e-77
CCDC38,1.3755027,-1.3134327592435935,0.08269082559438093,-15.883657585985512,8.223976771183481e-57,1.8472191425918412e-56
CCDC39,54.39692,0.11033216920331373,0.03062332514455493,3.6028801145042104,0.00031471069965897133,0.00037829575098051585
CCDC3,1300.5297,0.47612376059461936,0.03032269765939344,15.701893213552015,1.4679495619956191e-55,3.263731039933254e-55
CCDC40,322.24823,-0.07141176421087228,0.0305704628119365,-2.335972623318903,0.019492668406624426,0.021991091438017658
CCDC41,458.8915,-0.04975693550038882,0.013830431949073503,-3.5976414680036095,0.0003211158466559438,0.00038576724624230597
CCDC42B,67.64178,-1.5330807856715183,0.04463122273070815,-34.349961571110946,1.4102768668083094e-258,1.4544998344149123e-257
CCDC42,2.4045358,-0.17817564008711748,0.0467598793812483,-3.8104384024260267,0.0001387205740549421,0.00016827814855416588
CCDC43,1093.6913,-0.04423500455568696,0.009701331296278717,-4.559683944888557,5.123066552937556e-06,6.425214806336211e-06
CCDC45,1086.7545,-0.11396839418453546,0.013240781797591075,-8.607376507425716,7.475161119508451e-18,1.1395492716740739e-17
CCDC46,319.5498,0.8067120684189458,0.023003915306699013,35.068468026572056,2.0396126693799356e-269,2.2765610929773087e-268
CCDC47,6130.2773,0.14325280740225976,0.011820037011897279,12.119488903297919,8.327683613036085e-34,1.5237108895281895e-33
CCDC48,154.32231,0.24419965262597074,0.0316145128450651,7.724289595184743,1.1247886282880268e-14,1.6386097805592802e-14
CCDC50,3865.9622,0.6081259644122035,0.015555742220172536,39.09334288296393,0.0,0.0
CCDC51,794.7966,-0.355646859126659,0.013593120569783679,-26.163739025255975,6.876486358515931e-151,3.196310177466343e-150
CCDC52,809.25183,-0.1699790396533454,0.014997956825138646,-11.33347972894795,8.957396752381447e-30,1.5693944964004636e-29
CCDC53,973.18164,0.06059729010904266,0.012274121321009704,4.936996182799484,7.933502326456854e-07,1.0124626958210686e-06
CCDC54,1.4499645,0.7061011406921551,0.041005506197551944,17.219666483090748,1.8907455893663948e-66,4.6050591522802286e-66
CCDC55,1517.5254,0.2515202013844763,0.01066490895915449,23.58390515547511,5.6380005930479333e-123,2.1398966083867052e-122
CCDC56,2983.8008,-0.3613341901210315,0.015798995263697057,-22.87070690826178,9.094797393240293e-116,3.263323583520957e-115
CCDC57,1079.2596,-0.4839261672199299,0.017906599829989774,-27.025017134154957,7.512028403508349e-161,3.7539859172073264e-160
CCDC58,529.19135,-0.5018123848891687,0.01568899933941864,-31.984983492756236,1.7637519553480273e-224,1.4204203346095921e-223
CCDC59,994.375,-0.16732427915805365,0.011967704433917942,-13.98131781094427,2.0269962646447335e-44,4.105005167800868e-44
CCDC60,29.82688,-1.0895782894766548,0.0832413425959472,-13.089388703945573,3.786428647663366e-39,7.300681962096645e-39
CCDC61,439.884,-0.5296554573425422,0.01607965238240391,-32.93948430888644,5.9838005303821363e-238,5.336145203593952e-237
CCDC62,12.569096,-0.07367967696091118,0.03101134069489652,-2.3758946021007246,0.017506462564594323,0.019793084431197636
CCDC63,0.73120296,-1.0579185210403157,0.10803962305637395,-9.791949389607781,1.2192222449971012e-22,1.9703243122635328e-22
CCDC64B,946.2273,-1.2765308769868602,0.045316532186870984,-28.169209235226834,1.3942471085677503e-174,7.684211392347274e-174
CCDC64,1271.4148,-0.16953751467118353,0.03153567353146023,-5.376054977930044,7.613555285895313e-08,9.896212224065804e-08
CCDC65,75.512955,-0.3250374486948219,0.04146263130778823,-7.839286568234942,4.531134084139997e-15,6.638554894862277e-15
CCDC66,466.20227,0.11527958136445089,0.014181465983479474,8.128890306456642,4.332381338493133e-16,6.448055535520264e-16
CCDC67,16.969852,-0.026447120503466814,0.05466593314983501,-0.48379528125820775,0.6285311642767881,0.6436753507802379
CCDC68,277.94055,-0.14599019234589883,0.03844030740785654,-3.7978414375547094,0.00014596164148929477,0.00017697772968140981
CCDC69,1664.5966,0.32043473645510745,0.02889368870258483,11.090129050446969,1.4008552689182815e-28,2.4218760546796274e-28
CCDC6,4518.788,-0.030625451893997523,0.01634150966513073,-1.8740895132440336,0.0609180884782063,0.06729781123923176
CCDC70,0.23107009,-0.19600496972587023,0.13628204921233544,-1.4382302794734394,0.15036872653495525,0.16232869736068475
CCDC71,1054.5626,-0.07718174832927459,0.010920000416544009,-7.067925401572584,1.5726704549833533e-12,2.2160851185635446e-12
CCDC72,3105.1323,-0.46684966721240245,0.016234404099218305,-28.75680957300315,7.445180769863038e-182,4.333231426347673e-181
CCDC73,102.712074,0.12309790651029891,0.018101863255467872,6.8002892726037905,1.0440928981990152e-11,1.4513646944171616e-11
CCDC74A,554.99475,-0.47355523321446813,0.03406201468606429,-13.902737039456818,6.096470558708522e-44,1.2280404086746491e-43
CCDC74B,252.70073,-0.1717989276928771,0.0360702784523564,-4.762894412356659,1.9083570858042263e-06,2.414982714438603e-06
CCDC75,150.39781,0.6341511683137869,0.020583239298483047,30.809104394006777,1.978997115177723e-208,1.4107283707249042e-207
CCDC76,529.38257,0.009684844335378986,0.01293759823637437,0.748581317678409,0.454109595896233,0.4714782631878937
CCDC77,426.03714,-0.21656371082290954,0.015563658795862679,-13.91470435476773,5.157274366244113e-44,1.0399856262120037e-43
CCDC78,239.94765,-1.1653761648260061,0.03823637290334196,-30.47820900198798,5.067613662548583e-204,3.487881898439033e-203
CCDC79,0.6632892,-0.5604561545812488,0.06125298110621657,-9.149859230677803,5.700778474356001e-20,8.912090068295618e-20
CCDC7,86.76285,-0.1433388057655708,0.014379611332401256,-9.968197502152833,2.1000535490030533e-23,3.4214940944424745e-23
CCDC80,5895.663,1.4519046283033668,0.03394753934666663,42.76906828140791,0.0,0.0
CCDC81,37.871292,0.7854628934371491,0.03336745760030904,23.539788462333263,1.597245948495856e-122,6.046547092864845e-122
CCDC82,954.985,0.49571223668984815,0.015815907477251166,31.342636355381856,1.2257857360086396e-215,9.273791081159381e-215
CCDC83,1.495793,-0.6031781185867761,0.0843396402206084,-7.151774859473367,8.566298686424244e-13,1.212214325133184e-12
CCDC84,320.24503,-0.32395210361051285,0.017063151586175544,-18.985478853330747,2.248768397375533e-80,6.142851979359785e-80
CCDC85A,198.85402,1.677158751850068,0.03602057954284603,46.561126254371025,0.0,0.0
CCDC85B,1208.767,-0.3823928513752975,0.023548534873192348,-16.238498634180996,2.694380363499285e-59,6.1898995509458295e-59
CCDC85C,2165.169,-0.1984909743164384,0.01853755390224362,-10.707506252613774,9.385598147219563e-27,1.592743124774886e-26
CCDC86,1739.7782,-0.3960016852724303,0.013762282298787733,-28.774419582085784,4.483452934241728e-182,2.613186896313408e-181
CCDC87,46.839104,0.07587390675495148,0.024532625192298384,3.0927756878938033,0.0019829395599717543,0.0023221551050598187
CCDC88A,2162.5605,0.9042412873666581,0.026395331501962417,34.257621932099255,3.3584782336742765e-257,3.441130264689209e-256
CCDC88B,1073.2572,-1.1228532169529701,0.02609729235555703,-43.02565958394819,0.0,0.0
CCDC88C,2006.3921,-0.5834199892158781,0.02418182927472332,-24.126379464009904,1.3217955147604453e-128,5.236511944932459e-128
CCDC89,57.80436,0.8147677965192124,0.03371334956334889,24.16751248606215,4.887307945110388e-129,1.9452727752590887e-128
CCDC8,935.39325,0.444117529129144,0.03680780821263402,12.06585098910355,1.5999985613070325e-33,2.916237306145915e-33
CCDC90A,858.97235,-0.14463428003457574,0.012488790749877618,-11.581127663300233,5.136587531604438e-31,9.137246444380493e-31
CCDC90B,1434.0769,0.22286430331011717,0.010971059845877344,20.31383534872104,9.702396105336651e-92,2.883665435161298e-91
CCDC91,1019.5724,0.18623542393098552,0.015527427693912006,11.993964976182419,3.821643665009162e-33,6.934478019244343e-33
CCDC92,2158.128,0.2782863124720255,0.013886476084459174,20.040095901901644,2.462926533248386e-89,7.201309965590104e-89
CCDC93,1688.3953,0.26335781747443987,0.011834538855127755,22.253323150004302,1.0473755640147993e-109,3.5867988406690155e-109
CCDC94,1050.2845,-0.17838392647038373,0.013523685982710146,-13.190481256252566,9.954770330282501e-40,1.9296312401620626e-39
CCDC96,169.8023,-0.3406974171514018,0.023442646880440003,-14.533231630753766,7.461561339832837e-48,1.5534300778981158e-47
CCDC97,2133.6252,-0.11395213163659969,0.009375767482352065,-12.153899064912917,5.469360890319281e-34,1.003159624919011e-33
CCDC99,586.7501,-0.10731356158670426,0.016760646654589085,-6.402710098140616,1.5264286251406937e-10,2.0799518358369172e-10
CCDC9,1016.8171,-0.19920545915886329,0.012378072844536693,-16.09341467454577,2.837466225825694e-58,6.466805652254037e-58
CCHCR1,1372.8848,-0.40087833499226894,0.016216913046959363,-24.719768419023048,6.556702126736356e-135,2.713720239850081e-134
CCIN,14.449521,1.0101991522269866,0.03455992737277769,29.230360970686082,7.979134729518518e-188,4.844831612235835e-187
CCKAR,5.0214696,0.5251008898681672,0.0930733307228336,5.641797556723137,1.6828389903913035e-08,2.210667118684769e-08
CCKBR,44.03538,0.9062872461592127,0.06953267337264533,13.033976722024798,7.841193025420557e-39,1.5077337439038261e-38
CCK,94.394745,2.166564953163906,0.08053015076112446,26.903773713159428,1.9839206892231965e-159,9.801174790559345e-159
CCL11,107.76129,0.06904115268391207,0.055923034733625435,1.2345745007003166,0.21698890393325476,0.2314980398877081
CCL13,140.31021,0.22519875377076617,0.050431196561176894,4.465465210558367,7.989495475084534e-06,9.980251465041479e-06
CCL14-CCL15,88.81186,-0.23485926426627105,0.11319546383664926,-2.0748116250063964,0.03800399675608371,0.04237490388066752
CCL14,661.9631,1.193667677694077,0.04258338476311653,28.03130104227808,6.752550291756714e-173,3.686649809328907e-172
CCL15,233.1298,-0.8835601355116197,0.08256292414408448,-10.70165748937958,9.997371431397471e-27,1.69627873132612e-26
CCL16,173.62207,-0.30958980286688376,0.09551076682801653,-3.2414125982712836,0.0011893889991342497,0.0014031041043790816
CCL17,52.340813,-0.36600498627133665,0.04626104575495924,-7.911731788555611,2.5383280072854905e-15,3.735295981230597e-15
CCL18,1353.8225,-0.3467264536872836,0.05197300095819681,-6.671280228096977,2.5358148405664866e-11,3.49821482173012e-11
CCL19,795.3858,-0.9485325923072653,0.054231956380183945,-17.490289040242956,1.698934281282298e-68,4.219666101332964e-68
CCL1,1.7268443,-1.4190384350208325,0.08015698284156281,-17.703241623074614,3.958517980141313e-70,9.956939406683592e-70
CCL20,891.8179,-1.2283275573735999,0.05602085134269297,-21.926256526514138,1.459525955306047e-106,4.892079177490255e-106
CCL21,1350.7336,0.028988336034190067,0.05453318184386415,0.5315724308401366,0.5950221633691192,0.6110186736624582
CCL22,270.19342,-0.7357081646159299,0.03950569611091959,-18.622837642204615,2.0979659901346707e-77,5.602372716835226e-77
CCL23,25.52597,0.19100832350628974,0.04942972016441342,3.8642404381606204,0.00011143541508829545,0.00013548603259376572
CCL24,43.32066,-2.488750048243137,0.07571139947303446,-32.87153672452635,5.609052998799476e-237,4.9456349069969045e-236
CCL25,315.1111,-3.9223679737725807,0.08206732380563328,-47.794515428116604,0.0,0.0
CCL26,34.37063,-0.6914124348114523,0.04961974141195655,-13.934220839064007,3.9245989273832274e-44,7.927463990732724e-44
CCL27,2.3332329,-1.4166482103912565,0.06384195690792548,-22.189924604510214,4.297131804835176e-109,1.46492475577092e-108
CCL28,340.93082,0.07688085543095749,0.037884031580918597,2.0293736496007146,0.04242024691643461,0.047195683205185655
CCL2,1745.9624,0.9022840799965963,0.03303045749009933,27.316729726406308,2.6844273946985256e-164,1.380107508299679e-163
CCL3L1,105.95725,0.4121798394554257,0.038058325274635256,10.830214847370893,2.4757374878849372e-27,4.226711909085907e-27
CCL3L3,12.9910345,1.0616736293787625,0.05212490699496895,20.367875754315193,3.223606417546197e-92,9.617438900179224e-92
CCL3,414.39032,0.37173252388529143,0.03228960602777143,11.512451516614176,1.1418554050558869e-30,2.0227124503204386e-30
CCL4L2,267.7823,0.2800289047776754,0.033531443617741054,8.351233187870136,6.755390060229572e-17,1.0164288392300188e-16
CCL4,422.04965,0.2933883584470255,0.03152328409288325,9.30703658865484,1.3144861385927543e-20,2.0734193302556664e-20
CCL5,2136.6646,-0.6132997495602581,0.03447478382396757,-17.789806969982497,8.477142123517838e-71,2.1449929964292776e-70
CCL7,18.261747,-0.041443052128156646,0.05606165562500612,-0.7392406033344314,0.4597609094004914,0.4772483737564169
CCL8,137.10182,0.2400875123011857,0.039013912545354565,6.153894768233728,7.560285900626765e-10,1.019606920050744e-09
CCM2,2765.388,-0.3146014684975662,0.015512068014093465,-20.28107846173286,1.8894303592415724e-91,5.602521509437689e-91
CCNA1,309.93054,-1.3562243470326067,0.06157842363771722,-22.02434338059134,1.6833124242268593e-107,5.673933384906396e-107
CCNA2,1207.168,-0.8094800353607222,0.029356342238054528,-27.57428118246271,2.2642269827422963e-167,1.188077245918825e-166
CCNB1IP1,1802.0054,-0.040153760757481914,0.01601843363843486,-2.5067220468508484,0.012185649325052908,0.013868166728646216
CCNB1,2178.3125,-0.8617680907273099,0.02515823122318453,-34.25392202982652,3.8127045699275655e-257,3.900645846188709e-256
CCNB2,1167.7985,-0.9026758618456404,0.03088234921922977,-29.22950762060432,8.180902453882697e-188,4.965861450763203e-187
CCNB3,38.707893,0.3502650034410465,0.02842838282803238,12.320961257622457,6.985660375132711e-35,1.2938597123119256e-34
CCNC,2414.809,-0.08587854057704788,0.01352683646388184,-6.348752777957592,2.1706753660653763e-10,2.9514980149418954e-10
CCND1,15242.729,0.15366334813923996,0.028899780813370402,5.317111196502503,1.0542764495041838e-07,1.367395950529125e-07
CCND2,5532.586,0.3648627206165308,0.032907283595222096,11.087597660887033,1.4410584827918333e-28,2.4905356240372607e-28
CCND3,4043.3677,-0.0996176396383125,0.018322916697483906,-5.436778504373812,5.4252510898871104e-08,7.067614982020199e-08
CCNDBP1,1981.5469,0.10949500688290843,0.013264487841918433,8.25474818084437,1.5222284944056195e-16,2.280262667765728e-16
CCNE1,569.01697,-0.8191679574892251,0.032944863362547656,-24.86481575214152,1.7881567883425806e-136,7.484597872916652e-136
CCNE2,413.1183,-0.36062709332770304,0.028897698797555084,-12.479439828551824,9.666430875629682e-36,1.8046663566890847e-35
CCNF,1011.8026,-0.8196551400816522,0.02384164996786018,-34.379128172194086,5.171831370723535e-259,5.355712862490358e-258
CCNG1,4805.3516,0.20404977535563232,0.017586798100309747,11.602440318686464,4.004925813794198e-31,7.1304140483634515e-31
CCNG2,2921.2168,0.29459267859329424,0.02071359460136469,14.222190028469777,6.673141201827216e-46,1.367335766183578e-45
CCNH,1194.2076,0.05651182153648259,0.011743833592893901,4.81204208910772,1.493958802614172e-06,1.8941030802355168e-06
CCNI2,123.27477,-1.1251570678481044,0.041314744982112746,-27.233789494168292,2.586049596532457e-163,1.3162345933951072e-162
CCNI,9733.814,0.46302983751287685,0.015454240253564023,29.961345877620474,3.1309284607598156e-197,2.0352034652812608e-196
CCNJL,427.4319,-0.34019577217053315,0.03269159364418153,-10.406215612284212,2.3227238140835544e-25,3.8818202373113677e-25
CCNJ,451.822,-0.18661567308715804,0.016392512537374303,-11.384201943520338,5.012502621062539e-30,8.814090590966681e-30
CCNK,2331.7244,-0.1942596569009479,0.009973930155614364,-19.476741251451255,1.7294295101259713e-84,4.869237366429906e-84
CCNL1,2867.9248,-0.2675528461949841,0.01597880220977312,-16.744236688238164,6.23855624796851e-63,1.481520665489221e-62
CCNL2,4853.3228,-0.3534745990277713,0.01823087281494621,-19.38879189250787,9.596448969041723e-84,2.6903622219873375e-83
CCNO,345.2596,-1.021727061632788,0.03759131383701684,-27.179871021870884,1.1235278157842117e-162,5.692857840107209e-162
CCNT1,317.7068,0.32951217695708207,0.025654977727873396,12.843986085362161,9.296190142007355e-38,1.7684651009262545e-37
CCNT2,1541.7095,0.0800013731339175,0.012878513505824363,6.212003667794154,5.231320580514613e-10,7.07200901053765e-10
CCNYL1,1132.5155,0.10266279710972638,0.015450932159909603,6.644440351379227,3.043713369871916e-11,4.192338846980741e-11
CCNY,3924.2537,0.2710595572671123,0.009392131794557258,28.860280413035873,3.7649124863787563e-183,2.210840880016876e-182
CCPG1,4080.3823,0.5310249404348211,0.01758754940052749,30.19323092385426,2.9064102688343475e-200,1.9432383140623475e-199
CCR10,74.53716,-0.15645493371851962,0.03449670626202175,-4.535358608736645,5.75056921915583e-06,7.206440892083809e-06
CCR1,546.05304,0.37423960872363027,0.027990375131464254,13.370296288131696,9.018091302319844e-41,1.7636822365411113e-40
CCR2,195.78442,-0.1983560633746283,0.037665776327059315,-5.26621465736598,1.392654352569104e-07,1.8021388142092664e-07
CCR3,10.547557,-0.3177729696572418,0.04151407618931522,-7.6545836695995,1.9393951158593832e-14,2.8144661175979173e-14
CCR4,52.95668,0.07206634037288102,0.04058792305120177,1.7755611757213876,0.07580527394125562,0.08327863005450158
CCR5,411.8284,-0.01849430644483171,0.03113149022792564,-0.5940707081295422,0.5524648214921144,0.5688666447884866
CCR6,168.2769,-0.21147468526916383,0.03069740542865937,-6.889008446027467,5.618260403931549e-12,7.849987204971683e-12
CCR7,323.70667,-0.9261367783598035,0.039200395743559116,-23.62569971023759,2.0984794127402227e-123,7.985596703547326e-123
CCR8,18.329538,-0.2862027660881496,0.0424671614372847,-6.739390069920555,1.5905287811705168e-11,2.2013307583854895e-11
CCR9,14.327354,-1.149889966156814,0.05403078402320086,-21.282126234982087,1.6623063958557534e-100,5.27970295058148e-100
CCRL1,155.17276,0.4587770252592339,0.03686571579613012,12.444544079824777,1.497369376228008e-35,2.7901284212544397e-35
CCRL2,233.76054,-0.27533592415238967,0.028444763078396336,-9.679670152060643,3.679010209138556e-22,5.907016470650777e-22
CCRN4L,329.28687,-0.1751752942755679,0.023618093644003663,-7.416995499975194,1.1980701573213078e-13,1.717470098078053e-13
CCS,1509.6766,-0.32485203182428674,0.0171084749287447,-18.987784310247815,2.1521967517808393e-80,5.880629938197035e-80
CCT2,7930.6465,-0.12717147782131405,0.016621949407626048,-7.65081608075215,1.997078060269929e-14,2.8979695102662495e-14
CCT3,15457.058,-0.37461882429292703,0.01255775806148458,-29.831664414837398,1.5181765263357207e-195,9.750333091378214e-195
CCT4,8754.706,-0.23838679342280195,0.011392051189439638,-20.925712978167184,3.123584898426311e-97,9.688157365487701e-97
CCT5,11319.273,-0.44898551710439066,0.013632121837687071,-32.935849785550985,6.745521267925453e-238,6.0049001964886e-237
CCT6A,10036.589,-0.19735541129804418,0.014324046947931704,-13.777908716400917,3.4615506143158436e-43,6.9152888781136556e-43
CCT6B,108.15327,0.24776928822033423,0.021665273532451665,11.436240943333079,2.75568368809167e-30,4.862030003107575e-30
CCT6P1,191.46727,-0.0457771161630699,0.01581565432265875,-2.894418101784509,0.0037986198785972232,0.004403855253593808
CCT7,11698.371,-0.31393567354203,0.009627084130516711,-32.60963229217986,2.9949582626342684e-233,2.572757606285699e-232
CCT8L2,0.534152,-0.10641667120645809,0.08584451219684797,-1.2396444278515626,0.21510694023686527,0.22952632055987107
CCT8,7931.5645,-0.2461979280662956,0.01107493544263582,-22.23019080711687,1.7538746035048403e-109,5.995153299656656e-109
CD101,128.90103,-0.07315138827190304,0.026121051147869757,-2.800476437866044,0.005102723248089387,0.005885244879212091
CD109,2380.6199,0.1978228869330393,0.034433983079280875,5.744989955927302,9.192644285450031e-09,1.2138607147974911e-08
CD14,5131.8354,0.17646600985758792,0.030509682201279063,5.783934709427747,7.297327442498075e-09,9.658450747745308e-09
CD151,14158.516,-0.16717770097723114,0.01841553451809854,-9.078080292099648,1.1050663020949276e-19,1.7229319072101876e-19
CD160,42.316772,-0.18805708481625177,0.02698814624922258,-6.968136421065561,3.2116672595237648e-12,4.503811388389883e-12
CD163L1,222.6098,0.17357405253694597,0.03371245706969362,5.148662174878474,2.6235089961816284e-07,3.3800797147995046e-07
CD163,2516.7114,0.7451557336312251,0.03414265938501626,21.824771328686886,1.3501119206913266e-105,4.483270036430389e-105
CD164L2,68.69816,-1.0024993131016908,0.05300235864310187,-18.91423964454389,8.706713302036873e-80,2.368519189152441e-79
CD164,16195.15,0.06677019054191294,0.015329049488633686,4.355794571047753,1.3258507954861796e-05,1.64883002536822e-05
CD177,503.27444,-0.3394378367164801,0.06309550361466919,-5.379746848356459,7.459065288438078e-08,9.696022871109108e-08
CD180,308.81976,-0.3717527443734054,0.033068828096897415,-11.241787682469583,2.541822330916606e-29,4.4275291611166304e-29
CD19,138.64677,-1.67847077943282,0.05595544936083173,-29.996556163978074,1.0882710476491996e-197,7.103594183741602e-197
CD1A,163.66914,-1.6142203910117603,0.05924660066647726,-27.245789173607626,1.864183914918978e-163,9.500105212474462e-163
CD1B,30.334158,-1.6581813546683255,0.06015799983241969,-27.563771390130505,3.0263533340017394e-167,1.5859337844772564e-166
CD1C,143.40167,-0.6357451476502889,0.044238299111877794,-14.370922038446864,7.877544411232561e-47,1.6272212527220345e-46
CD1D,177.90918,-0.03852711396297489,0.031567252319877594,-1.220477270956989,0.22228400067760778,0.23696093673659108
CD1E,99.04335,-0.8268018317922281,0.047065285193809356,-17.56712677693452,4.3989441565652416e-69,1.0980640520293251e-68
CD200R1L,0.48167512,-0.5256580119694093,0.06847021337866906,-7.677177943966665,1.6263145364238455e-14,2.3624786048557312e-14
CD200R1,59.3217,0.11987820941523301,0.03311211480690784,3.6203730904624694,0.00029417851683517543,0.00035401231967415397
CD200,951.29486,0.6997429797146055,0.028917748230658062,24.1976994243539,2.352312148142395e-129,9.377466814965934e-129
CD207,146.89853,-0.5173784369789843,0.046049366384380425,-11.23529980109509,2.735636423876214e-29,4.7634982854683405e-29
CD209,364.3631,0.6438418421511222,0.036104184356739705,17.832887063433517,3.926133931604867e-71,9.96163518364201e-71
CD226,52.052303,0.2180367172559202,0.02988725651772992,7.295307186411539,2.9797842614504214e-13,4.24055835166148e-13
CD22,547.1127,-0.23423421916646125,0.0427077368845713,-5.484585142020983,4.1444084446224875e-08,5.4090654224033094e-08
CD244,107.471565,-1.1784416152082424,0.03896390042854851,-30.244446840460775,6.1726432719989956e-201,4.15709045235288e-200
CD247,313.95917,-0.85369034923336,0.03452042784538917,-24.730004884553765,5.088482389928752e-135,2.1081891122620973e-134
CD248,2435.8623,1.0370805513377646,0.031811803486469316,32.600495340632655,4.035462391786868e-233,3.4607404732261515e-232
CD24,40964.62,-0.04981123145773327,0.03944143227734253,-1.2629163948071875,0.2066192273097477,0.22078207362615615
CD274,138.30786,-0.14062256800843925,0.0359054230348592,-3.9164715556174956,8.985441189648342e-05,0.00010949577852400227
CD276,5626.1357,-0.0011954521899846771,0.018901411685988242,-0.06324671457586815,0.9495700463613819,0.9516735538973798
CD27,476.105,-0.8182296869608741,0.03706465721510447,-22.075738680443852,5.407348151052461e-108,1.8293154039095556e-107
CD28,145.61945,0.03924267052101986,0.03176077747169283,1.2355702109621012,0.21661836329618078,0.23112694609019152
CD2AP,3498.0872,-0.18039464029991795,0.01884325344680874,-9.573433845123452,1.0341270031134721e-21,1.6502423308031963e-21
CD2BP2,3916.2117,-0.025873302617843732,0.011129226425411129,-2.324806920880661,0.020082286775383814,0.022644989003602276
CD2,700.65717,-0.6909826884508051,0.03573828778193313,-19.334521358914106,2.752098489041168e-83,7.687976555761408e-83
CD300A,494.75952,0.1475808110835,0.02627066435558447,5.617703803981954,1.9351185678885772e-08,2.5401082478171208e-08
CD300C,97.52858,0.186117290484695,0.0302174710995851,6.1592609742663225,7.308520057926782e-10,9.859141257575626e-10
CD300E,11.709259,-0.12932270558159423,0.053679815966881025,-2.409149570508639,0.015989743451687397,0.018114472591002375
CD300LB,53.59502,-0.2398043538931668,0.034460649049827506,-6.958788081629795,3.4321232633334923e-12,4.810312372174484e-12
CD300LD,0.21521668,-0.6949024447668194,0.14408656141310416,-4.8228123285869495,1.4154813929999515e-06,1.7960601857330017e-06
CD300LF,188.24078,-0.38669344443121545,0.03335045539479869,-11.594847502188047,4.37644465606995e-31,7.789826608928843e-31
CD300LG,103.65363,2.773696574340754,0.054184869035759614,51.18950407557942,0.0,0.0
CD302,2182.938,0.6045223091458485,0.02690156592936204,22.471640154078734,7.8633190697440905e-112,2.743604334891516e-111
CD320,2438.6284,-0.3448593390057916,0.021200619826226043,-16.266474368791158,1.7070802935708259e-59,3.928387893840674e-59
CD33,248.06398,-0.39416874918387146,0.0349709672087565,-11.271313911076907,1.8183593058990386e-29,3.1716909791636844e-29
CD34,3125.4792,0.9996524029981368,0.026244316857350673,38.090242867882004,0.0,0.0
CD36,2810.7285,1.639542642020599,0.044042558563974266,37.226325978293744,2.5601923614684718e-303,3.6373312133382145e-302
CD37,1298.5955,-0.5129626868944127,0.03217956606123611,-15.940634063189984,3.3097839547878135e-57,7.467186562004111e-57
CD38,351.29282,-0.14473703446101285,0.041221233846916304,-3.511225185508134,0.00044604638386424076,0.0005334268285415929
CD3D,496.8364,-1.5864102344589504,0.04203986398516784,-37.73585554460058,0.0,0.0
CD3EAP,1026.2385,-0.13199003217859565,0.012463786863075314,-10.589882002044154,3.320101029490744e-26,5.599232675563458e-26
CD3E,994.2497,-0.9524779266896837,0.037488841023633944,-25.406971799667446,2.111961260418426e-142,9.183558159089863e-142
CD3G,97.64125,-0.5239516529437963,0.04094833073294131,-12.795433747004928,1.7387892383906818e-37,3.302239748544393e-37
CD40LG,50.34489,-0.11855050390054639,0.03764832486986753,-3.148891864653194,0.0016389082784417613,0.0019243632066898793
CD40,1141.622,-0.11604936977896303,0.026702492750611775,-4.346012593760717,1.386346130032645e-05,1.7231148266993052e-05
CD44,20935.36,-0.29077284675424697,0.02821538508514095,-10.305471496377928,6.656445704333508e-25,1.1075398667417938e-24
CD46,11778.387,-0.2199128825940222,0.0188935118551636,-11.639597988974186,2.5923460903813198e-31,4.6251488961592575e-31
CD47,6066.4614,0.038524892377497885,0.01666580375660266,2.311613225508856,0.020799007150642514,0.023442782847806615
CD48,714.1283,-0.4832184457775087,0.03301762444865088,-14.635166940280989,1.675638999979308e-48,3.5086222771344986e-48
CD4,3127.7952,0.15955529686511924,0.02617020075033835,6.09683121605616,1.0819164739117614e-09,1.454678212413786e-09
CD52,1199.7994,-0.5662973640882093,0.036552787159014666,-15.492590527355963,3.8928338230094883e-54,8.555073812894016e-54
CD53,2068.088,-0.05865755190608827,0.028860464485667307,-2.0324534948222612,0.04210776720759714,0.04685314710496093
CD55,5948.5957,-0.04482920127488175,0.03202067564267619,-1.400007975320007,0.1615109302319705,0.17398809612110097
CD58,635.3329,-0.21484213190897822,0.018773731205975638,-11.44376307255291,2.5268274841887687e-30,4.459790268799232e-30
CD59,23616.72,0.22182205629473534,0.01949583199416556,11.377922027699004,5.38679724240378e-30,9.469804426051166e-30
CD5L,60.694427,0.3802515146293595,0.08379099914517418,4.53809500433985,5.676468751954946e-06,7.115332306430905e-06
CD5,327.89197,-0.6322820354120459,0.03486230861903964,-18.136550918682776,1.6400622207463893e-73,4.238926844252347e-73
CD63,33877.21,-0.1574773897396693,0.01852756907814704,-8.499625022335564,1.902041046644042e-17,2.881653048714544e-17
CD68,7698.7085,0.06447030596536397,0.02563425116609351,2.515006408716125,0.011903022006360418,0.013553334733081195
CD69,394.65356,-0.5244022664099093,0.036624536332271515,-14.318331886916887,1.6811005066641887e-46,3.459569919657962e-46
CD6,431.1291,-0.6852803771140809,0.03186975922119328,-21.50252759545079,1.4743539502907584e-102,4.774355348173938e-102
CD70,214.3688,0.310375720881177,0.054741857632608866,5.669806146591032,1.4295918133063736e-08,1.8804147646404225e-08
CD72,239.48112,-0.518930839977582,0.031214756038761768,-16.624536143520892,4.629355348533285e-62,1.0897103195836416e-61
CD74,106469.305,-0.2183112819813188,0.02706169960804959,-8.067168180241769,7.19474110921017e-16,1.0676997903812947e-15
CD79A,887.38696,-1.3288009057479455,0.04897282380952321,-27.133434472070366,3.971882539546466e-162,2.0035569034347496e-161
CD79B,402.3771,-1.0729973145382263,0.039639495663560745,-27.068894207062197,2.2890718424323455e-161,1.1492777716419266e-160
CD7,517.6486,-1.2636266105592329,0.03524934304986136,-35.84823151942978,1.959515724538574e-281,2.3563957847537407e-280
CD80,56.676453,-0.165464348321203,0.03422447255392668,-4.834679279877426,1.3336046925974592e-06,1.6932246920231788e-06
CD81,28201.215,0.2385575002899612,0.0163358291039095,14.60332982014788,2.6745661707843667e-48,5.591076360098462e-48
CD82,3171.9204,-0.20647883951139537,0.02380461128238273,-8.673900911971867,4.1756370203572136e-18,6.382266824133071e-18
CD83,1044.0916,0.057715834378829836,0.02388285623459321,2.416621940521131,0.015665278173402904,0.01775183114395579
CD84,308.65405,-0.00791641024348195,0.0362981224116432,-0.21809420756547548,0.8273557104764444,0.836269233918674
CD86,546.3766,0.19681791542952407,0.026791925098505524,7.346165484782679,2.0397381599121846e-13,2.912746664631561e-13
CD8A,810.94995,-0.652899582634761,0.037974990789287934,-17.19288323880074,3.0022360512584656e-66,7.302571537344217e-66
CD8B,387.4094,-1.516545705684844,0.043704983822092196,-34.69960569847537,7.98686450247358e-264,8.517788077834449e-263
CD93,3846.4404,1.1752215777683834,0.02487026986066474,47.254074216023476,0.0,0.0
CD96,466.94318,-1.026818922308895,0.037882564491808664,-27.105317078808742,8.523272197307946e-162,4.290932212289626e-161
CD97,4149.9404,-0.15489961621450624,0.024590254234927816,-6.299227927236634,2.99131856825825e-10,4.0589345995181093e-10
CD99L2,3299.58,0.6407304098695377,0.019636208067351602,32.63004790292768,1.5377981855832803e-233,1.3254882836701948e-232
CD99,7676.8,0.2268485165106136,0.021363515801057886,10.61850112233776,2.4445467427529303e-26,4.130511008026136e-26
CD9,18446.97,-0.4282667128732631,0.024587082059813217,-17.418362692710538,5.9865859301605704e-68,1.4805746228393956e-67
CDADC1,375.6134,0.3597844703871606,0.01395820114238606,25.77584795612552,1.6545446909799695e-146,7.426118907332717e-146
CDAN1,838.5636,-0.1264564129951542,0.011431715258832662,-11.06189317455648,1.9200152972314982e-28,3.312115864797159e-28
CDA,493.18002,-0.8693171831300305,0.038954559740488275,-22.316185548529933,2.5733020853724556e-110,8.857118707708845e-110
CDC123,2562.1924,-0.23530141230541943,0.010527118076421146,-22.35193056611119,1.1563454023482974e-110,3.993559973945544e-110
CDC14A,450.85583,0.3102182821960725,0.023108047094237038,13.424686254574858,4.334160392474839e-41,8.49924594783233e-41
CDC14B,1139.4503,0.6236602523331055,0.020071820429467032,31.071434428415,5.858582133328415e-212,4.2981936451327275e-211
CDC14C,21.725983,0.579057497475806,0.026120686479982624,22.168540551932356,6.911522321402947e-109,2.3534317267342803e-108
CDC16,3049.851,-0.0818738642193496,0.010312735040749144,-7.939102856404043,2.0364884789633263e-15,3.002452671678931e-15
CDC20B,72.26385,-1.381647031658914,0.07247785538984086,-19.063023101709735,5.122756524456801e-81,1.4082392665597626e-80
CDC20,1995.5012,-1.037955981361967,0.033382005191848585,-31.09327841143051,2.969055300586738e-212,2.186939105088473e-211
CDC23,1633.3531,0.08683843860616881,0.008601501851867898,10.095729804128453,5.7700266372880685e-24,9.479662064924772e-24
CDC25A,456.0934,-0.8291903556807857,0.026784589859319922,-30.957739507527382,1.9988993771867598e-210,1.4487572951279901e-209
CDC25B,4277.8584,-0.5184181645520214,0.021474072335848273,-24.141586022628193,9.151825582874059e-129,3.634133353651901e-128
CDC25C,225.92688,-0.851085671683047,0.03253233136845213,-26.161225952234645,7.344500665674715e-151,3.413072108022632e-150
CDC26,256.14066,-0.36335981842181825,0.02014015844875763,-18.04155708835709,9.191715180188144e-73,2.358932678097194e-72
CDC27,2866.5547,0.25545867601010963,0.010683353554995995,23.911843289193232,2.306405831450515e-126,8.986816521052829e-126
CDC34,2518.821,-0.32987187654001116,0.01545956359981693,-21.337722401421306,5.0705204143583955e-101,1.6165162091437923e-100
CDC37L1,785.99963,0.34433913528629145,0.014683568619100005,23.450643656092158,1.3020667418626068e-121,4.884609691833575e-121
CDC37,7853.535,-0.3158902803598647,0.010423700770579285,-30.305002734869323,9.84932905155053e-202,6.666306188846983e-201
CDC40,1295.8802,0.20246070261874183,0.011129388198998752,18.19153928308081,6.022478588227484e-74,1.5643230617214004e-73
CDC42BPA,3443.7615,0.5378403221578082,0.01888109919165661,28.48564676761378,1.7641877081880655e-178,9.990847719332635e-178
CDC42BPB,7216.5317,0.29172257421812164,0.012666901260390467,23.03030300949303,2.3176383614296212e-117,8.419842862302938e-117
CDC42BPG,1096.939,-0.5549213235102218,0.03323327082196655,-16.69776431224547,1.360684747017321e-62,3.2211838098285628e-62
CDC42EP1,5048.1133,-0.25560576148357395,0.023755846919208057,-10.759698963917005,5.334413714775264e-27,9.07826873017718e-27
CDC42EP2,755.08606,0.10331790696711604,0.021277581976777458,4.855716550869273,1.199521844471189e-06,1.5246014003988597e-06
CDC42EP3,1677.7045,0.529677090976998,0.023485939122674524,22.552944900790475,1.2564057782509258e-112,4.4048846632358535e-112
CDC42EP4,4943.755,0.2596844367840346,0.019847936005692544,13.083699821964109,4.0808318365468615e-39,7.86758100002439e-39
CDC42EP5,675.057,-0.8702408129038206,0.03839078585172276,-22.66796038676997,9.279484022571217e-114,3.2810179787344116e-113
CDC42SE1,5924.7417,-0.1838984986812938,0.013329548238357592,-13.796303925147349,2.6825810090333358e-43,5.369645734235541e-43
CDC42SE2,3569.7292,0.1889966065419229,0.014865308195066783,12.71393798647535,4.947859758869927e-37,9.351418198183516e-37
CDC42,11168.337,0.014103950430405575,0.010015759151777248,1.4081758773026103,0.15907899736501818,0.17145901357162396
CDC45,574.7512,-1.0891952976952508,0.032380582182907514,-33.63729816662147,4.782102749875948e-248,4.577283962610457e-247
CDC5L,2340.416,0.1481078980675115,0.010686461871927221,13.859395171434922,1.1161073213525458e-43,2.2437868031417478e-43
CDC6,1061.9689,-0.8952891232780107,0.029766418396035343,-30.077153098044754,9.642734031216332e-199,6.340969707413866e-198
CDC73,2154.1404,0.2666562301519499,0.011181077787341533,23.84888426890655,1.0399960138975362e-125,4.0337738325280896e-125
CDC7,491.64038,-0.2386583352440794,0.02343568796662364,-10.183542961656128,2.348515892612491e-24,3.879386211577907e-24
CDCA2,427.4777,-0.3749165354160086,0.033216827652345016,-11.28694586189782,1.5223495077154408e-29,2.657877851606094e-29
CDCA3,620.1617,-0.9699844540021785,0.02775837082788646,-34.94385387443985,1.605454344679316e-267,1.7572819894261396e-266
CDCA4,1206.3373,-0.7095904631222486,0.02249615392969344,-31.54274572177584,2.2546818689736265e-218,1.73546571532832e-217
CDCA5,1262.273,-0.8705760564991194,0.028236815154336344,-30.831241120527878,9.996157969784197e-209,7.145778795886112e-208
CDCA7L,1598.2616,-0.21799120051516557,0.0240473136267429,-9.06509574827263,1.2449486275558367e-19,1.9399853890860529e-19
CDCA7,1386.0287,-1.4514528636772819,0.037478703040800095,-38.72740372304773,0.0,0.0
CDCA8,1017.91046,-0.8568161682887336,0.029148045224467727,-29.395321768250067,6.302307803414066e-190,3.881085437680187e-189
CDCP1,3139.3247,-0.7186081665104018,0.033758390365835333,-21.286801850530715,1.5045131367575751e-100,4.780022308247109e-100
CDCP2,1.8470056,0.28642901439622037,0.020494521047663035,13.975882321430563,2.1878526125875396e-44,4.428563465864955e-44
CDH10,124.05909,2.7888617491705254,0.0860560748304253,32.40749423751916,2.15243348736462e-230,1.8108013788948882e-229
CDH11,2757.389,1.063812806353953,0.03235573061722229,32.87865197479754,4.4382108841115934e-237,3.9149712040566694e-236
CDH12,44.154125,-0.1081448484564909,0.04873643517382783,-2.218973301407286,0.02648854095581744,0.029733704875088897
CDH13,1084.665,1.0985829308152657,0.030887683383072923,35.5670225309714,4.533642602028211e-277,5.28639345559521e-276
CDH15,52.869766,0.11627765560252797,0.049125762792822436,2.3669384248119365,0.01793591660704569,0.02026625187050967
CDH16,2267.9036,1.5366885657113238,0.0992043291427591,15.490136156255499,4.0443307159139393e-54,8.887051165169119e-54
CDH17,2312.3044,-2.326423155784309,0.07888916906276255,-29.48976625591602,3.894691969511069e-191,2.415231002353818e-190
CDH18,71.342636,0.7943621526954207,0.0970933461205991,8.18142730098876,2.80501310086196e-16,4.186749392994769e-16
CDH19,160.17796,0.5440723866978221,0.07956972062457811,6.837681248936858,8.048522778117739e-12,1.1217132751896157e-11
CDH1,16834.982,-0.42313909492746327,0.03657982897037013,-11.567552578504626,6.017474022051496e-31,1.0697673211224798e-30
CDH20,170.18701,3.720647122813106,0.06843248047807829,54.36960777718675,0.0,0.0
CDH22,160.30988,0.46082557331307555,0.06718483389083306,6.859071409804471,6.930958876384985e-12,9.669525920943048e-12
CDH23,322.96558,0.419971905748157,0.03688027095652973,11.387440896059905,4.829664175548562e-30,8.495518658198823e-30
CDH24,588.73096,-0.150811200054632,0.023429043069554602,-6.436933834937843,1.2191104327048065e-10,1.6635301139032946e-10
CDH26,148.21463,-0.9511846708730626,0.04654692825890714,-20.434961155380762,8.175777602467357e-93,2.4488841578436505e-92
CDH2,1884.4874,1.2994422835068389,0.04582336799726987,28.357633676866765,6.739193600402256e-177,3.76931984919202e-176
CDH3,5585.4443,-1.0963736725044388,0.04517757773157907,-24.26809332316361,4.259878732537634e-130,1.7099146513354435e-129
CDH4,113.52272,1.7679209564535252,0.05769177032766674,30.64424867554634,3.1526466201866386e-206,2.2117413004955126e-205
CDH5,2194.423,1.2150303627478343,0.025319247689950884,47.988406986913574,0.0,0.0
CDH6,1271.2347,0.8883678814439868,0.04727371130794233,18.79200631524639,8.779651940978152e-79,2.3715660589939526e-78
CDH7,19.8415,0.22255128059237517,0.08769709058968653,2.5377270682061597,0.01115749611212042,0.012725083376094315
CDH8,47.68831,1.18160008316807,0.05213228697757023,22.665418144353612,9.831012091867853e-114,3.475422385454725e-113
CDH9,15.903887,1.1879271205163433,0.12492759824447089,9.508924666843335,1.9264354940313157e-21,3.0650437811021848e-21
CDHR1,765.4657,-0.5932993452559763,0.05271878106006258,-11.254041412301046,2.2121823716777312e-29,3.8559778172077854e-29
CDHR2,633.30896,-0.49272719487257105,0.07561454200367043,-6.516302047411111,7.206179872922023e-11,9.869533537357517e-11
CDHR3,215.33484,-0.22531523511858245,0.04129304132466964,-5.456494069957804,4.856274868482279e-08,6.332067378470009e-08
CDHR4,49.50777,-2.050799153457741,0.07923720169330185,-25.881771562247145,1.0683778736169023e-147,4.8497447333258674e-147
CDHR5,2071.4255,-0.18167415171005719,0.07646828907111838,-2.375810338074825,0.01751046069240338,0.01979650539963574
CDIPT,4994.2954,-0.063093101740065,0.011140499937216384,-5.6633994969376324,1.4840310570201727e-08,1.9508870852891905e-08
CDK10,2285.4514,-0.3908598345694193,0.01700649065688222,-22.982979996007895,6.898759100666904e-117,2.4955905566893657e-116
CDK11A,1250.645,-0.33618086832908045,0.014087981442418802,-23.86295508005444,7.430120398336279e-126,2.8846266435874966e-125
CDK11B,1991.3236,-0.1909827157635375,0.010175790501082988,-18.768341952717243,1.3709796347862612e-78,3.6983933198109837e-78
CDK12,2865.9292,-0.08682592639522056,0.015687647267814072,-5.534668450466693,3.118176255878922e-08,4.078832587602093e-08
CDK13,2281.73,0.026811343749709952,0.010029354918305585,2.673286962930574,0.00751119672392468,0.008612325642170678
CDK14,1304.9802,1.1009770989829222,0.02353825427922449,46.77394873564072,0.0,0.0
CDK15,7.8625393,0.8959961260851725,0.051570199878775064,17.37430004520772,1.2917282035907767e-67,3.1865133281115505e-67
CDK16,5562.829,-0.2364589648544367,0.013628970505245003,-17.349730470356313,1.9817181973406533e-67,4.882115292795058e-67
CDK17,1430.4105,0.5047331131780394,0.013572738631643861,37.18727125572804,1.095977497437987e-302,1.553830492363508e-301
CDK18,2423.443,0.5238865692037297,0.028436353349761592,18.423127704175958,8.5705063456381e-76,2.2613651981706335e-75
CDK19,1839.4952,0.32087692392193345,0.019839738351844615,16.173445346475535,7.7632741646111665e-59,1.777468496596027e-58
CDK1,1696.5046,-0.8199125267302435,0.02821308052948581,-29.061432191828313,1.1034458075593275e-185,6.597666136887034e-185
CDK20,436.54843,0.3637927943534426,0.020327712942593237,17.896395692954574,1.258050450770504e-71,3.2015811409045863e-71
CDK2AP1,6561.8877,0.238804023041386,0.01721695965530974,13.87027836635131,9.590388604902352e-44,1.9291643277068174e-43
CDK2AP2,3710.7183,-0.5234945147613236,0.017147140265111053,-30.529552255804866,1.0565638273461806e-204,7.314037048942839e-204
CDK2,2397.041,-0.47215475176001803,0.025156511108874874,-18.768689732712907,1.3620348647635928e-78,3.6752376158677253e-78
CDK3,414.87305,-0.4186975269521365,0.02118316806246531,-19.7655764103591,5.892150169202431e-87,1.6924137315856702e-86
CDK4,7447.962,0.16939592446575377,0.02022811462420765,8.374281420327334,5.556184264937372e-17,8.367361154660845e-17
CDK5R1,727.74,0.7265677978974634,0.03530414835465219,20.580238633676604,4.126450987467302e-94,1.2460755807452804e-93
CDK5R2,228.6443,0.17470694491124075,0.07585326909740653,2.3032223527095694,0.021266335787129685,0.0239562513301706
CDK5RAP1,1193.3805,-0.330777298700567,0.009420249978765234,-35.11343111341976,4.204974984169756e-270,4.7089706107102345e-269
CDK5RAP2,2932.0479,0.10886313024948097,0.013774959268744474,7.902972932667216,2.723287403111e-15,4.004869130304598e-15
CDK5RAP3,5324.2075,-0.3488073415653939,0.014731401240985667,-23.67781148984952,6.1047522396832245e-124,2.3362152414983226e-123
CDK5,904.8542,-0.2533071085441415,0.014694570353745247,-17.23814323564625,1.3737877562354184e-66,3.354797280700118e-66
CDK6,3435.497,-0.3391771963477982,0.030964823808414504,-10.953629138869147,6.383758943983318e-28,1.0951963288156767e-27
CDK7,979.0284,-0.265859604384747,0.011918561568392431,-22.306349877807108,3.206164298365781e-110,1.1027926837376065e-109
CDK8,434.37436,-0.07687084483874879,0.017959818481049675,-4.28015711405208,1.8676142122032095e-05,2.313382681080868e-05
CDK9,2875.9268,-0.20769072726795657,0.010897338428826342,-19.05884896797916,5.548199016612976e-81,1.5245752973305923e-80
CDKAL1,761.968,-0.060548676330268156,0.013798858382998614,-4.387948238157829,1.144249983156067e-05,1.4248186793317657e-05
CDKL1,83.42057,1.0757373628781992,0.028164462544178533,38.194847893539844,0.0,0.0
CDKL2,189.19566,0.7226927467694719,0.044705478377227575,16.165641728992274,8.811556471302497e-59,2.017028088590595e-58
CDKL3,77.02147,0.6729871168339431,0.018903065276418312,35.602009885322595,1.304129766939493e-277,1.5267842395124288e-276
CDKL4,2.1552181,-0.47452562239575585,0.05261389714590352,-9.019016802345007,1.897848944873669e-19,2.951742297072806e-19
CDKL5,95.96329,1.1281661439398785,0.03182656070732534,35.44731566550371,3.190486684573231e-275,3.686442588605358e-274
CDKN1A,8554.021,-0.03231663797267718,0.02438026737961238,-1.3255243459594486,0.18499729999607628,0.19842790319899464
CDKN1B,3227.7551,0.32238783166351614,0.01449768003635695,22.237201459477607,1.500263308686043e-109,5.130834991019511e-109
CDKN1C,1018.0326,0.18952339153328784,0.028434331478170177,6.665301474690558,2.6412261630129943e-11,3.64264486199577e-11
CDKN2AIPNL,916.44446,-0.14688766673992423,0.012233062033571685,-12.007432508460637,3.247721429372658e-33,5.8983372507223856e-33
CDKN2AIP,960.7083,0.1847607956370447,0.012043226798516231,15.341469419126765,4.0394657377010997e-53,8.799431088578717e-53
CDKN2A,1354.3519,-0.6336595427756522,0.044421346680368595,-14.26475310024064,3.628739330754571e-46,7.452587918373077e-46
CDKN2BAS,45.170834,-0.47179797981427185,0.040883884464904076,-11.539949933555778,8.297350185040561e-31,1.4726331829591211e-30
CDKN2B,1256.8204,-0.269262206421865,0.03295511755792744,-8.170573385106715,3.069271775826475e-16,4.578495316826729e-16
CDKN2C,1151.7372,0.44066873078060204,0.025884122486148183,17.024673369414966,5.389234957950588e-65,1.2987622456074341e-64
CDKN2D,572.1909,-0.26580626894453563,0.02107987063225017,-12.609482931924527,1.8721725574688946e-36,3.5181429848171704e-36
CDKN3,443.61505,-0.6709875088086843,0.029955412425655623,-22.399541667936113,3.976479077020997e-111,1.3801080383407855e-110
CDNF,57.13917,0.4372596322009056,0.02306711193738804,18.955976517033275,3.9416921130467015e-80,1.0747142055647221e-79
CDO1,946.50604,0.9555761905422768,0.05633301549282987,16.96298666390234,1.5429820942355267e-64,3.7039939224786095e-64
CDON,905.0993,1.0159111771478593,0.029606196639770488,34.31414002645545,4.829074128343746e-258,4.970430747166346e-257
CDR1,38.589718,1.6386576854067643,0.05248291770112008,31.222686488937185,5.2444722557933125e-214,3.921124151880134e-213
CDR2L,1653.4186,-0.1256329038561105,0.02617499698386909,-4.79972944919667,1.5888011616293302e-06,2.0129692482177818e-06
CDR2,1541.0155,0.16996023700246624,0.016778448850638904,10.12967518722652,4.080024836411506e-24,6.719400230100457e-24
CDRT15P,15.232423,-0.5933206892601883,0.02510103934733387,-23.637295693224292,1.5947126918563777e-123,6.078778448512264e-123
CDRT15,0.63426477,-1.465837163996338,0.08942141672786945,-16.39246186914291,2.1649605350026497e-60,5.019523007871421e-60
CDRT1,17.538002,-1.3925241951789922,0.042611726379251536,-32.679365834307966,3.0678183623132615e-234,2.653258880133207e-233
CDRT4,511.4758,-0.2520165888911865,0.019428406463093295,-12.971552215047783,1.7740104146724124e-38,3.397975165332171e-38
CDS1,1703.4324,-0.18099396090608683,0.02989403162928762,-6.054518278115569,1.4083848348670348e-09,1.8890115852861166e-09
CDS2,1936.6184,0.2513514051698041,0.012625843841616864,19.907691582665418,3.490311792851467e-88,1.0113757157794337e-87
CDSN,501.4201,-1.787128405062587,0.05273093889701663,-33.89145807839385,8.90092335099464e-252,8.745844522340727e-251
CDT1,1152.4164,-1.1056667953829193,0.027823619765745936,-39.73842385325154,0.0,0.0
CDV3,7800.4653,0.059764220339082214,0.011632055851126548,5.13788973367886,2.77840821870704e-07,3.5771588518722965e-07
CDX1,711.1492,-3.525384523594375,0.06803327780628383,-51.818531125789086,0.0,0.0
CDX2,775.3901,-3.6586903469741308,0.10382269454970341,-35.23979379308627,4.917700595023634e-272,5.571478375853432e-271
CDX4,0.22114326,-0.1815075606763902,0.3712004833681897,-0.48897447284936546,0.6248597694546476,0.6400120765873708
CDY1B,0.041607622,-0.4251715638465019,0.41532083766159367,-1.023718352877191,0.3059683242155442,0.3226065105756002
CDY1,0.018510306,-0.41846880577901513,1.1569836456079015,-0.3616894736304968,0.7175840940849565,0.7303551752974868
CDY2B,0.15907447,-0.33589880043318004,0.20844484302568542,-1.611451718149675,0.10708130257720515,0.11672475446641964
CDYL2,147.96367,0.42000076154734595,0.029682922791587265,14.149575649820529,1.8788761470504988e-45,3.836714090050261e-45
CDYL,1407.8915,0.046359586503821125,0.012757264053612946,3.633975616479598,0.0002790872494062363,0.00033601048555065435
CEACAM16,2.421553,-1.3948336674974993,0.07725819179147393,-18.05418474279423,7.31337477834342e-73,1.8778281890817717e-72
CEACAM18,1.9662912,-1.5792913392999925,0.18422579494328467,-8.572585287452224,1.0118736446748055e-17,1.5403570758138452e-17
CEACAM19,297.878,-1.0131971809345157,0.030500373742212927,-33.21917264024333,5.691958274985114e-242,5.203528447257384e-241
CEACAM1,2477.51,-1.0096961303527694,0.040061537175975055,-25.20362925460297,3.6550207129043513e-140,1.5652622358859843e-139
CEACAM20,14.593688,-0.9165347830685917,0.11712122671001979,-7.825522399435231,5.0555316506756365e-15,7.402054575771685e-15
CEACAM21,68.43185,-0.3220394337829884,0.03388268240728597,-9.504543645981776,2.0092705776658632e-21,3.1958390383358836e-21
CEACAM22P,5.5559373,-0.8265400543046257,0.06094467628407249,-13.562137084000508,6.715073140808051e-42,1.3248587467168438e-41
CEACAM3,16.12866,-1.5721396512972146,0.049943304906299245,-31.478486540824093,1.711389093481779e-217,1.3088719216452118e-216
CEACAM4,25.504665,-0.8043177572663869,0.04290442619188193,-18.746731483349244,2.0586086799499959e-78,5.542345162007665e-78
CEACAM5,20457.254,-2.26016186079812,0.08972214066470087,-25.190681408778836,5.067577526191333e-140,2.1674540095741458e-139
CEACAM6,13933.757,-1.2202538214735208,0.07703464773135953,-15.840324547583746,1.6397235216008437e-56,3.6753419769097848e-56
CEACAM7,775.6942,-3.0068668741167994,0.09001029662269151,-33.40581007883015,1.1289340702121705e-244,1.0557633778341561e-243
CEACAM8,10.13369,-2.125557107466138,0.08829356903846956,-24.07374773286185,4.709564999233975e-128,1.8603421385216242e-127
CEBPA,2855.978,-0.509371144137457,0.03291525073117648,-15.475232083071868,5.098905424545491e-54,1.1194717517343003e-53
CEBPB,3557.9497,-0.2852484129673354,0.023140250641156733,-12.326937049679096,6.48658024283915e-35,1.2016404655501572e-34
CEBPD,3558.6006,0.06938134546281999,0.02560440044343555,2.7097430231219475,0.0067335355728487395,0.0077359094141203925
CEBPE,10.51495,-1.4124696635989493,0.04416582266475288,-31.981056354831345,2.000040864528187e-224,1.6100763922866493e-223
CEBPG,2845.097,-0.24606044094896123,0.015250850976373558,-16.134210565046843,1.4667096297367703e-58,3.3506217854365916e-58
CEBPZ,2631.9556,0.037885879594899086,0.010735433563446872,3.5290497930048117,0.0004170546515995515,0.0004991074331010621
CECR1,3227.023,-0.03436947144362181,0.027062635919490218,-1.269997185265656,0.20408563278141578,0.21821224714021553
CECR2,182.94067,0.4979630716818984,0.04547895734595948,10.94930712447697,6.695782376053661e-28,1.148630210600577e-27
CECR4,8.462166,-0.0071306217787555646,0.029759006919168884,-0.23961222221304926,0.8106308888124731,0.8202193859814692
CECR5,1726.4054,-0.27382737371070304,0.014097821952499204,-19.423381472211034,4.895770564675178e-84,1.3747999024306476e-83
CECR6,201.45663,0.9810074826396948,0.03976798018595682,24.668275282085258,2.3432849546900816e-134,9.665100970935042e-134
CECR7,94.46186,0.07643450141442422,0.043889132798893775,1.741535923360754,0.08158968205321845,0.0894258054870242
CELA1,1.2644055,-0.6464446255466636,0.07581676664148682,-8.526407207570497,1.509631699231247e-17,2.2902080301526792e-17
CELA2A,85.93455,-1.6792226661504226,0.254960009257699,-6.5862198194900445,4.511657165195143e-11,6.197478458012813e-11
CELA2B,12.600434,-0.9624881688653092,0.20579268691516533,-4.676979455844703,2.911314116000473e-06,3.6711950503346938e-06
CELA3A,206.25226,-1.7318290378805181,0.23850525184991767,-7.261177791465543,3.83734160990265e-13,5.452190511271412e-13
CELA3B,73.55936,-1.88027108333306,0.16792489411899758,-11.197095542014353,4.213209386175555e-29,7.320707509870114e-29
CELF1,4004.6685,0.09772294563665998,0.010770657021222022,9.07307190676586,1.1570787597268538e-19,1.803749346805438e-19
CELF2,2355.4492,0.6364940457084267,0.03067312591790863,20.750869911723182,1.2039336636583457e-95,3.683078205622879e-95
CELF3,345.591,0.6189117737540925,0.09049921267393736,6.838863626184135,7.98238272623482e-12,1.1126477469766856e-11
CELF4,264.21585,0.5199913797023945,0.05407710905981788,9.615739242406642,6.86146901220278e-22,1.0976086086228992e-21
CELF5,177.56723,1.7273142852079588,0.05087930901469486,33.94924810612265,1.2513164078165774e-252,1.2366772207154223e-251
CELF6,233.06332,0.2267470663585228,0.03208633341559128,7.066780221399266,1.5856978772140634e-12,2.2342877072600952e-12
CELP,66.37437,-2.9548663930068635,0.11928383318866166,-24.771725673280372,1.808818443840483e-135,7.516990140467114e-135
CELSR1,4542.0215,-0.392452608437193,0.03322239762038507,-11.812892402334814,3.3484064475932977e-32,6.022103080084094e-32
CELSR2,4568.661,0.22661341333554494,0.030133804105122074,7.520239148864239,5.4676137475425984e-14,7.885184407892595e-14
CELSR3,760.9317,0.06985041898565211,0.03444470739389919,2.02789990888481,0.042570464453473095,0.04735763541928085
CEL,880.53784,-1.8938009586004088,0.05257490431144654,-36.02100628432514,3.9237847595397376e-284,4.803628016805142e-283
CEMP1,514.4253,-0.3422975471936426,0.02015374307008694,-16.984316313017576,1.0729661124476694e-64,2.5781325484860265e-64
CEND1,355.82526,1.4596049426553743,0.05814203608321854,25.104125018364435,4.4833808670833e-139,1.904781950604109e-138
CENPA,348.6177,-0.9099401191136675,0.03370223312627186,-26.999401366206296,1.5020106376658532e-160,7.493122904248739e-160
CENPBD1,639.1285,0.10581660219447385,0.012360827485567688,8.560640646269327,1.1224204921873e-17,1.7072363691028197e-17
CENPB,5549.9146,-0.04535754388721928,0.01204516065202947,-3.7656238216778832,0.00016613376534321537,0.00020118470905439696
CENPC1,637.001,0.16840302304504748,0.014041416899476045,11.993306961160838,3.852131870389793e-33,6.988553978726235e-33
CENPE,662.27045,-0.6179079510207327,0.03069330300585352,-20.131686410644416,3.8951055344442e-90,1.1448022748051028e-89
CENPF,3156.1519,-0.497477133496837,0.031143318346216427,-15.973799836178182,1.9456324203815442e-57,4.402214986280046e-57
CENPH,471.2215,-0.6598955884854387,0.021070304293772775,-31.318749804693972,2.592765584738486e-215,1.957215963651866e-214
CENPI,130.84288,-0.5913533431033493,0.03282759807392037,-18.013908351496035,1.515409776387604e-72,3.8842034039374576e-72
CENPJ,525.8215,-0.2792340972179765,0.019482263359975962,-14.332733936429092,1.3663402758591394e-46,2.81494856063714e-46
CENPK,272.06345,-0.6807470588862906,0.02821376316689958,-24.128190729443133,1.2651811553763818e-128,5.013200300176674e-128
CENPL,386.60757,-0.24177730826890978,0.017844548609291775,-13.549085133092957,8.022375157142591e-42,1.5818647537459178e-41
CENPM,516.982,-1.325167739471617,0.027108719563414246,-48.88345007855166,0.0,0.0
CENPN,1146.2205,-0.4832035304043763,0.022312477826427014,-21.656202155731332,5.31269658768276e-104,1.7408850769134606e-103
CENPO,337.0923,-0.28215823900780146,0.018106616491992317,-15.58315652913875,9.475769552981535e-55,2.0930583956726815e-54
CENPP,247.63116,-0.6265931885898152,0.02274812074359426,-27.544833072255443,5.1032419757996394e-167,2.6688133415182344e-166
CENPQ,308.95035,0.04297800946707374,0.01659192166616688,2.5902972742881,0.009589308341079347,0.01095990167383565
CENPT,1424.8542,-0.2549208281328928,0.015260786516175618,-16.70430471343599,1.2194107374208991e-62,2.8887576452352904e-62
CENPV,537.2013,-0.3713115864039273,0.0316794311086051,-11.720904492602072,9.960282576413905e-32,1.784262146706649e-31
CENPW,614.8088,-1.13187022017229,0.03018788335665162,-37.49418953293037,1.1454662790561625e-307,1.675326722363823e-306
CEP110,1071.211,-0.25998158945837735,0.020387606616008257,-12.751942606850232,3.040723656007035e-37,5.7587063174555564e-37
CEP120,990.8066,0.37731579889914585,0.01342972825635707,28.095564682817795,1.109797679776987e-173,6.0901269440915576e-173
CEP135,465.04318,-0.029765214955715866,0.01889140844745407,-1.5755953315236917,0.11511909272253561,0.12522492032154853
CEP152,273.1638,-0.42250294859734844,0.02243568435630016,-18.831738844583338,4.1491071124679297e-79,1.1231441524097137e-78
CEP164,1225.9469,-0.011060610413495266,0.011801683453347818,-0.9372061585296689,0.34865252251986134,0.36598178427336203
CEP170L,14.488736,-0.586971015498935,0.042555680206486944,-13.793012181942766,2.807863983384434e-43,5.6171074813524314e-43
CEP170,2249.0483,0.7542078527914167,0.019772497528541936,38.14428863641049,0.0,0.0
CEP192,1268.7725,0.06213151725077829,0.015597252316751648,3.9834911937693187,6.791018917228522e-05,8.302807718944e-05
CEP250,2173.3237,-0.21766250684913202,0.013605205430033067,-15.998472641114908,1.3094834100585823e-57,2.965821865099864e-57
CEP290,874.6799,0.26846996950985164,0.01813755348450155,14.801884374276714,1.4243562032324993e-49,3.011889067470965e-49
CEP350,2689.4924,0.21861357384288463,0.014556117370503692,15.01867347441702,5.540541810096705e-51,1.1843751649701683e-50
CEP55,996.36053,-0.9835304070271436,0.032522230061705536,-30.241788621538493,6.689958594648676e-201,4.501020060424732e-200
CEP57,1755.2032,0.0854369572204964,0.011560125719446446,7.39065986771877,1.4610191890134525e-13,2.092205786672637e-13
CEP63,1109.4418,0.16143087619599056,0.010310678241586952,15.656668980792885,2.9916089710615996e-55,6.634658719155023e-55
CEP68,1526.3643,0.5498541676051389,0.013457051030530345,40.85993033374631,0.0,0.0
CEP70,955.3418,-0.06395254775906999,0.017972267666246176,-3.5584016968086694,0.0003731183846388778,0.0004473421584631596
CEP72,248.57376,-0.5987760782086352,0.01873254622330266,-31.964478884551095,3.3997867033131247e-224,2.730424358688438e-223
CEP76,323.675,-0.1688021000275477,0.014001438572299968,-12.056054037297338,1.802121865589698e-33,3.2819929386833044e-33
CEP78,594.78467,-0.022199497055083457,0.014820877781770993,-1.4978530544518647,0.13417143301513373,0.1453517908133405
CEP97,320.2589,0.36794242556538925,0.020690171269417097,17.78344029994853,9.49694969322726e-71,2.4021418661251557e-70
CEPT1,1317.7246,0.07809047770766249,0.010185965076397204,7.666478053082354,1.7678339707574225e-14,2.566592869617797e-14
CER1,2.6884727,1.4904785805664709,0.09379830232044903,15.8902511420138,7.403038738845072e-57,1.663926536588064e-56
CERCAM,3117.7073,0.38324618245845893,0.025708288772531708,14.907494849207636,2.9459979386364266e-50,6.264630460904429e-50
CERKL,241.58101,-0.14579742879601534,0.0307997245390251,-4.733725089368291,2.2043625015612617e-06,2.7862802613326953e-06
CERK,2544.911,0.14745719186020897,0.017690828588894328,8.335233769252467,7.734522427504963e-17,1.1627197969546893e-16
CES1,9708.313,-0.5329698096555415,0.06461796619567868,-8.248012759200456,1.6105017801111246e-16,2.4112520768703035e-16
CES2,6625.313,-0.1981464336702876,0.031112624900388866,-6.368682626576166,1.906586614164502e-10,2.594145350382617e-10
CES3,619.1257,-0.1074248290245242,0.045833334945164166,-2.343814369018733,0.019087668805967455,0.021538956280938444
CES4,142.84573,-0.6224616481222089,0.07302287891719002,-8.524200323957343,1.5386913027854886e-17,2.3341193825653648e-17
CES7,11.150139,0.030049232651647724,0.09445474682710314,0.3181336424166382,0.7503835652968804,0.7621761627359404
CES8,246.87886,0.26667734154724687,0.034476287908966285,7.735094400284661,1.0332640580660579e-14,1.5055985512572914e-14
CETN1,0.40906352,-1.1420603445524173,0.2352933125003612,-4.8537730733450575,1.2113434409464985e-06,1.5395306270197743e-06
CETN2,2901.983,-0.014941249404895607,0.014668516438400296,-1.0185930845590718,0.30839618873311514,0.32508222048345714
CETN3,619.8171,-0.001366366308418011,0.012502679350683067,-0.10928587945777889,0.9129757460702532,0.9169391354271761
CETN4P,5.725932,0.7024103335037075,0.03313550562238065,21.198117255506123,9.939382036232858e-100,3.140221584041973e-99
CETP,157.04823,0.6518366792502543,0.040232531480000285,16.20173166518951,4.902682808434876e-59,1.124534917721109e-58
CFB,21207.047,-0.24811698586413894,0.047133903500719596,-5.264087364636603,1.4088744637755635e-07,1.8228964224980423e-07
CFC1B,33.331467,-0.47794855567757866,0.1280726796176505,-3.7318541089672768,0.00019007557906413697,0.00022968593982471302
CFDP1,2153.9365,0.09935261398596743,0.013206350994369903,7.52309355008989,5.3495117576218085e-14,7.717595654295806e-14
CFD,1355.2239,0.47090581397738096,0.038581631703027155,12.205440599352183,2.9073044478093694e-34,5.3463834570455205e-34
CFHR1,1387.5413,-0.4622090399969747,0.1128334519868262,-4.096383048273128,4.196553414683946e-05,5.157719949867217e-05
CFHR2,845.35583,-0.3324286741711273,0.304198234357183,-1.09280277340728,0.27448040367959536,0.29059524381242235
CFHR3,134.2739,0.02367001704669905,0.07416374135285926,0.31915888566194206,0.749606032315355,0.7614580168838669
CFHR4,65.36848,-0.2171705443030281,0.15277311669714194,-1.4215232954469856,0.15516468616076848,0.16734639219934763
CFHR5,220.76044,0.3423259176642115,0.19606462727479299,1.7459850990073138,0.08081354114972046,0.08860851380154884
CFH,8907.048,0.17391406928952688,0.04263276758189628,4.079352084178986,4.516139431149135e-05,5.547488999563488e-05
CFI,3633.2268,0.3741208050568826,0.03960813913770899,9.445553696833496,3.535301864262392e-21,5.6059826041372415e-21
CFL1,41353.47,-0.3445612089947106,0.011616450654301636,-29.661487768393155,2.4114310706556547e-193,1.5185377410293372e-192
CFL2,1879.6003,1.3255815197893632,0.023079346663901115,57.43583382551867,0.0,0.0
CFLAR,2289.467,0.06486348777472191,0.017785267062240793,3.6470347927713185,0.00026528401456893153,0.00031956199352753547
CFLP1,4.5987277,0.11204251183568788,0.030220108507994916,3.707548297056787,0.00020927551305463204,0.000252677035362309
CFP,223.48343,-0.6635899962492265,0.037589171070798434,-17.653754454956413,9.521097884042006e-70,2.387486535548851e-69
CFTR,1288.5981,-1.157071719309095,0.07370986326978628,-15.697651141667215,1.5694640376302434e-55,3.487145950247094e-55
CG030,112.54577,-0.6676928850524002,0.0278552361825812,-23.970103167530514,5.703341540179748e-127,2.235117043628864e-126
CGA,59.93569,-1.7259517008526744,0.10332606893860767,-16.70393269174082,1.2270392439933642e-62,2.9064912121536827e-62
CGB1,5.6390543,-2.2098274003091043,0.14850793062410197,-14.880197919547753,4.431865040332008e-50,9.41153023428803e-50
CGB2,5.7182446,-1.7796000906897333,0.07407437378735811,-24.02450401806095,1.5423687132489147e-127,6.071362071352409e-127
CGB5,19.82759,-1.2556930821013512,0.09218564404395381,-13.621351731324252,2.989821359769623e-42,5.919456682247375e-42
CGB7,29.968908,-1.4463529799767534,0.05078821999729211,-28.478119139711314,2.186615745682628e-178,1.2372793209103008e-177
CGB8,10.2081175,-1.4265020069746273,0.1127407648502176,-12.652938880358093,1.0776683481106698e-36,2.030564544117087e-36
CGB,19.463665,-1.1366559712015052,0.08358298837336055,-13.599130556616691,4.052219260760142e-42,8.008846901253834e-42
CGGBP1,4174.4487,0.31367938585124755,0.010279646618653476,30.514607893431286,1.668030475295176e-204,1.1519481833966925e-203
CGNL1,2539.7375,0.9983223911088224,0.03671586283646931,27.19049244614793,8.414224429049279e-163,4.265567608341989e-162
CGN,3097.165,-0.3764927068835797,0.035221356121833323,-10.689330234226732,1.1419261399265084e-26,1.9364046545696973e-26
CGREF1,710.2416,-0.019508015001409782,0.03645529497103898,-0.5351215788243505,0.5925657892476921,0.6086804693891908
CGRRF1,445.2852,0.5888338005035009,0.013390477429788546,43.97407064766617,0.0,0.0
CH25H,264.77628,0.8101766690186937,0.03624009291929041,22.355811030148903,1.0600840742383358e-110,3.6623539228607293e-110
CHAC1,336.94427,-0.9186316204315026,0.03205065174438606,-28.661870209625572,1.1403578941076172e-180,6.567622734409329e-180
CHAC2,145.0607,-0.44418253929327617,0.021334101984046082,-20.820306363278924,2.833680899489972e-96,8.725182914808884e-96
CHADL,321.93152,0.6823680157392908,0.03397944859805323,20.081786017516055,1.0649622688270301e-89,3.1200988388328544e-89
CHAD,268.37378,-0.1555827201976678,0.05209987391829548,-2.9862398600360742,0.002824310200296659,0.0032889167401384018
CHAF1A,1291.5923,-0.6285495383840284,0.018004864493802147,-34.90998438785226,5.2452964329665604e-267,5.716755357535664e-266
CHAF1B,558.2058,-0.5360003181364824,0.022086199101946164,-24.268563172069378,4.211500301986188e-130,1.690828922266551e-129
CHAT,3.0861835,-0.6033175064864168,0.1163625026541643,-5.18481033601958,2.1623480479474595e-07,2.789635885442135e-07
CHCHD10,2380.951,-0.6446664902606261,0.027199166618020836,-23.70170010405766,3.4630415179256953e-124,1.328761067912726e-123
CHCHD1,1466.4972,-0.46831525366504834,0.012651152196959375,-37.01759700413729,5.967754533849117e-300,8.265137044532937e-299
CHCHD2,10502.207,-0.24191930995442562,0.014043129399793663,-17.22688035317685,1.6691403263746117e-66,4.0697039406779303e-66
CHCHD3,2054.8357,-0.0003160028611081332,0.011731728049755811,-0.026935747211998377,0.9785109817012186,0.9792805916755203
CHCHD4,646.5171,-0.1568733896594992,0.01090028534234003,-14.391677349046558,5.836307416772525e-47,1.2070437088386007e-46
CHCHD5,915.30804,-0.41436768021638265,0.015316005278433296,-27.054553239143903,3.376252059749516e-161,1.6921988105475233e-160
CHCHD6,521.1515,-0.38076715157947105,0.020096838789437584,-18.94661919563156,4.708806743647805e-80,1.2831829272376611e-79
CHCHD7,1311.0612,-0.19013705295442768,0.014063359076914035,-13.520031161442121,1.191253289985072e-41,2.3459784997877814e-41
CHCHD8,2181.7004,-0.301742093391531,0.012535957111513793,-24.07012808893487,5.139096285117901e-128,2.0288319036012285e-127
CHD1L,2054.5557,-0.07272669678450068,0.014094445102409656,-5.1599545960179,2.470097400565399e-07,3.1836359191004664e-07
CHD1,1817.1523,0.08818005670264437,0.015212645831106032,5.796497051310979,6.771437486681774e-09,8.96648427911247e-09
CHD2,4574.9224,0.24369746944389548,0.01126738440387353,21.628575071967596,9.672499488693977e-104,3.1603661866525547e-103
CHD3,8295.999,-0.007928712728454588,0.017335568732226848,-0.45736674988430565,0.6474074593093504,0.6622735636659163
CHD4,13295.052,0.1068350348442433,0.009818835126370728,10.880622137886128,1.425864408170387e-27,2.4390164246295505e-27
CHD5,194.52968,1.6658972321909564,0.05866286899813748,28.3978138240025,2.1518044050957347e-177,1.2078463160558055e-176
CHD6,2978.171,0.3207147538514971,0.01540073271927581,20.824642547694193,2.5885015412959802e-96,7.976283166224439e-96
CHD7,1832.3962,0.272098143709042,0.021443553204138006,12.689041835498358,6.8012732683535966e-37,1.2843625124794627e-36
CHD8,3760.6287,0.15604530109354725,0.010471264447993378,14.902240495268021,3.1871034343521754e-50,6.775215497543692e-50
CHD9,2312.8171,0.5819504167698479,0.01744323865020334,33.36252105700933,4.7957789011438524e-244,4.4603591890538006e-243
CHDH,1166.9081,0.13367406297982481,0.03751551104880364,3.563167853582729,0.0003664062223650891,0.0004394500312890044
CHEK1,577.7075,-0.45858099045900114,0.019389214391027636,-23.651344567689634,1.1433075664259237e-123,4.363816787563813e-123
CHEK2,591.50867,-0.7907024678462075,0.020787377372320014,-38.03762512625033,0.0,0.0
CHERP,3508.279,-0.11871414777788762,0.010647741744730554,-11.149232449842042,7.222669269519931e-29,1.251777676497457e-28
CHFR,1158.0641,-0.25156051420047815,0.014010893075891687,-17.95463806895609,4.4144993975967405e-72,1.1270979838935545e-71
CHGA,16611.42,-4.0745589477025765,0.09115137355473302,-44.70101534186926,0.0,0.0
CHGB,11442.615,-2.6359586461796343,0.07689552353957302,-34.279741197458414,1.572781224017139e-257,1.6139240393026678e-256
CHI3L1,8923.31,0.9512116311996004,0.051382754174199526,18.5122741372479,1.6441078361470505e-76,4.3623604113277464e-76
CHI3L2,909.65485,0.9194144691280168,0.05081512744306095,18.093322114723286,3.597334864923346e-73,9.261272194609814e-73
CHIA,38.021908,-0.20678788040360357,0.10523711416916116,-1.9649710279132777,0.04941759088697954,0.054813006421575404
CHIC1,647.08,0.5618203114364465,0.01861232342726833,30.185393759778606,3.6831794616012864e-200,2.4577466620367286e-199
CHIC2,517.9358,-0.04439071108617328,0.013073149337014655,-3.3955636810854495,0.0006848743997512624,0.0008143057819620365
CHID1,3882.2747,-0.16231651352922363,0.013231635091461521,-12.26730577190477,1.3569377920232572e-34,2.503933337061678e-34
CHIT1,1027.3729,-0.7772543474170225,0.05586058950056146,-13.914180898667569,5.195168488766406e-44,1.0475233758818982e-43
CHKA,1633.6372,-0.11529338671693909,0.01864588025066326,-6.1833169132810415,6.276852379468871e-10,8.473605039029689e-10
CHKB-CPT1B,948.8269,-0.5632010887371987,0.021699833251554602,-25.954166661481153,1.631675911445148e-148,7.449941664299567e-148
CHKB,620.13885,-0.13876153425392085,0.016347173507772168,-8.488411417909493,2.0948081864443753e-17,3.172049079049538e-17
CHL1,1522.1434,1.1085857377218076,0.0495315988618441,22.38138406987281,5.976060358660163e-111,2.0681049267714135e-110
CHML,1121.4021,0.07729555698215834,0.021389846748591127,3.6136564179567823,0.0003019090794375715,0.00036322934335595783
CHMP1A,5263.1865,-0.3242308602850614,0.011015117247757866,-29.43508026217867,1.954360966425579e-190,1.2053570104652642e-189
CHMP1B,4099.745,0.057352439403394545,0.012178932088568909,4.709151753726034,2.487498233072838e-06,3.1396761641122074e-06
CHMP2A,5520.214,-0.37276488592075596,0.014225999041122518,-26.20307261677859,2.4515550696292546e-151,1.1434412293833216e-150
CHMP2B,2304.7556,0.1711323871777923,0.013262225236513771,12.903746100362394,4.2873749666988234e-38,8.181335359173432e-38
CHMP4A,2277.3586,-0.19946982739131516,0.01249012318047062,-15.970204977898327,2.0610746112666293e-57,4.661861794331441e-57
CHMP4B,8486.942,-0.31150882220883297,0.011200628845061237,-27.811726155553178,3.1294965934234215e-170,1.6766689775133537e-169
CHMP4C,927.3352,-0.5924822665925756,0.03553171389284204,-16.67474494417599,2.0006355506817796e-62,4.7268120199988805e-62
CHMP5,3611.0107,0.06537138729419763,0.011691180277076838,5.591513067536286,2.2509934955928208e-08,2.951502323486458e-08
CHMP6,1327.6466,-0.15691287699533008,0.013385782670628147,-11.722353549011169,9.791339353726994e-32,1.7543067667211818e-31
CHMP7,2176.7039,0.08467154403208742,0.010597764687279165,7.989566340694598,1.3541424195247215e-15,2.0019595903786074e-15
CHM,1119.7056,0.4195991251459239,0.013829439447682867,30.34100743802946,3.30173383586759e-202,2.2444073176770703e-201
CHN1,985.3073,1.4492568829738062,0.03150705095578449,45.99785886046984,0.0,0.0
CHN2,580.70264,0.2074415888027179,0.030879645317836647,6.71774518999724,1.8455805444675387e-11,2.5520732394766434e-11
CHODL,139.05276,0.4718600924932745,0.0470610377409999,10.02655519604462,1.1651071522409343e-23,1.904795351519568e-23
CHORDC1,1120.8193,-0.21100511587413462,0.014675000115005584,-14.378542706679518,7.056477815599124e-47,1.4585059070840869e-46
CHP2,251.58968,-2.1568803097948592,0.07738110854253707,-27.873473906220962,5.595861281894856e-171,3.015514553681773e-170
CHPF2,3653.8623,-0.2328674652945324,0.012888463563699682,-18.067899571086414,5.704446551392485e-73,1.465818848161045e-72
CHPF,8202.294,-0.17935633307757803,0.02057425411034389,-8.717513262724069,2.843785107004292e-18,4.3573884995484594e-18
CHPT1,2682.2114,0.3057939049914492,0.02320696727488901,13.176814590604955,1.193235255419399e-39,2.310985213573397e-39
CHP,6964.9033,-0.15546810603153907,0.014570466533202113,-10.670084288465969,1.4049887651232346e-26,2.380704641626628e-26
CHRAC1,1833.0365,-0.23331137135785926,0.01268102434040399,-18.398464122057387,1.3514116789869005e-75,3.5597606899332786e-75
CHRDL1,1223.0068,2.224304137167364,0.05009866118595667,44.39847462013349,0.0,0.0
CHRDL2,310.81894,2.086526302654014,0.05790958424689971,36.03075949842827,2.760517677402249e-284,3.385625264712794e-283
CHRD,577.27856,0.4813470846990683,0.03610019966662927,13.33364051013883,1.4751944027150452e-40,2.880909625407732e-40
CHRFAM7A,131.01825,-0.23455829207866685,0.03719823913730605,-6.305628909284277,2.8702599205929774e-10,3.896227611905082e-10
CHRM1,354.5083,0.5858675746128401,0.07218531266260311,8.116160379483391,4.811647219131139e-16,7.158226213685849e-16
CHRM2,15.62622,2.94612492236403,0.09092779181838412,32.40070899608464,2.6823082393642207e-230,2.2519222039264402e-229
CHRM3,134.4691,0.014511284004636525,0.04194885344806444,0.34592802453117083,0.7293968068536785,0.7421184203265387
CHRM4,26.574396,0.28058922554198723,0.045378713005453125,6.183278611455311,6.278376193245223e-10,8.475100180233356e-10
CHRM5,9.661908,0.6294181604818083,0.036731931135287145,17.13544975796677,8.072627189765566e-66,1.9558564436086774e-65
CHRNA10,31.024004,-0.46741230909045794,0.02224672505581163,-21.01038727803009,5.270321586210061e-98,1.6449252977717404e-97
CHRNA1,104.81657,0.5702727305899125,0.05145544944581485,11.082844222173943,1.5196695607723215e-28,2.6259508222512045e-28
CHRNA2,252.3494,0.3205998554864638,0.09949944109420712,3.222127199517799,0.0012724263241870129,0.0014997584400001966
CHRNA3,404.77588,-2.6396578840922587,0.06096518953548141,-43.297788528255,0.0,0.0
CHRNA4,130.86353,1.3101276805945608,0.08319747638237387,15.747204573528663,7.178512930967766e-56,1.6012637751897966e-55
CHRNA5,207.33537,-0.7130771260014674,0.03172285793417493,-22.478338095549447,6.762385956986516e-112,2.361499411634451e-111
CHRNA6,16.41783,-0.10386081279038298,0.04962571297937593,-2.0928830349207628,0.036359597034230445,0.040579159961621404
CHRNA7,41.212112,-0.4130823156158242,0.0484365572323478,-8.528317023736607,1.484921383662258e-17,2.2532245993873377e-17
CHRNA9,20.898005,0.3171558030794759,0.0730254588064495,4.343085387797182,1.4049549544544179e-05,1.7460308825379988e-05
CHRNB1,548.13873,0.2613019585366001,0.021453333513568484,12.180016610068348,3.972009629801595e-34,7.296412889391922e-34
CHRNB2,211.2571,0.809220437381358,0.05430934984594692,14.900204839070625,3.285706386076575e-50,6.9833694868079125e-50
CHRNB3,0.76879394,0.7152864728212924,0.10712537965797789,6.677096268923452,2.4372286285375043e-11,3.363580372044133e-11
CHRNB4,58.78434,-0.9811111130844522,0.05499993790853556,-17.838404012674193,3.5571136783411003e-71,9.032087475348772e-71
CHRND,7.0101357,-0.309506851989694,0.11588075673657068,-2.670908101621131,0.007564635396794821,0.008672133118044134
CHRNE,63.51354,0.05233292304032965,0.028080902371922865,1.8636481957451465,0.06237112474523904,0.06884324904788948
CHRNG,6.477708,-0.4918224092486418,0.0643556468442326,-7.642257258932637,2.13446157241048e-14,3.095782799223834e-14
CHST10,845.78394,0.593528384619226,0.026406073274899786,22.47696499363283,6.974779640085451e-112,2.4348343397205023e-111
CHST11,668.53485,-0.0613842096228855,0.0272283352950278,-2.2544238917938895,0.02416951365763748,0.02717101759005198
CHST12,927.469,-0.13875687682964094,0.014691851213666039,-9.44447876660855,3.5717755036353e-21,5.6629372695670946e-21
CHST13,213.59196,-0.1615150156680587,0.05127552284450281,-3.149943807650019,0.0016330186853449197,0.001917668997804535
CHST14,1372.0056,0.17718085154548782,0.01434166627719002,12.354272378188615,4.6191656181687084e-35,8.56636844783173e-35
CHST15,2220.254,0.6110008760684682,0.0245524232296614,24.885563040080193,1.0663709666966472e-136,4.469888101910035e-136
CHST1,799.0732,0.5718024644897984,0.03840456810151673,14.88891797919258,3.8901417310739554e-50,8.26629741184998e-50
CHST2,1538.3817,0.1427846642293714,0.03256294914594662,4.384881221581399,1.1604908296964943e-05,1.4449533852235904e-05
CHST3,1764.4852,0.5988754947821103,0.02553344064975942,23.454555263305377,1.1877363391100771e-121,4.45735006966674e-121
CHST4,90.03877,-0.7430514186718041,0.06265358409290124,-11.859679369180625,1.9170782820823736e-32,3.4548815388966136e-32
CHST5,137.6979,-1.784830318257156,0.050467981985554154,-35.36559711795177,5.773375477329328e-274,6.629450160346745e-273
CHST6,415.6501,-0.04298474834654285,0.04506943213815316,-0.9537450619475293,0.3402127043701342,0.3574911199107903
CHST7,323.78873,0.3816536194189468,0.027577099727004246,13.839512609994342,1.4720127333402986e-43,2.955493810461059e-43
CHST8,135.39351,-0.10154765441804092,0.05996659606593515,-1.693403679381536,0.09037865501587021,0.09891511866832069
CHST9,444.60724,1.3293964955591397,0.061429660948675455,21.64095446774241,7.395647556687258e-104,2.420318093660117e-103
CHSY1,2571.3015,0.47304859212894307,0.016765515994301157,28.215570119627646,3.7669859602183793e-175,2.082891557959967e-174
CHSY3,171.21669,0.8471402081848811,0.02921400909621931,28.997738906520453,7.025992011106141e-185,4.1788539688609387e-184
CHTF18,1017.84,-0.9052734229072573,0.021396354039267165,-42.30970478642647,0.0,0.0
CHTF8,4608.6157,-0.029317977558956442,0.009008098491441205,-3.254624445637679,0.0011354240268414844,0.0013408409374980152
CHUK,1176.7858,0.09624478111751408,0.010823727977438464,8.892017733458532,6.000911395613178e-19,9.275875415935669e-19
CHURC1,2470.0625,0.4443309905428384,0.011072947580971123,40.12761618292332,0.0,0.0
CIAO1,4252.703,0.06693249211517219,0.0072562600935438485,9.224103222915673,2.8594352949154405e-20,4.4912238211065766e-20
CIAPIN1,2144.902,-0.200172179397211,0.010913860605045775,-18.34109731112618,3.8886813820554445e-75,1.0197020125871561e-74
CIB1,5586.6777,-0.5907060908860771,0.01596882911326773,-36.9911962045663,1.5863625781572918e-299,2.1836886902436987e-298
CIB2,437.90146,-0.2138696143849789,0.025768899125786133,-8.299524684427293,1.0452874988994138e-16,1.568933072109493e-16
CIB3,2.2716424,-0.8643915163501557,0.08802463076186914,-9.819882331441669,9.245139638915072e-23,1.4961987115156754e-22
CIB4,4.1204147,0.36301455624312196,0.0964836512276527,3.762446296591646,0.00016825944613108005,0.00020372251345719054
CIC,4331.302,0.12759888437430614,0.012998546590678839,9.816396278165925,9.570376791200349e-23,1.548710762992194e-22
CIDEA,36.986626,1.455686422843214,0.0875990100012401,16.617612719853874,5.196087545928961e-62,1.2222662778459587e-61
CIDEB,1348.7361,0.06866579728631034,0.027479017486533346,2.498844702870523,0.012459889977421566,0.014170766999068524
CIDECP,278.6205,0.07384382346626729,0.014065385505275634,5.250039072058851,1.520669520661506e-07,1.9667944076708976e-07
CIDEC,128.97676,1.6000136088027836,0.06357271291547613,25.168244918698075,8.92351518142199e-140,3.808676007936484e-139
CIITA,993.9998,-0.48483756597820227,0.03155460670775225,-15.365032765852497,2.808966068046449e-53,6.124195778470513e-53
CILP2,387.96713,0.5456708448341879,0.042834173430049284,12.739147300818127,3.582893050541439e-37,6.780453580216876e-37
CILP,1391.9786,1.392911100240894,0.05138786451721226,27.105837405917914,8.403744806208355e-162,4.231804118466384e-161
CINP,1070.4727,-0.18975873504538113,0.011454797309481166,-16.56587453435927,1.2297902435278681e-61,2.8801679015281107e-61
CIR1,1785.5874,0.07046592060104195,0.010321647687174255,6.827003084846942,8.670683189336255e-12,1.2076789974118958e-11
CIRBP,12370.214,0.23495849263847848,0.019395494965204343,12.11407561704384,8.896143085040712e-34,1.6274290328721705e-33
CIRH1A,2225.373,-0.09916012850680288,0.012499732389197136,-7.93298011663848,2.1394869647029147e-15,3.152708100346456e-15
CISD1,1115.2434,0.02760611082208013,0.01585767769385881,1.740867190961456,0.08170686088363016,0.08954941756728178
CISD2,1473.156,-0.13137176106444023,0.011477339969039274,-11.446185389543436,2.4572250070085745e-30,4.338071793070375e-30
CISD3,2402.779,-0.4150656031724942,0.018173793657355684,-22.83868800306864,1.8932510746676222e-115,6.775302975770454e-115
CISH,1362.5944,0.06368469759817565,0.0277387387881307,2.2958757456350574,0.021682986911152863,0.024416146599787674
CITED1,818.0094,0.2987122676312785,0.06131766841702042,4.8715529364186105,1.107244870368312e-06,1.4088118439990292e-06
CITED2,3615.4631,0.6986711814809635,0.024590568690861025,28.41216038003308,1.430879345029132e-177,8.038430625123646e-177
CITED4,1457.9679,-0.8948008121779635,0.03453677269559727,-25.908640047656572,5.3224148114710886e-148,2.4208901507314543e-147
CIT,1831.3207,0.12220821536990577,0.027944092110606226,4.373311356339305,1.2237599405736239e-05,1.523079143546791e-05
CIZ1,4529.92,-0.02173141990640659,0.010554456856106464,-2.058980410141475,0.03949611515995232,0.04400489293172819
CKAP2L,391.3295,-0.4953763617300349,0.03258117532956578,-15.204373590553246,3.3077965296048693e-52,7.14140292112678e-52
CKAP2,1641.3225,-0.346128336503527,0.01995474387724284,-17.345666706264524,2.1269604072372617e-67,5.238662827358264e-67
CKAP4,6680.983,-0.28725673837832677,0.01801237558493691,-15.947743096060528,2.953800738349248e-57,6.668488493241554e-57
CKAP5,5609.046,0.06111137299771442,0.013926786010484306,4.388045666222545,1.143737642472559e-05,1.424267824521306e-05
CKB,11780.3,0.4553249465618946,0.03817585274963817,11.927040622981504,8.556141725330831e-33,1.547432614249004e-32
CKLF,901.95355,-0.28201540133421027,0.01600789176769863,-17.617273119204384,1.815476029991126e-69,4.5462824716592043e-69
CKMT1A,833.71326,-1.6813080990682148,0.04719700267629341,-35.62319646863336,6.12891476940911e-278,7.195996297024226e-277
CKMT1B,1822.2179,-1.4715618281185334,0.04330562066402461,-33.9808506506641,4.273659105189861e-253,4.2421953058293697e-252
CKMT2,277.6167,-0.14844527062688315,0.05304894744048532,-2.7982698581045606,0.005137716806528311,0.005924262373363722
CKM,229.11264,-0.19899409204750992,0.0666522591253572,-2.9855565986630537,0.002830627501887163,0.0032958962145222047
CKS1B,1888.1167,-0.7267363618994953,0.021264249585209633,-34.17644055518316,5.41437303377868e-256,5.486870114221012e-255
CKS2,1516.2672,-0.8337088637157571,0.02277279519659139,-36.60986086769646,1.9929623835220126e-293,2.6093068274035146e-292
CLASP1,3193.8767,0.4057465977192803,0.012150320414567648,33.393901055712874,1.68100102069468e-244,1.568446369400687e-243
CLASP2,2565.333,0.9356969022981638,0.019287285375640555,48.513665042771116,0.0,0.0
CLCA1,556.1518,-4.789071704481981,0.16712281902230205,-28.656001212155793,1.3495155396779933e-180,7.76782212957429e-180
CLCA2,3505.3008,-2.199227212439706,0.08018029187480444,-27.4285259010236,1.2533551187354507e-165,6.496195738883666e-165
CLCA3P,6.3065248,-2.4227590913366517,0.07538595155907514,-32.13807136782098,1.2964332423272264e-226,1.0587278130982752e-225
CLCA4,560.1678,-3.485597649987172,0.08714534740639092,-39.99751855635555,0.0,0.0
CLCC1,1739.4531,0.21612855547967474,0.009873866021231989,21.888949578101307,3.3105469288913255e-106,1.1058150110795489e-105
CLCF1,497.35803,0.0582879372410718,0.029788100779178362,1.9567523848923791,0.05037658767949612,0.05586453230387611
CLCN1,14.688623,-0.9874735752457304,0.04770212467764127,-20.70083003469602,3.4045626628899764e-95,1.0382488204580142e-94
CLCN2,455.71933,-0.5205637961905197,0.021969875542894732,-23.694435372387673,4.114892991118322e-124,1.5770916115620843e-123
CLCN3,2949.5715,0.41151893926115135,0.01822243033601523,22.58309850403521,6.353476117781681e-113,2.232489131548451e-112
CLCN4,673.30334,0.9498830629894098,0.030285256327879154,31.36453767158619,6.164365505401045e-216,4.674127274654e-215
CLCN5,1323.6451,0.6160001309572345,0.026959544456892817,22.849055626373545,1.493327295824877e-115,5.348812529151772e-115
CLCN6,1142.7046,0.7114739903916085,0.01672972855457478,42.5275274533402,0.0,0.0
CLCN7,5678.5664,-0.3849085384594472,0.018039846696930692,-21.336574801654816,5.196490611357383e-101,1.6564169775579297e-100
CLCNKA,158.1161,2.0390182265316006,0.05952874217710224,34.25266773595479,3.980227792993089e-257,4.069987827099262e-256
CLCNKB,295.95325,2.76306880138284,0.06635255456562267,41.64223697898723,0.0,0.0
CLC,18.457685,-1.884492032233385,0.08993143257020048,-20.95476496232116,1.6976496543071126e-97,5.275904337053656e-97
CLDN10,682.8454,0.43873237363906686,0.06391463146020426,6.864349580302887,6.679487961105783e-12,9.321248570851508e-12
CLDN11,595.6061,1.8923555247030661,0.042069397491689836,44.98175960511134,0.0,0.0
CLDN12,2448.8347,-0.04346383452423891,0.01756084741854217,-2.4750419776636896,0.013322051650890909,0.015137782528352291
CLDN14,104.206436,0.09452885738112943,0.054908610963608676,1.7215670861493755,0.08514796980038468,0.09324050759283732
CLDN15,730.4709,-0.36251634920141873,0.03070877325909256,-11.80497658251722,3.6789337984497995e-32,6.611883227634133e-32
CLDN16,179.76192,2.305284450125667,0.06959440943595636,33.124563722996804,1.3166434007775188e-240,1.1924173930796043e-239
CLDN17,4.7110596,-4.092112893708913,0.17470743531322286,-23.422660211183345,2.5117526010108445e-121,9.40014176543746e-121
CLDN18,2385.9316,-0.083764413365633,0.08427106188721141,-0.9939878706849985,0.32022877258362004,0.3370837899296789
CLDN19,85.37212,2.2498005471244675,0.075475232097385,29.808461459536424,3.034965044365583e-195,1.9418244292344093e-194
CLDN1,8022.166,-0.5560014227164214,0.045264177185754984,-12.28347574804474,1.1111965684328117e-34,2.052517776875668e-34
CLDN20,9.911015,-0.8413636070219646,0.04286298210416969,-19.629143044158777,8.717253638717713e-86,2.4818146669088785e-85
CLDN22,11.028415,-4.505091295267737,0.29969677001517525,-15.032164994769948,4.519884393825539e-51,9.670063721510524e-51
CLDN23,474.8042,-0.4414427722069151,0.03201669068808671,-13.787895085958219,3.0142721101784363e-43,6.027064023877704e-43
CLDN25,0.501881,-0.35263294320727706,0.1262085515133745,-2.7940495234184506,0.00520525065377329,0.006001795212106836
CLDN2,2566.8994,0.20473576106562297,0.06994725700947817,2.927001998632775,0.003422466813594815,0.003971840726100259
CLDN3,5979.9355,-0.9931999452746223,0.054529199759087,-18.214093543690982,3.989700438672857e-74,1.0372405980199299e-73
CLDN4,14658.15,-0.7924972768071649,0.04336095154702422,-18.276750129611777,1.2675761521712116e-74,3.31108325404846e-74
CLDN5,1183.5404,1.0454427598245817,0.03208172416134348,32.586863304693466,6.295635127118418e-233,5.394479610816662e-232
CLDN6,415.30118,-0.5940304212152158,0.07889733148836378,-7.5291573239435445,5.106882278421189e-14,7.370171993079818e-14
CLDN7,5356.2363,-0.8706633846280577,0.03883105705804304,-22.42183063228556,2.4106469178316796e-111,8.38516326672393e-111
CLDN8,488.65253,0.6973454884179737,0.08393281441281239,8.30837728124036,9.70196409487287e-17,1.4568689113992974e-16
CLDN9,179.92168,-0.30447226157863116,0.046392358429959216,-6.562983040370918,5.2741848322193276e-11,7.238094303953711e-11
CLDND1,3475.3958,0.5706562480501263,0.01799090077805542,31.719159317814146,8.457620904919172e-221,6.620096270790059e-220
CLDND2,12.7703,-0.22116398219993896,0.03280175214961718,-6.742444159420309,1.5574410789161796e-11,2.1556831141243116e-11
CLEC10A,222.39764,0.16279744047287129,0.03708081353373507,4.3903416607826795,1.131726992840769e-05,1.409569916018917e-05
CLEC11A,903.13336,-0.31149237409293357,0.030253106917822143,-10.296211061530114,7.329144037457042e-25,1.2185712001518001e-24
CLEC12A,144.21089,-1.136259106256767,0.04482174433028009,-25.35062218649862,8.845562472410299e-142,3.8275623034176677e-141
CLEC12B,12.746253,-1.6068992425272632,0.05503622251645838,-29.197120897000627,2.1094915700717766e-187,1.2762894167932036e-186
CLEC14A,1085.9379,1.071728722730096,0.02530655712424288,42.349843065116666,0.0,0.0
CLEC16A,1925.7249,0.09764580362942385,0.011949768827751098,8.171355030957567,3.0494478368265584e-16,4.549256870370917e-16
CLEC17A,23.934477,-0.0889661008148768,0.051288615601380975,-1.7346169275912633,0.0828086791722487,0.09073745421247639
CLEC18A,337.4448,1.6866555740122462,0.05054365249530987,33.37027481677857,3.7016887512080524e-244,3.4475151548876826e-243
CLEC18B,264.95203,1.7456390076899815,0.05620302406886421,31.059521024190655,8.485729869719461e-212,6.207724556867356e-211
CLEC18C,95.16543,1.8878241058089908,0.06923080075731738,27.268557999590325,1.0013773840534098e-163,5.115945335493945e-163
CLEC1A,167.7576,0.5582362516698155,0.030605160106097165,18.239938942799505,2.4873604276473745e-74,6.477381804358263e-74
CLEC1B,4.0686064,1.0402148068112431,0.1489319903443464,6.984495435843953,2.8588153728290922e-12,4.0131436375527466e-12
CLEC2A,3.3077912,-3.0553808562383318,0.1530165163383442,-19.967654011168253,1.0528357522920244e-88,3.0616602029586237e-88
CLEC2B,704.1318,-0.3648266953027596,0.030133056933660383,-12.107191650218098,9.675026187550242e-34,1.7688026055346208e-33
CLEC2D,1337.3542,-0.5587511492994625,0.017354995913423023,-32.195406561133375,2.046511674011916e-227,1.6820723121198465e-226
CLEC2L,56.23134,0.1821887166424643,0.06593878818976402,2.7629976474263787,0.0057273179264661,0.0065951620851200975
CLEC3A,249.7264,-0.3097281855533711,0.1373669731927517,-2.2547500199976325,0.02414902404490656,0.027150981915741806
CLEC3B,1121.222,1.4493587044397147,0.03807724346822172,38.06364569560588,0.0,0.0
CLEC4A,126.403,0.08875508221485669,0.025621638599698994,3.464067369051852,0.0005320732396304003,0.0006347775614201768
CLEC4C,3.1493511,-0.5331338361541993,0.06581776043890944,-8.100151579132536,5.489075219518288e-16,8.158872920652174e-16
CLEC4D,19.881313,-1.2453081281692726,0.05368640822723271,-23.195966526544115,5.000684286623752e-119,1.8416955750971956e-118
CLEC4E,124.67988,-0.04118274685026939,0.03808610796976357,-1.081306256941881,0.27956090510163667,0.29575870229496054
CLEC4F,27.615437,0.349214050180939,0.039968896924391824,8.737145056605856,2.3907542080003814e-18,3.665163021135524e-18
CLEC4GP1,14.850548,-0.2611497009791503,0.06318952905079943,-4.1328002424136825,3.583701710446819e-05,4.411693259341322e-05
CLEC4G,30.50357,0.9654305905481827,0.05593329588709029,17.260391601042937,9.347486761112891e-67,2.2856771915625433e-66
CLEC4M,13.767515,0.4185427280106371,0.08150376750428147,5.135256207495569,2.8175991115753415e-07,3.6262406165094113e-07
CLEC5A,226.33997,0.09268239231882631,0.036879257885953046,2.513130622244114,0.011966501852971406,0.013624091892665521
CLEC6A,5.608256,-0.34384628905266074,0.056753524452817596,-6.058589177814314,1.373206105374662e-09,1.8420704420717364e-09
CLEC7A,510.55814,-0.256301922203783,0.03172917427924955,-8.07779994361218,6.594567526914391e-16,9.792764425999276e-16
CLEC9A,31.261602,0.6061230756452507,0.045580480440673324,13.29786500241411,2.38172452993728e-40,4.642812112695622e-40
CLECL1,32.135147,-0.7816671568902119,0.038573463563594076,-20.264375678930612,2.653040354973052e-91,7.858758706081239e-91
CLGN,515.1391,-0.09107693420777092,0.04898541562759353,-1.8592663355185906,0.06298939623574797,0.06949930186232348
CLIC1,16517.738,-0.4574730669933045,0.01652254460172189,-27.687809476128095,9.790378675600454e-169,5.202879651697981e-168
CLIC2,707.7439,0.6195213591618288,0.027826601509054225,22.263637151674768,8.321455187692204e-110,2.852129733438141e-109
CLIC3,907.1234,-0.28330259079028625,0.050241376522107674,-5.638830191398614,1.7120926552518815e-08,2.2485159571844314e-08
CLIC4,10991.007,1.132177282053384,0.020587289373931658,54.99399466774806,0.0,0.0
CLIC5,1174.5842,0.9137292062146153,0.04257672073705453,21.460769885441096,3.622556153845417e-102,1.1682499720598581e-101
CLIC6,1567.4324,-0.2996088518262746,0.04962822902291494,-6.03706514870671,1.5694237283696148e-09,2.101960245107361e-09
CLINT1,4684.471,-0.044467022093040605,0.013672885299697719,-3.2522047189281755,0.001145135108246728,0.0013517600550121839
CLIP1,4323.1406,0.23219980956440708,0.016096758476190402,14.425252755569796,3.5895250795024897e-47,7.430517650593918e-47
CLIP2,3079.7507,0.947962402373868,0.027150455026971197,34.91515709155387,4.377997613901806e-267,4.7740574944524296e-266
CLIP3,2365.485,1.726531797329194,0.034673991790158745,49.7932804442557,0.0,0.0
CLIP4,1292.9585,0.4747038148837179,0.02723385300552145,17.430652019289205,4.8292206965359755e-68,1.1955022393090457e-67
CLK1,3307.5513,0.14478974015331428,0.016067627274914648,9.01127077918749,2.036824336271551e-19,3.166682448427072e-19
CLK2P,53.7587,-0.4287991872529439,0.022168880921944776,-19.342392101916136,2.3625719457317624e-83,6.605273584613149e-83
CLK2,1762.8882,-0.24476829672531075,0.012020079713749946,-20.36328398432472,3.540398139437906e-92,1.0559473442838605e-91
CLK3,1981.9401,-0.21777114984629772,0.009351432547990559,-23.287464110842837,5.939807359686933e-120,2.1999006373634033e-119
CLK4,877.27405,0.31824642951584153,0.016736212840718367,19.01543871033738,1.2706943446594367e-80,3.479029876670451e-80
CLLU1OS,4.4470778,-1.1849839094605203,0.06419335114954602,-18.459605056292514,4.3652176301444064e-76,1.1544747432074561e-75
CLLU1,4.4262066,-0.47461067018421155,0.04660504278653321,-10.183676310696425,2.3452986871335984e-24,3.874386235909845e-24
CLMN,1932.63,0.29642252139598774,0.024944736925263833,11.883168873822573,1.44773012621132e-32,2.6136683195474206e-32
CLN3,2785.3909,-0.4112660327816555,0.01425152170772038,-28.8576926181057,4.057208648928156e-183,2.3817967382793636e-182
CLN5,1681.0918,0.4721592043883545,0.014800310412189528,31.90197983952313,2.5064747949232004e-223,1.9995815184107147e-222
CLN6,2571.6057,-0.6426001497900692,0.014537813859118493,-44.20197947348279,0.0,0.0
CLN8,1076.8586,0.3933485690102414,0.016825783869605263,23.37772623603,7.201992669355694e-121,2.6849545642814972e-120
CLNK,8.047119,-0.3842892763695105,0.05933232167840212,-6.476895990223786,9.36286844276965e-11,1.2801789027961538e-10
CLNS1A,3894.8135,-0.11320734558900776,0.013059066158417103,-8.66886990353755,4.3643027020563604e-18,6.669632090614431e-18
CLOCK,694.4033,0.3683930565600562,0.021191135887627718,17.38429966725567,1.0850466238799738e-67,2.6779566269332508e-67
CLP1,585.6872,-0.17820622641540546,0.009806739538905191,-18.171811916532263,8.630082163142977e-74,2.2379294708881398e-73
CLPB,898.13855,-0.14591466655099397,0.015391058323991073,-9.480482984301801,2.531087977941616e-21,4.019220040785692e-21
CLPP,2202.612,-0.37184588159060356,0.012982382638898579,-28.642344932621,1.996633081494158e-180,1.1473173272971935e-179
CLPS,84.47816,-1.1333851840363254,0.16489569730408132,-6.873346015489228,6.271319955294256e-12,8.755849881349319e-12
CLPTM1L,6313.8047,-0.2839875813629152,0.013442857198105245,-21.125537315306964,4.633249820670972e-99,1.4550105367737209e-98
CLPTM1,7687.414,-0.11704463881662651,0.011424799468349442,-10.244787152796839,1.2489948258890146e-24,2.071044605006878e-24
CLPX,1560.832,0.1317710839418593,0.011591123255097936,11.36827562280511,6.016442052655019e-30,1.0568485224331626e-29
CLRN1OS,1.4437695,0.26533705785671213,0.06457174907832687,4.109181827099848,3.970633614334574e-05,4.882708972833872e-05
CLRN1,1.5096402,-1.064008709235134,0.13744192877670244,-7.741514679729177,9.823935094873483e-15,1.4317810480100882e-14
CLRN2,0.122623876,-0.30111404180686235,0.16267898755697677,-1.8509707143425638,0.06417376634940777,0.0707715567470664
CLRN3,402.83997,-0.4210928483221355,0.07604872502348435,-5.537145405029463,3.0744130235486815e-08,4.022361978435036e-08
CLSPN,328.85422,-0.4817903522094966,0.03491106891455754,-13.80050417214797,2.5307644334049275e-43,5.066755147968426e-43
CLSTN1,15146.628,0.03648108536269912,0.016016289620887462,2.27774885608479,0.022741545063514338,0.025598226126394008
CLSTN2,611.7631,0.517012284099354,0.04781864452854703,10.8119393428374,3.022124812497027e-27,5.1534834624027955e-27
CLSTN3,4077.4153,0.11658521765736837,0.022367082757796076,5.212356878177707,1.864564095230032e-07,2.4082129299491355e-07
CLTA,6833.009,-0.3051780737014299,0.012141576965142006,-25.134961840425202,2.063795547479343e-139,8.788289803625171e-139
CLTB,4634.6836,-0.7533566431810377,0.019491847609703336,-38.64983239485237,0.0,0.0
CLTCL1,355.9804,0.09128356956565978,0.026534334784902178,3.4402056921961877,0.0005812722391208485,0.0006927020320920953
CLTC,22611.686,0.1888305979785302,0.012393956098555325,15.235700084538852,2.0492031939186265e-52,4.4297863479495984e-52
CLUAP1,988.8459,0.32078424403906186,0.01343836322306129,23.870782379848972,6.162004380289783e-126,2.3945838361962153e-125
CLUL1,104.75515,0.17652185593275194,0.04694986476418406,3.7597947687255644,0.0001700528043710223,0.00020584488044411933
CLU,87656.03,1.0898358270529256,0.04256878457108968,25.60176049266581,1.4582117627738233e-144,6.444048899134418e-144
CLVS1,65.56892,0.14668378941416385,0.047665465647917134,3.0773598331683054,0.0020884303055757926,0.0024442858632490695
CLVS2,19.09789,2.167970733009586,0.10583296460819286,20.48483420109878,2.939831679777388e-93,8.838162015444157e-93
CLYBL,342.74457,0.09848916532403296,0.027003463865266916,3.6472789496726086,0.00026503214826873323,0.0003192774855978189
CMA1,12.722541,1.5889128540211332,0.06680331307123771,23.784940910441797,4.781841222756987e-125,1.8445150711275007e-124
CMAH,511.9206,0.1304383054100382,0.03228440726950264,4.040288066036645,5.338558857176758e-05,6.540754635208619e-05
CMAS,2109.799,-0.32480357717529007,0.014054996006191145,-23.109474882256524,3.718158231146155e-118,1.3600068887514296e-117
CMBL,3269.0657,0.4615417707528636,0.03310891205346478,13.940106821014199,3.6139891316210317e-44,7.302223573905576e-44
CMC1,419.51617,-0.4112052693111501,0.01466461180490848,-28.040651520929664,5.193655491982117e-173,2.839356395307839e-172
CMIP,3970.9087,-0.18162459994112862,0.01804146136697391,-10.067066976825084,7.724737491114187e-24,1.2663493886914705e-23
CMKLR1,772.25256,0.6704992319401543,0.026982045646803246,24.84982942794751,2.596868289416584e-136,1.085841887538144e-135
CMPK1,7525.8394,-0.057851824419206915,0.014735852401445489,-3.925923173167236,8.639773066839415e-05,0.00010537179648222827
CMPK2,669.86755,-0.19604386950743266,0.02656207851711624,-7.3805921995563954,1.5758700185447915e-13,2.2546126287809846e-13
CMTM1,230.87218,0.3351756729077644,0.01937383556903426,17.30042931940049,4.6689659601811206e-67,1.1462134086980277e-66
CMTM2,12.712411,-0.05014193037605693,0.03280321317784491,-1.5285676468402336,0.12637166162743593,0.13713558227562328
CMTM3,2199.51,0.357412914782984,0.020697262695679907,17.26860793324066,8.107453941668591e-67,1.9834132996687196e-66
CMTM4,3448.436,0.46998461182873563,0.023337133727074997,20.138917543394566,3.3661254177896393e-90,9.901885187224283e-90
CMTM5,166.16737,2.641309966508478,0.07908181067793789,33.39971535635749,1.38408129058252e-244,1.2931854518113595e-243
CMTM6,5670.7744,-0.09176869914491849,0.015594587784330373,-5.884650521966908,3.988959637906793e-09,5.304803009219701e-09
CMTM7,1380.3499,-0.5616890691843958,0.026257905496913946,-21.391236603026478,1.612275329637377e-101,5.161867186049277e-101
CMTM8,422.24396,-0.23816652463154017,0.02667126171170488,-8.929705958643082,4.271425856426297e-19,6.614585761845515e-19
CMYA5,710.4374,0.6457374203360984,0.040297383238080534,16.024301541393495,8.645686069040201e-58,1.9620724855600207e-57
CN5H6.4,29.57543,0.13441573872944027,0.02265273476263029,5.933753259283418,2.9608669922441066e-09,3.947370250481158e-09
CNBD1,0.18837911,-0.21119910811046858,0.17986056365446138,-1.174237997586915,0.24029971021847651,0.25564413441699135
CNBP,15540.758,-0.014243380898768929,0.009096665467121052,-1.5657804445211427,0.11740002585984627,0.12765834142394972
CNDP1,203.02911,2.1372107836025305,0.07187306013290254,29.73590911045881,2.638177252622678e-194,1.6784578339420345e-193
CNDP2,12275.587,0.3457801638144819,0.021159557996531245,16.34155892439562,4.99590440063796e-60,1.1546329627947354e-59
CNFN,915.7239,-3.7217773056477923,0.048603571640660696,-76.57415247512868,0.0,0.0
CNGA1,130.54977,-0.2786255451649043,0.04369590643940845,-6.376467908985122,1.8121870066033652e-10,2.466857132083305e-10
CNGA2,1.4495735,-0.3597070985813723,0.15815514736346017,-2.2743938757473425,0.022942315342799606,0.025818506332654756
CNGA3,82.77168,2.0697867089870523,0.07143015871172667,28.97637001396241,1.3062860301961845e-184,7.760337697334146e-184
CNGA4,21.982613,-0.5447942196827846,0.04125360440790872,-13.20597866542644,8.103956529851714e-40,1.5719174065477425e-39
CNGB1,86.09647,-1.9533841893529384,0.0646989634836366,-30.191893102692138,3.0263437158510636e-200,2.0220981854614966e-199
CNGB3,9.848271,-1.0884788158478056,0.06723542217371059,-16.18906791476066,6.0234076352011305e-59,1.3805083422836858e-58
CNIH2,248.74399,0.8652596779073114,0.04370349777133619,19.798407954312736,3.07251469959595e-87,8.84896403580053e-87
CNIH3,237.35257,0.7822819349597125,0.036943031612479034,21.175358404951925,1.6115154755469705e-99,5.079554662743578e-99
CNIH4,2072.3352,-0.2935915514550849,0.013146790089543808,-22.331804908681896,1.8144937877604374e-110,6.258051672880695e-110
CNIH,2921.725,0.023351623565029823,0.012985648850237876,1.7982639015070903,0.0721351973618182,0.07931092958304567
CNKSR1,974.961,-0.8551166691578083,0.035657400966402866,-23.981463762979157,4.341417292294416e-127,1.704994495636999e-126
CNKSR2,94.77712,1.9102785411964076,0.054620891291955714,34.97340479095668,5.7092543016279e-268,6.2863552367140305e-267
CNKSR3,1013.7289,0.1840684242137223,0.024811800249719133,7.418583994758942,1.1837909412404849e-13,1.697119905127458e-13
CNN1,4539.9575,2.7321710548885427,0.048833363147989535,55.948861162985985,0.0,0.0
CNN2,7751.149,-0.3487412983235177,0.022176144393693076,-15.725966251495919,1.0040730254520707e-55,2.2370237169160328e-55
CNN3,8782.212,1.020012516301259,0.020238399412580158,50.39986095279949,0.0,0.0
CNNM1,256.89276,-0.053805232129579696,0.046244228080741266,-1.1635015733344518,0.24462606015190302,0.2601244102492737
CNNM2,553.2061,0.132292352611459,0.01570211507739059,8.425129478381303,3.6035154213076925e-17,5.438396624344204e-17
CNNM3,2348.2634,-0.09700504333944726,0.013594522370583348,-7.135597757325602,9.636744089124894e-13,1.3625562393950533e-12
CNNM4,1666.5953,-0.3663908212502118,0.018570428668103038,-19.729798799934674,1.196455610991302e-86,3.425487242887346e-86
CNOT10,1248.1093,-0.14788540671749204,0.009092879181614288,-16.263870195978726,1.7812239122136738e-59,4.097620071046122e-59
CNOT1,8938.226,-0.12435486049956063,0.012209055993965226,-10.18546074004637,2.3026649813316252e-24,3.804882424716383e-24
CNOT2,2901.211,0.07431112069548126,0.011087003376521213,6.702543344836428,2.0482279041728358e-11,2.830179985140136e-11
CNOT3,2708.9792,-0.3202962069707343,0.01011340558939417,-31.670459979042654,3.965105891152437e-220,3.081129421296659e-219
CNOT4,1094.7214,0.23687869133000466,0.008943839558638499,26.485123058945415,1.4382649830723749e-154,6.865565484260371e-154
CNOT6L,2149.088,0.2413671059253173,0.013219137844096642,18.258914368844877,1.7575095937213696e-74,4.5832122221818064e-74
CNOT6,2134.3152,-0.005566382273389733,0.011764248643065375,-0.4731608827964483,0.6360984031993081,0.6512283712528771
CNOT7,3209.5486,0.0984726880164465,0.010924974086241974,9.013539733742252,1.99510613369895e-19,3.1020593994178193e-19
CNOT8,2779.2263,0.13446108622126338,0.010683924530304133,12.585364660698867,2.54166346595698e-36,4.7687518665024566e-36
CNO,713.5763,-0.2530897481962005,0.010786848145527004,-23.462808114263623,9.783358326535467e-122,3.6748965345006563e-121
CNPY1,4.960928,1.296708057087992,0.09345901861980753,13.874616663406417,9.027442031941814e-44,1.816283153753369e-43
CNPY2,3688.7515,-0.3647132249059085,0.0127760667350174,-28.546596732019324,3.095924867215391e-179,1.7615968242492493e-178
CNPY3,4148.25,-0.37919681982916015,0.014147931370509731,-26.80228012835619,3.0394272524706006e-158,1.488208259573087e-157
CNPY4,694.36316,0.38812170609406926,0.01746626727873258,22.221216468309585,2.1418941574124736e-109,7.316581065563851e-109
CNP,7531.9966,0.6272625879400041,0.019497661573768848,32.17117014605952,4.467798955638763e-227,3.658886522037392e-226
CNR1,301.62234,1.8673882180951278,0.04690130881968594,39.815268807836055,0.0,0.0
CNR2,21.966217,-0.8812228049608025,0.056739717658456326,-15.530969157536292,2.1411916260402876e-54,4.7147437069602225e-54
CNRIP1,672.3775,1.6150110763779635,0.028519768445012826,56.62777660666372,0.0,0.0
CNST,1553.2233,0.17700518633040752,0.014461201978702737,12.240005124821998,1.900206352770767e-34,3.498806288872212e-34
CNTD1,99.169556,-0.44568289211483886,0.02189271233670837,-20.35759138750226,3.9765762509987016e-92,1.1855193424232328e-91
CNTD2,113.08958,-0.3073625820862628,0.04326451442711553,-7.1042651502319165,1.20964425068111e-12,1.708083458150695e-12
CNTFR,493.4441,1.4469775021919735,0.05682674374032419,25.462967028413424,5.0721786179155615e-143,2.2145503856346326e-142
CNTF,31.30883,0.5982532116668349,0.02798275927530226,21.379350255671767,2.080051950763692e-101,6.654270531992143e-101
CNTLN,479.28653,0.45173616934139,0.020667885751994446,21.856912446779784,6.681336268200471e-106,2.224453394673645e-105
CNTN1,1011.70593,1.9900988545780163,0.05758235958238395,34.560911866259175,9.773060910131072e-262,1.0245610044766143e-260
CNTN2,427.17755,3.8996071774444996,0.06312543234947243,61.77553217941786,0.0,0.0
CNTN3,194.63992,0.7177525103189513,0.047444031286455836,15.12840479311995,1.052150242000898e-51,2.2631512706705e-51
CNTN4,310.4098,1.2331786016893367,0.03709531242714331,33.24351571674586,2.532912897081711e-242,2.321817815024158e-241
CNTN5,17.240944,0.8402408992060366,0.0642234787976374,13.083079816550619,4.114261991946756e-39,7.931281118648233e-39
CNTN6,120.86335,1.0794580019431448,0.07756842112902486,13.91620438100201,5.050200571765223e-44,1.0185955363638614e-43
CNTNAP1,800.0277,1.4206897975585513,0.02758855127904731,51.495628863902084,0.0,0.0
CNTNAP2,1019.2123,0.13633316612540453,0.052417371061029304,2.6009157530367646,0.009297528352660319,0.010632386661338618
CNTNAP3,171.49983,0.4047146066142225,0.036497261833649514,11.088903284275597,1.4201818338124745e-28,2.454663549926833e-28
CNTNAP4,113.06568,2.9532885181919157,0.09157785493919676,32.24893747678143,3.64071947311324e-228,3.0106176991516026e-227
CNTNAP5,28.78849,1.304077109886549,0.09167569686110001,14.224894432625764,6.420116000816706e-46,1.3156229658845226e-45
CNTROB,1656.2295,-0.07737926090561113,0.011803721624683924,-6.5554969327466805,5.545688916296515e-11,7.606594397822593e-11
COASY,3877.5986,-0.42183432841801355,0.010501597864579423,-40.168585186527466,0.0,0.0
COBLL1,2406.229,0.533972517800642,0.027063602700558808,19.73028216932909,1.1850704876138346e-86,3.393368503140655e-86
COBL,1853.4546,0.5118567099608342,0.035361877405559905,14.474817162291151,1.7478990620851468e-47,3.627469623342661e-47
COBRA1,3885.4575,-0.17168697803306074,0.010108254321805179,-16.98482968149144,1.0636192904965762e-64,2.5559755825330256e-64
COCH,448.84323,-0.3356918769228851,0.044061150427046045,-7.6187724031106425,2.560995589730653e-14,3.711511191011273e-14
COG1,1922.562,0.02571742826590343,0.010204512164122628,2.520201637499306,0.011728762503503817,0.01336014523632486
COG2,1662.5239,-0.04482512865799232,0.010968271758223732,-4.086799602169191,4.3736458462476346e-05,5.374075429039507e-05
COG3,1633.1543,0.007973822270076881,0.013532705626254188,0.5892260195630968,0.555709664867069,0.572121014767568
COG4,3153.4326,-0.1282152688102331,0.010209856901327854,-12.557988818977268,3.5935115277374355e-36,6.73295611938215e-36
COG5,2054.6814,0.11570708269733593,0.01194861991778196,9.683719416427365,3.536120605838547e-22,5.679832695405679e-22
COG6,1165.2968,0.22880937361165138,0.013237646501602078,17.284747223304375,6.12894455525157e-67,1.5017352533441654e-66
COG7,1384.8527,-0.046133207448487645,0.009632465020696417,-4.789345961741397,1.673257852950898e-06,2.1191823718959462e-06
COG8,992.3645,0.13785075278029083,0.009530947954746518,14.463488147749208,2.060835414154744e-47,4.272996048149143e-47
COIL,1037.2737,-0.06947688519938212,0.009856543068914333,-7.048808564383901,1.8045621155669461e-12,2.5396847857616103e-12
COL10A1,1452.1746,0.8504946983396262,0.05497271896554151,15.471213982934714,5.42737943739576e-54,1.1912032984685237e-53
COL11A1,2409.249,1.2052141695230933,0.058777615337106036,20.504645562955446,1.956899852024905e-93,5.891825508337035e-93
COL11A2,367.95108,0.7199771537987897,0.049688265465480656,14.489883014712415,1.4038170380464085e-47,2.915465783697524e-47
COL12A1,9510.582,0.7501889773912025,0.03828423373634326,19.595245984485967,1.697632049426632e-85,4.8210476906509694e-85
COL13A1,151.02829,0.6865389352943615,0.03739079790772911,18.361173703448728,2.6873562855875697e-75,7.057776911542483e-75
COL14A1,3594.8672,1.5552247292082868,0.03635488523680608,42.778975069731764,0.0,0.0
COL15A1,3680.9446,0.9505512798603122,0.03199048845929877,29.713559424692452,5.130365532717414e-194,3.2538664137256646e-193
COL16A1,3060.0115,0.5535214663315365,0.03169749979453057,17.462622286286667,2.759614088242616e-68,6.8440715339909144e-68
COL17A1,6439.9697,-1.7326943368259655,0.06110071435297205,-28.358004569576433,6.668597172447784e-177,3.7318848222612545e-176
COL18A1,15257.086,0.20233791933856027,0.02684110817523556,7.53835937091612,4.759208297594251e-14,6.871336907362695e-14
COL19A1,41.257236,1.0110695762567445,0.058632052177845534,17.24431498986118,1.2346746400347162e-66,3.016167626165921e-66
COL1A1,145437.48,0.9139453380011802,0.041760356513410896,21.885477383500696,3.572508679474276e-106,1.1927304723748245e-105
COL1A2,92033.414,1.0028669200577631,0.03865496537615755,25.944064631767414,2.1215236728789237e-148,9.677817713677348e-148
COL20A1,176.46431,4.007593025411633,0.11223535971052515,35.70704487202539,3.0734234038453296e-279,3.637896923191109e-278
COL21A1,251.17651,0.7182967022595929,0.04171277176758274,17.220066464579084,1.8777242558196897e-66,4.573891855017117e-66
COL22A1,598.9551,-0.36503244748833824,0.051687776643157206,-7.0622586459552,1.6381769508893478e-12,2.307912569590771e-12
COL23A1,814.6851,1.0938053604973834,0.051152379485696786,21.383274277655705,1.9123051493267015e-101,6.119556827277949e-101
COL24A1,115.33269,-0.31193906626337703,0.04203490504871343,-7.420953274472178,1.162803374679612e-13,1.6673837093324566e-13
COL25A1,73.440445,1.151720711127218,0.05105712333102294,22.55749317602894,1.1336776185139984e-112,3.975976336834883e-112
COL27A1,899.15753,0.0051405711136695035,0.03299606964087409,0.15579343750995084,0.8761958435720821,0.8830052063797653
COL28A1,113.316025,0.569666299484808,0.046284730559938404,12.307866818995395,8.216625720650695e-35,1.5201952294322748e-34
COL29A1,36.833027,0.08001701658194825,0.06892880272047576,1.1608647390327973,0.24569691041803088,0.26123581570924853
COL2A1,706.1645,0.29253934477327237,0.0745505277958469,3.924041229786831,8.707582312553578e-05,0.00010617336545563772
COL3A1,94076.94,1.0764271426880483,0.04099251590396416,26.25911386385418,5.624624454545621e-152,2.6366965063342e-151
COL4A1,19897.844,0.9251922755971633,0.02683276241887807,34.47994884590222,1.602683288697244e-260,1.6715691124276226e-259
COL4A2,22652.303,0.7988066099535169,0.025796866553014053,30.96525728471414,1.583429025674323e-210,1.1492702864065433e-209
COL4A3BP,2340.9714,0.39524657400435553,0.014702050766602234,26.883771541737122,3.399915532672291e-159,1.67519071465816e-158
COL4A3,370.93924,1.3388435150566957,0.05192779259713374,25.78279276078059,1.3829583354931824e-146,6.215375000508984e-146
COL4A4,552.16064,1.2243433755686044,0.03996185467149164,30.63780161439899,3.842014429337676e-206,2.693511424479536e-205
COL4A5,1728.4098,0.13154534216850639,0.035826875854792,3.671694476003595,0.00024094762505848694,0.0002905729592800459
COL4A6,549.40906,0.34296316619281764,0.05115654833455185,6.704188952505529,2.0252805995079357e-11,2.7988520041665805e-11
COL5A1,13036.8,0.8395288949319667,0.03763949050669088,22.304470215470374,3.3437263981726765e-110,1.1499142861553635e-109
COL5A2,9355.104,0.9258906484318805,0.03554913929150936,26.045374568408256,1.5178735268940744e-149,6.996238880243708e-149
COL5A3,1717.3195,0.7075034491958908,0.033378946035040935,21.19609913545981,1.0374780886269222e-99,3.2772717465252924e-99
COL6A1,21718.336,0.7985184892915588,0.02950661725932809,27.06235290455461,2.7330873983199613e-161,1.3708530756934244e-160
COL6A2,26923.97,0.7803639557156843,0.032042526640772,24.35400817371008,5.257330384644025e-131,2.1249551181450807e-130
COL6A3,24086.258,0.8975551822597749,0.03817540373130488,23.511347478527252,3.122318301648203e-122,1.17957465769634e-121
COL6A4P2,16.400253,0.05965472449792277,0.040958937174649206,1.456451964159973,0.14526771947651235,0.15697179028832414
COL6A6,118.56464,1.3950655779101557,0.05428628639379754,25.69830560503303,1.2209851701756358e-145,5.444160551819047e-145
COL7A1,3246.8506,-1.221308738002244,0.04673885307072205,-26.13048155362826,1.6427599872585153e-150,7.620175570880864e-150
COL8A1,1222.4263,1.32587825539149,0.03939065129125695,33.6597190431776,2.2474273087897547e-248,2.1592908249009258e-247
COL8A2,1464.9047,0.9477083283297785,0.03453457321060073,27.442306078329356,8.583513217495077e-166,4.456815750955936e-165
COL9A1,163.73543,0.36397644584314026,0.06267591194795544,5.807278020068978,6.349665186439264e-09,8.414008951491602e-09
COL9A2,1651.6101,-0.3879345555319417,0.039823208523135895,-9.741418884080254,2.007317427164357e-22,3.235194387241858e-22
COL9A3,787.5375,0.3519822599482546,0.04971979519616768,7.07931837931997,1.448652195940481e-12,2.042742073497178e-12
COLEC10,24.810884,0.850831330683604,0.05330460613220201,15.961684972841505,2.3626573085456298e-57,5.340439674106858e-57
COLEC11,307.70547,0.3509211763211677,0.04615144959916624,7.603686977743542,2.8781091923976096e-14,4.1663413714464544e-14
COLEC12,1102.9243,1.0168009234030935,0.03731562692880783,27.248662479743004,1.723623198647786e-163,8.788190508707807e-163
COLQ,144.1718,0.056285025542822685,0.02515456694471961,2.237566866744963,0.025249314261189575,0.02836611792537019
COMMD10,840.8029,0.18060817182659272,0.013838638893606665,13.051006910082188,6.271302565754446e-39,1.207123465407911e-38
COMMD1,708.5433,-0.21104030891037298,0.01367342089857369,-15.43434598231282,9.617032877241802e-54,2.107115500944531e-53
COMMD2,1642.6421,0.24502008069099593,0.012574964780885921,19.484752837115618,1.478918090019971e-84,4.16737624840368e-84
COMMD3,1511.4529,-0.21276089763815326,0.012684867674061538,-16.77281175531805,3.8581186040367234e-63,9.17395896514642e-63
COMMD4,2769.1116,-0.5344512765397035,0.014536574222874514,-36.76597170320224,6.460762675442811e-296,8.63655070974e-295
COMMD5,1478.5317,-0.3083341793548824,0.01165850184407786,-26.447152771306214,3.9345439946140974e-154,1.8728870981142953e-153
COMMD6,2925.5403,-0.13266921360686143,0.013971319096951915,-9.495825890613688,2.184725945022544e-21,3.472196371172051e-21
COMMD7,2723.3464,-0.13609371951838792,0.011953092105218544,-11.38564969803683,4.92994318722759e-30,8.671163140282203e-30
COMMD8,727.6549,-0.1262047268556468,0.014442484707345275,-8.738435900261717,2.363599502902105e-18,3.624079099230604e-18
COMMD9,1819.7317,-0.034804028953265786,0.011569748291958563,-3.0081924061784457,0.0026280669277933618,0.0030645978912277366
COMP,1939.4113,0.5278609867512423,0.05811551993593797,9.082960753566606,1.0566072308624687e-19,1.6477569217256988e-19
COMTD1,710.43555,-1.2628750111057525,0.02443381305741946,-51.685547734117314,0.0,0.0
COMT,5685.061,-0.2907687381581606,0.01616689506787814,-17.98544104711154,2.5336476682396055e-72,6.482660912113878e-72
COPA,13375.202,0.08796510085830915,0.011135594775389852,7.89945239860163,2.8013139156269163e-15,4.1178303255052986e-15
COPB1,6667.255,0.090662205363787,0.011169888295586638,8.11666177535623,4.791818187626526e-16,7.129247769795999e-16
COPB2,7996.774,-0.061009528039083716,0.011311371267871047,-5.3936456150436785,6.904232467006513e-08,8.977089589716796e-08
COPE,7399.2637,-0.43875313875611716,0.013303401215435244,-32.98052367593444,1.5452031029249446e-238,1.3803769184927139e-237
COPG2,1006.39514,-0.09813334764781408,0.01350670172588423,-7.265530078283391,3.715782344368565e-13,5.280950279162277e-13
COPG,11002.148,-0.21552241465615724,0.011333346636503433,-19.016661324200907,1.2414130034365892e-80,3.400232387591218e-80
COPS2,3245.63,0.15790137739263696,0.010443371038028207,15.119770887930647,1.1995924157815942e-51,2.5783891462096154e-51
COPS3,2349.2776,-0.045166386070539445,0.011275297953889306,-4.0057820427671915,6.181262764212115e-05,7.566852781949038e-05
COPS4,1675.6877,0.2390044312735227,0.010149695631571387,23.54794074120622,1.3178474594534205e-122,4.991638405025523e-122
COPS5,2696.7498,-0.20084780108304004,0.010417143702897673,-19.280505943982654,7.830684257575347e-83,2.177935803278367e-82
COPS6,5012.7803,-0.18747891345206583,0.011172015509875935,-16.781118258056175,3.3545918012353723e-63,7.980384959260452e-63
COPS7A,3867.367,-0.03534438251698337,0.010862822125032938,-3.25370167256386,0.0011391183735222688,0.0013448916125342074
COPS7B,1606.988,-0.20398087537217383,0.00933045695884294,-21.861831234198128,5.998877191857258e-106,1.9978920456244382e-105
COPS8,2447.6208,0.3426277233279188,0.011305921823417107,30.305155889036815,9.803671361818957e-202,6.637610417534823e-201
COPZ1,8146.434,-0.20462670763151294,0.008818930134669282,-23.20312152458011,4.2345403781216284e-119,1.561510732805257e-118
COPZ2,604.1734,0.3713581830397403,0.028569921856261796,12.998221868021949,1.252210129656117e-38,2.402577139729421e-38
COQ10A,439.97177,0.08041113877009069,0.020938847509839032,3.840284845300392,0.00012289163622676347,0.00014925435912072286
COQ10B,1398.776,0.09672492731705655,0.011575221147968388,8.356205560187774,6.476781036077913e-17,9.749411098965636e-17
COQ2,536.6525,-0.3090871807660218,0.013198605513955297,-23.418169475496054,2.7908513741051925e-121,1.0436984409516461e-120
COQ3,360.90927,-0.303603230195001,0.014771641234644101,-20.553114266203327,7.218076388870543e-94,2.178046794145774e-93
COQ4,2149.962,-0.4150277195535361,0.014214665168791324,-29.197150592385427,2.1076612523279256e-187,1.2755611009555362e-186
COQ5,1331.7441,0.010069871358831816,0.011479385582005439,0.8772134437767198,0.380370715325386,0.3979428259665742
COQ6,800.82306,-0.05056669692968796,0.011692941012871154,-4.324549048355415,1.5284419597262824e-05,1.8982217933305302e-05
COQ7,983.0683,0.12956756489138382,0.011488371836465481,11.278148612853974,1.6824956121882054e-29,2.935715475534768e-29
COQ9,2897.0867,-0.16599497500339414,0.016069107230813274,-10.33006828687352,5.152389209646708e-25,8.581975940374486e-25
CORIN,112.953445,0.7563373593155646,0.03663287734126783,20.646408751068325,1.0515197834402042e-94,3.193777602724022e-94
CORO1A,3527.2336,-0.8112821341377728,0.02951381559969824,-27.48821586274557,2.4284469300562774e-166,1.2638228795760672e-165
CORO1B,5995.2656,-0.4759062643545317,0.014904856947282634,-31.92960965930613,1.0368482947909078e-223,8.297639321402552e-223
CORO1C,6613.261,0.3602538594728982,0.016759893924667472,21.494996393901452,1.7340855476854808e-102,5.6136504476592e-102
CORO2A,1874.2976,-0.7838142313048024,0.03079678879116059,-25.451167542824326,6.852494984987984e-143,2.98928530960725e-142
CORO2B,764.8353,1.7144046298872748,0.04323322352944905,39.65479531544713,0.0,0.0
CORO6,301.78113,0.39197016041286736,0.044444096653803646,8.819397623628413,1.1507710778371387e-18,1.7714009053142527e-18
CORO7,2077.6086,-0.11716496887202003,0.016444053942342524,-7.1250659528868825,1.0403086195962458e-12,1.4702980344574778e-12
CORT,26.380302,0.16300079084148036,0.029353292386570813,5.553066712068508,2.8070088572683705e-08,3.6755784232780263e-08
COTL1,7134.6147,-0.06032165712605155,0.02057457515740541,-2.9318543233365366,0.0033694475877564666,0.003911871774585646
COX10,700.3954,-0.13085162202601036,0.01128794636068831,-11.592154838874642,4.5162544551009724e-31,8.035869992256658e-31
COX11,1834.6819,0.13946475586121462,0.011866583495877646,11.752730338067696,6.837332641770368e-32,1.2262267023766995e-31
COX15,2290.3076,0.0007940838938457382,0.009373991470498826,0.0847113949639088,0.9324908366620477,0.9353392591812892
COX16,1949.463,-0.14830823137622115,0.011569383363763447,-12.819026452242776,1.2830133520703236e-37,2.437785238898714e-37
COX17,1402.7297,-0.522150825129559,0.016966317391058854,-30.775731297159943,5.536209643287337e-208,3.932717799291238e-207
COX18,864.0593,-0.107248785710183,0.012040139935028612,-8.90760292562398,5.214778322673203e-19,8.06500090180065e-19
COX19,781.1931,-0.43078777754376407,0.013033200484474091,-33.05310756609197,1.403623569842833e-239,1.2633232651825923e-238
COX4I1,15317.348,-0.5403124681674008,0.015926109107468996,-33.926206615902565,2.7369651500031085e-252,2.6983958106011276e-251
COX4I2,166.23772,0.6532857344181846,0.039890008122912775,16.377177272193588,2.7836514120433214e-60,6.45030265169474e-60
COX4NB,1201.7888,-0.20104627705534686,0.010537676770513999,-19.078804696107643,3.788235022884656e-81,1.0425071212612694e-80
COX5A,4386.2446,-0.5570639665300645,0.014444718103169359,-38.56523627192402,0.0,0.0
COX5B,5853.4224,-0.5663272843525055,0.01716743030319393,-32.988471445673646,1.1885827780281758e-238,1.0627297662659478e-237
COX6A1,6839.974,-0.5938332042264401,0.015903766165785843,-37.33915589780035,3.8023600101266923e-305,5.486339294554878e-304
COX6A2,27.256168,-0.5566352818936218,0.08890322950619416,-6.261136799927378,3.821810652713629e-10,5.17548510566694e-10
COX6B1,8772.204,-0.6206140869524331,0.015691023456166235,-39.55217380728248,0.0,0.0
COX6B2,76.522316,-1.691545034307279,0.050131132338140746,-33.742406273562636,1.3816444984102014e-249,1.340109592336031e-248
COX6C,7623.255,-0.652235672959936,0.02277404849131678,-28.639425845106917,2.170959480907954e-180,1.2464344069882976e-179
COX7A1,582.7888,0.22060193086168906,0.037718309263373724,5.848669655930311,4.9552007033131535e-09,6.579893759375978e-09
COX7A2L,4278.5205,-0.16289717988215613,0.011236592223501126,-14.49702691368115,1.2651198796629714e-47,2.627685740671132e-47
COX7A2,4547.7065,-0.3763472680252354,0.01436844219685753,-26.192628460971566,3.224360027897122e-151,1.5021680962919338e-150
COX7B2,15.148168,-1.0145403764630876,0.18132516394667456,-5.595143853069677,2.2043891672809176e-08,2.8907670889965994e-08
COX7B,4766.132,-0.5009290623992301,0.01638709243836176,-30.56851386439782,3.2094350773911293e-205,2.233113080676897e-204
COX7C,8291.167,-0.28707543675371167,0.015461455469659349,-18.567167710507697,5.924685292021509e-77,1.577771979859593e-76
COX8A,7144.1284,-0.4336450356549495,0.01436603212907613,-30.18544242131226,3.677767409912148e-200,2.4549398917508662e-199
COX8C,3.9625502,-1.7524838892080665,0.07899184753775304,-22.185629831869566,4.727667835414183e-109,1.6114279166448575e-108
CP110,1120.734,0.2910741477301255,0.017294198135258745,16.83073973442543,1.4527568302789242e-63,3.465745993396838e-63
CPA1,316.02023,-1.4864298698801968,0.11310832531981846,-13.141648642372301,1.9004059295426453e-39,3.673600865890497e-39
CPA2,102.415146,-0.9668369276660616,0.08550650346389581,-11.30717417388372,1.2092143529344925e-29,2.1142558408960265e-29
CPA3,639.15186,-0.02793513267344682,0.05051815742781133,-0.5529721212291866,0.5802825004107726,0.5964242440358904
CPA4,316.9505,-0.7801860532559953,0.05999977935273972,-13.00314870608554,1.1740780628821309e-38,2.2539420350982841e-38
CPA5,5.889551,-0.6506099370671331,0.05981448173101112,-10.87713072551494,1.4815318750305842e-27,2.5340256610726425e-27
CPA6,55.03372,-0.6302660520134944,0.05815647865927847,-10.837417714130114,2.2883929794630633e-27,3.9078504167831325e-27
CPAMD8,906.7044,0.829656686143452,0.042040576330677704,19.73466490130008,1.0866495252766731e-86,3.1124222967230993e-86
CPB1,2423.6355,-1.3354032716950208,0.1058755420545291,-12.61295333918808,1.7915150549425812e-36,3.366884058301118e-36
CPB2,1213.3933,-0.13085172305091156,0.10263201289199543,-1.2749601158910628,0.20232335927070144,0.21643028958555122
CPD,6897.2227,0.07565577403553238,0.01977573581702662,3.825686929453915,0.00013040793517012458,0.00015826975571556283
CPEB1,139.00758,0.4286887769820437,0.05137482307910956,8.344335830060707,7.161521431897583e-17,1.0772972870696239e-16
CPEB2,1550.501,0.43478226369545403,0.02367548943270446,18.364235507413063,2.5400128737610415e-75,6.673392966434514e-75
CPEB3,406.064,0.6188652771265344,0.02160016285564592,28.65095422022586,1.5597651292587556e-180,8.972946670409439e-180
CPEB4,2435.321,0.6291437565720661,0.02284592153448548,27.538558933697892,6.0672390174961914e-167,3.172134544355546e-166
CPE,10495.746,1.5325961574620524,0.0397186425997227,38.586317586612395,0.0,0.0
CPLX1,412.81152,0.3328054086433952,0.03632283507030552,9.162429309254794,5.074192418285565e-20,7.939857308729215e-20
CPLX2,1850.7104,0.2220336315329819,0.0917781702167686,2.4192422992152287,0.015552876518659539,0.01762936434738542
CPLX3,67.232155,-0.20251698484374295,0.07143334608443584,-2.8350482784939577,0.004581876094468175,0.005295924571776857
CPLX4,0.8946747,-0.21965378843728584,0.056711717373348715,-3.8731641115934647,0.00010743143333812794,0.0001306725147168686
CPM,2647.2979,0.3296126356426983,0.031645834289912675,10.415672174197178,2.1030665182961083e-25,3.5173195798891373e-25
CPN1,179.98152,-0.321601617328661,0.13659694973366593,-2.3543835931601222,0.01855345382702115,0.02094542344817143
CPN2,613.1022,-0.0034247362485993987,0.09267949749975829,-0.036952468895381424,0.97052290415927,0.9716205648002841
CPNE1,6354.2866,-0.43965261575519293,0.016164818452769708,-27.198116517037782,6.836751901354698e-163,3.4693278155453716e-162
CPNE2,2268.4167,0.29680955258899194,0.0193940699113017,15.304139561548613,7.17445252322358e-53,1.5595203813827554e-52
CPNE3,5903.6714,0.1505453450820735,0.014461955138774001,10.409750523872518,2.2380738768718476e-25,3.740964372679306e-25
CPNE4,295.4136,0.29448497216261615,0.0720693093025218,4.08613562434005,4.3861745098039805e-05,5.3888194342585986e-05
CPNE5,498.22574,1.040030852684518,0.034942955405586,29.763677416886665,1.1537939173667955e-194,7.361357055365274e-194
CPNE6,92.827866,3.0860487433602604,0.0767900485515014,40.18813376957973,0.0,0.0
CPNE7,289.75403,-1.41280341817787,0.039588780560894266,-35.686964795612695,6.2974971409641145e-279,7.436818114436683e-278
CPNE8,612.17035,0.23575690655549725,0.027602371602134988,8.541182980713943,1.3285464237605636e-17,2.0178958998314916e-17
CPNE9,15.872904,0.2885562724115812,0.04813902293445815,5.994227859681613,2.044545334176811e-09,2.732906470914956e-09
CPOX,1025.0405,-0.3111547276755549,0.014310405304029293,-21.743250527498684,8.002581236146341e-105,2.6397367366607805e-104
CPO,6.0934396,0.31587697316838487,0.041417812800254486,7.626597152576922,2.410312975182916e-14,3.493632483393777e-14
CPPED1,1635.8013,0.07366598968931946,0.0206421713032412,3.5687132233881105,0.00035873883224644525,0.000430482369781055
CPS1,4516.84,-0.4215622358581528,0.06414672520833765,-6.571843449357552,4.969609929959612e-11,6.822866583319693e-11
CPSF1,4886.961,-0.42391976983968466,0.013888798542371999,-30.522421975262194,1.3137871283866434e-204,9.079223403538247e-204
CPSF2,2730.7021,0.014071426380119859,0.010362561833523354,1.357910003933406,0.174492242631059,0.18757524514101748
CPSF3L,3895.4944,-0.33785293696819213,0.010553429056902009,-32.01356972663157,7.059667945369757e-225,5.701220932161162e-224
CPSF3,2007.9349,-0.3396655782745084,0.010000718103344733,-33.964118852715934,7.548756175583791e-253,7.467693244835296e-252
CPSF4L,1.1604905,-0.7209245105397941,0.05800434160259569,-12.428802579625053,1.8234523247157611e-35,3.394318906362639e-35
CPSF4,1284.8849,-0.26158754339026236,0.013025849565436884,-20.08218673769773,1.0564056571159986e-89,3.0959209404382633e-89
CPSF6,3652.6301,-0.08739240952564023,0.009995264470489066,-8.743381406631668,2.262353373331968e-18,3.470407800457018e-18
CPSF7,4329.5264,0.11835864671179123,0.008495752704807341,13.931507992790058,4.0765646387907873e-44,8.229526968878695e-44
CPT1A,4725.938,-0.008943009689825783,0.02069271881748369,-0.4321814725607568,0.6656095240024349,0.6798687687721038
CPT1B,837.1037,-0.755306340382506,0.024679487198760147,-30.604620521468988,1.0624082620334981e-205,7.415005076016451e-205
CPT1C,423.39752,0.9957780762548921,0.037769192924084774,26.36482273413635,3.4705907649075645e-153,1.6409140126045776e-152
CPT2,1810.192,0.016951354764041103,0.015255864211473423,1.1111369719253634,0.26650939586039313,0.2824500151130528
CPVL,2095.0352,0.8317359382859514,0.030620716163752525,27.16252401929529,1.8011928132234668e-162,9.117475008557077e-162
CPXCR1,0.67130196,-0.6397114861051806,0.10525139927088621,-6.077938065780493,1.2173775359882532e-09,1.6347595313755588e-09
CPXM1,1798.9368,0.7593654911655662,0.038781405430275015,19.58065940985113,2.2607493760442116e-85,6.413069046521402e-85
CPXM2,1306.7568,0.628746363920742,0.03895682049558386,16.139570835664493,1.3447307033374743e-58,3.0726568338100606e-58
CPZ,763.09784,0.4074164367720924,0.039264614804978795,10.376173019795715,3.1827923331038683e-25,5.311785319260731e-25
CP,10015.951,0.17138107764171814,0.05961156570247776,2.8749635347121014,0.004040741622950646,0.004679757591538325
CR1L,13.967258,-0.6244710821132856,0.05692404457141144,-10.970251443217183,5.312445497494525e-28,9.119399484274118e-28
CR1,250.82286,0.036331193464700276,0.04333548510858735,0.8383705264557174,0.4018226373137911,0.41952168499391096
CR2,275.02682,-0.2561755600487314,0.06409558277915574,-3.9967740200037802,6.421154451296723e-05,7.85626703569411e-05
CRABP1,657.4407,0.4633925440915047,0.07169915207055354,6.463012890801222,1.0263854505660939e-10,1.4026165517569543e-10
CRABP2,6645.4307,-0.6683455744907837,0.04913149822816961,-13.603199548015956,3.83291518429217e-42,7.577618978151514e-42
CRADD,408.05078,0.2296005976080934,0.016814990659955113,13.654518295682854,1.8973984843415772e-42,3.762455999095176e-42
CRAMP1L,1643.3391,0.08561513119056115,0.014397653578524766,5.946464173736119,2.739964691686617e-09,3.6550216982078253e-09
CRAT,3587.0303,0.07851094699342692,0.02387116164562441,3.2889453877003927,0.001005635344409826,0.0011892959614777604
CRB1,164.9083,2.995948130873665,0.06473664117972361,46.27901720381558,0.0,0.0
CRB2,269.44928,1.5372649396457163,0.05440067266390024,28.25819726795089,1.1287507708515798e-175,6.261644943805807e-175
CRB3,809.93945,-0.6402231688415315,0.036039824084245685,-17.764325578975185,1.3353549246967831e-70,3.3713406388767126e-70
CRBN,1358.5599,0.4676018982195125,0.012543317717492442,37.278964684711156,3.597810401331255e-304,5.129399296967999e-303
CRCP,2125.7683,0.006281527363418532,0.009428433534146009,0.6662323429092815,0.505262602978262,0.5222970974376459
CRCT1,194.17688,-4.910220047387731,0.1340801519990449,-36.62152805004806,1.2996591233759467e-293,1.702687264659646e-292
CREB1,2083.432,0.27620225457677205,0.010521563249051945,26.251066313901553,6.950050753395756e-152,3.2542797444430584e-151
CREB3L1,3292.925,-0.4276840822478698,0.04317837100927064,-9.905053670413912,3.957575084087105e-23,6.429322625034262e-23
CREB3L2,5055.7603,0.47049775951921363,0.017766731244332267,26.48195399867414,1.564372471299859e-154,7.464040108552572e-154
CREB3L3,752.3764,-0.44268560724076356,0.08821803946613196,-5.0180848488558425,5.218912790615837e-07,6.679565317416724e-07
CREB3L4,2004.0249,-0.350168656809569,0.03217543790777016,-10.883104615804017,1.387550297493198e-27,2.3740765195952615e-27
CREB3,2548.0679,0.051019028615880896,0.013146556908970793,3.8807901543458216,0.00010411764798091592,0.00012668725766456295
CREB5,765.7926,1.045746143238638,0.03387593160352041,30.86988589650958,3.0305304637915206e-209,2.1724848490257595e-208
CREBBP,5392.2695,0.24715655612732926,0.01194492479268539,20.691344685458244,4.144915111912453e-95,1.2632683647219406e-94
CREBL2,3486.7642,0.4570529127535056,0.016220981834350782,28.176649072229136,1.1303068510181978e-174,6.234602324540636e-174
CREBZF,2675.721,0.10723075822324245,0.01364039128911791,7.8612670230940855,3.8026717336512226e-15,5.580522873596571e-15
CREG1,6631.5547,-0.019139797087453076,0.017657837834265482,-1.0839264278615028,0.27839742084073305,0.29458903798838276
CREG2,55.513832,1.9676544851789763,0.05585524727226037,35.227746385005815,7.520691196864525e-272,8.501596450692108e-271
CRELD1,1787.4825,0.1221592528561133,0.017250417494720578,7.081524426495745,1.4257723047554004e-12,2.010897010912033e-12
CRELD2,1960.925,-0.4529926618967054,0.016349042496397955,-27.707595842172985,5.655625615972188e-169,3.007912275746546e-168
CREM,1005.01434,0.3918970973950177,0.01594909686022606,24.571742264123603,2.5332942180188354e-133,1.0383599151327858e-132
CRHBP,120.86691,1.954541952700266,0.05181596274412067,37.720846032568204,0.0,0.0
CRHR1,41.15984,0.7491278843947751,0.06624234624885512,11.308897205731482,1.1857039759226406e-29,2.0735051748676379e-29
CRHR2,4.810963,0.7106761158687337,0.051536495723885425,13.789764047526408,2.9371902691580265e-43,5.874092012749339e-43
CRH,35.946316,-2.0940106446814006,0.12689900351371072,-16.50139549326843,3.5851072991354805e-61,8.367442336707468e-61
CRIM1,4914.37,0.9895193180919191,0.023668114050897415,41.808118549876596,0.0,0.0
CRIP1,5217.167,-0.6910466119007272,0.03625725341581564,-19.059541106864106,5.475292208039281e-81,1.5047445202952446e-80
CRIP2,6749.9995,0.033016064001570845,0.025800027395951965,1.2796910443107157,0.2006538155232106,0.21472331302165806
CRIP3,42.337753,-0.13167114341367878,0.048211436205717016,-2.7311184601894296,0.006311977928064445,0.007256101560556975
CRIPAK,551.85596,-0.29202770851522397,0.01815577371156752,-16.08456423584777,3.273474690947394e-58,7.452993875307312e-58
CRIPT,888.9292,0.0401932063327909,0.011920278859152268,3.371834401502358,0.000746693301878743,0.0008866166413711262
CRISP1,0.64097583,0.46385604800103797,0.13238921116627653,3.5037299785588263,0.00045879030814281404,0.0005485384004862315
CRISP2,11.773175,-0.20010039578309283,0.0979031277659597,-2.043861114033442,0.04096726963475068,0.04560655306725116
CRISP3,616.4176,-0.9527888160721788,0.09608779283215572,-9.915815401613935,3.553429585563915e-23,5.775528734831211e-23
CRISPLD1,1050.7396,1.0190030615552277,0.039058866407496895,26.088905164939497,4.872037572374729e-150,2.2538017027034107e-149
CRISPLD2,2792.102,1.0409382452070892,0.028997110363884304,35.89799921938327,3.2823999141938864e-282,3.9730309068414584e-281
CRKL,4862.9307,0.10405147570614258,0.013012785389007414,7.996095577972134,1.2842670301791817e-15,1.899207704468509e-15
CRK,1897.4908,0.41030620586356964,0.011955038353754329,34.3207770416494,3.844702359607032e-258,3.961249764131557e-257
CRLF1,863.40625,0.4328059677702555,0.054381997400040176,7.958625803802045,1.7396046608549614e-15,2.5673513077452817e-15
CRLF2,5.249329,0.025126472832012584,0.07328090334740978,0.3428788631724846,0.7316895936705714,0.7442652229597383
CRLF3,780.22754,-0.2914445956416317,0.016051766672804724,-18.15654323803522,1.1397939418332538e-73,2.9526739867391796e-73
CRLS1,2732.0498,-0.006939140934702471,0.01698766202015554,-0.4084812216342255,0.6829204141766922,0.6967116011336579
CRMP1,1487.3035,1.617654968382589,0.039950549236181784,40.491432516215234,0.0,0.0
CRNKL1,1866.883,0.03006772196851808,0.010578965173421157,2.842217691013951,0.0044800889161696195,0.005180333404003935
CRNN,554.66626,-6.003153691683461,0.13419111344124646,-44.73585126269818,0.0,0.0
CROCCL1,913.19434,-0.164955607555489,0.017161770904407677,-9.611805708997272,7.128767812394906e-22,1.1399197603875896e-21
CROCCL2,152.96608,0.2269947090115184,0.02081486656218616,10.905412645012767,1.085994140332676e-27,1.8607772010632007e-27
CROCC,1246.9049,-0.2939943826796977,0.018545741133812042,-15.852393310057364,1.3532729135790157e-56,3.0339481607262614e-56
CROT,1264.3157,0.26437336476911094,0.02275589158960784,11.617798570012743,3.346483282063264e-31,5.963330690549321e-31
CRP,2759.858,-1.5890368601974285,0.1281151913006235,-12.403188443661913,2.5112826604989156e-35,4.666593983670812e-35
CRTAC1,1561.9696,-0.4408890804914917,0.060768450291331016,-7.255229948728629,4.0098003317133684e-13,5.695634197540812e-13
CRTAM,60.935104,-0.10879494042638456,0.03662185676158438,-2.9707652764484718,0.00297058727536458,0.003456291366964652
CRTAP,9310.022,0.36825815846741305,0.014324069102651826,25.70904648869902,9.260391535966029e-146,4.136294674873462e-145
CRTC1,1312.2561,0.43161706065190325,0.01972257796998163,21.884413959921346,3.656803548202636e-106,1.2206732814864315e-105
CRTC2,2460.718,-0.21676485465862788,0.009718547840550667,-22.30424320742405,3.360733584353222e-110,1.1555678946773727e-109
CRTC3,2439.1116,0.48477379565991596,0.01136988241599239,42.63665866746818,0.0,0.0
CRX,3.034405,-2.014980932028183,0.09662482036915031,-20.85365772821154,1.4120484468870167e-96,4.35706188696162e-96
CRY1,999.0894,0.5071009134757705,0.012337393329164769,41.10275971156873,0.0,0.0
CRY2,2426.5632,0.7033915903631605,0.018431237749879547,38.16301432972169,0.0,0.0
CRYAA,67.24921,1.2080341757705486,0.0944240718900546,12.793709819855664,1.7778043320913396e-37,3.375705875494085e-37
CRYAB,15694.016,1.2532894825257253,0.05167399197689893,24.253777085501994,6.032455329839513e-130,2.4199952327133524e-129
CRYBA1,0.55921984,0.030757221750457954,0.07072072012308328,0.43491103734418535,0.6636270027506195,0.6779798348554728
CRYBA2,37.13951,-2.130912155934075,0.08773181070622425,-24.288933954293668,2.566147215564773e-130,1.0312710454339363e-129
CRYBA4,5.268747,-1.1496385990092417,0.06269494612863162,-18.3370218813255,4.1913823596612984e-75,1.098652677486087e-74
CRYBB1,28.30035,0.55684987911995,0.03673831160577558,15.157198433485126,6.790464773143127e-52,1.4623130137129355e-51
CRYBB2,12.179966,-0.8328529000494417,0.0392554740833048,-21.216223201941936,6.764436426440145e-100,2.14145795686355e-99
CRYBB3,8.586372,-0.45719262186674864,0.04425025191840965,-10.331977831668356,5.050824289980278e-25,8.414871662823935e-25
CRYBG3,813.5885,0.7122325367362248,0.024271465371829823,29.344439069709523,2.8136372697137333e-189,1.7248672440259528e-188
CRYGA,0.2950747,1.2728438163139912,0.1743300565680065,7.301344595258893,2.849060193453136e-13,4.0562249285673003e-13
CRYGB,0.6139622,-0.012747963845452839,0.20441563740682436,-0.062362958172725635,0.9502737926134716,0.952285102570273
CRYGC,0.8191573,-0.572302715707368,0.16606563937740837,-3.4462440144329123,0.0005684368270203759,0.0006776440661264687
CRYGD,3.5569544,0.43874369112496425,0.1517480849516332,2.891263446684058,0.0038369632734951494,0.004446788597090439
CRYGN,49.786674,1.4870480108332906,0.06660272070127385,22.327136116600855,2.0142893136835378e-110,6.944778346703327e-110
CRYGS,55.98017,-0.34857284558550106,0.027626632134697963,-12.617276108284921,1.695861623975966e-36,3.188295022857761e-36
CRYL1,2824.1948,0.4341940109218401,0.028287539196040483,15.349303023948295,3.5801206787487e-53,7.802984359131225e-53
CRYM,495.3044,0.25570781244719903,0.05313445267181745,4.812467233389357,1.4907832069409143e-06,1.8903123636092473e-06
CRYZL1,661.8549,0.38307796978084263,0.011186595421598186,34.24437510640872,5.288798390129054e-257,5.405353736176577e-256
CRYZ,2773.645,0.5084074393831619,0.026319177026733247,19.316996077299677,3.86497461716145e-83,1.0783475158392484e-82
CSAD,817.6466,-0.18665995154703524,0.022117985987217384,-8.439283380273022,3.1928913960914973e-17,4.8229764010258786e-17
CSAG1,96.47128,-0.7387231034570251,0.08580914432975224,-8.608908866614707,7.375925629290843e-18,1.1245897542629543e-17
CSAG2,43.056892,-1.307298561353971,0.12504286204843743,-10.454803576453388,1.3928708971488202e-25,2.3352926455614616e-25
CSAG3,96.912445,-1.1150341543566207,0.0767565758484778,-14.526887657909164,8.185592198195375e-48,1.703644158281125e-47
CSDAP1,169.84207,-0.3252072306477464,0.03014020141573694,-10.789816105142142,3.8455826756085465e-27,6.551650016126728e-27
CSDA,8266.504,-0.24994135810088638,0.021679693583303936,-11.528823372917612,9.442539129382863e-31,1.674861945766734e-30
CSDC2,504.53,1.6633343491962818,0.049825284365835415,33.38333880813352,2.3925604474451774e-244,2.2303176808395773e-243
CSDE1,23717.191,0.2863255707835698,0.010462566760416138,27.366666071546433,6.840675931686124e-165,3.530274304010084e-164
CSE1L,5718.442,-0.29218952987862196,0.013848466369404904,-21.09905328752861,8.11444666549453e-99,2.5450935089016044e-98
CSF1R,3152.8718,0.7535830872041853,0.027122289651516036,27.78464122633772,6.650924267287647e-170,3.5577027629455917e-169
CSF1,1472.4097,0.7049033003781275,0.023810282328054863,29.604995466499084,1.2886399772652273e-192,8.077408034834595e-192
CSF2RA,392.7304,0.24620815493428996,0.02912946534592746,8.452203018848468,2.8585696823015266e-17,4.322461390521151e-17
CSF2RB,767.99,-0.24076475596107424,0.03168956547103803,-7.597603576518454,3.0166475341783595e-14,4.366268103820363e-14
CSF2,24.401834,-0.8165465530347885,0.06743493973828409,-12.1086569692776,9.50375087154458e-34,1.7379579986865725e-33
CSF3R,1138.9585,-0.8181281685027955,0.039060209405562804,-20.945309330222912,2.0704995160196478e-97,6.431690516729328e-97
CSF3,141.16785,0.1880793422094037,0.06812281826939472,2.7608861022988735,0.005764477582779589,0.006637201623561229
CSGALNACT1,1402.7739,0.8406330548005333,0.0307134703918151,27.370174847598967,6.213529075423333e-165,3.2074350518900514e-164
CSGALNACT2,1263.625,0.40913157788505633,0.015989066179518983,25.588209673503567,2.0638469810508762e-144,9.108575913118316e-144
CSH1,0.8843385,-0.8362993319418591,0.29228023087152943,-2.861292840258673,0.004219171378245382,0.004882238836518002
CSH2,1.0754241,-1.4400574881006543,0.15929415270656028,-9.040240734720626,1.563271609704952e-19,2.433601980576779e-19
CSHL1,0.10329797,-0.37098127614991677,0.3454198548381584,-1.074001019205265,0.28282222474914154,0.2990691151336297
CSK,4034.1067,-0.541381943996539,0.013173314428509953,-41.096866467019815,0.0,0.0
CSMD1,144.38449,1.5333038711068454,0.0587707529721979,26.089573360276503,4.787718518677852e-150,2.215299120949145e-149
CSMD2,169.149,1.9541672461611375,0.040128271960643655,48.69801640294188,0.0,0.0
CSMD3,112.11509,3.0897044548063173,0.08059998760051779,38.33380806607554,0.0,0.0
CSN1S1,3.6027784,2.305383867692941,0.1685766999620811,13.675578346304702,1.4207317260190833e-42,2.8202688387307443e-42
CSN1S2A,0.09334754,0.0611160935784321,0.5405166513946986,0.11306977022952734,0.9099752411275457,0.9141961970942859
CSN2,8.312022,3.618789552211926,0.1981092217416639,18.266638576425574,1.5256367711890515e-74,3.9815971060938215e-74
CSN3,9.986817,0.17800497666863532,0.1850920536048125,0.9617105283660167,0.33619503223553104,0.35339708081800786
CSNK1A1L,10.17838,-0.4481606030323803,0.034031603110926324,-13.168953621479325,1.3242020100276e-39,2.5631706334048213e-39
CSNK1A1P,4.699235,-0.8414264780691467,0.05832829154778192,-14.425700731862838,3.566293671816135e-47,7.383178041946787e-47
CSNK1A1,11112.223,-0.0090477461789536,0.011391005778817733,-0.7942886128438661,0.4270274316467335,0.4445163861793562
CSNK1D,7944.0825,-0.042096044208966406,0.008371736778579653,-5.028352577529129,4.947116334809876e-07,6.33528377534245e-07
CSNK1E,5240.1367,0.09352099006659856,0.013519771030827821,6.917350142495145,4.601697440457618e-12,6.4366855506888795e-12
CSNK1G1,1312.198,-0.053738540490448225,0.013515863584746886,-3.9759605557941557,7.009574402013078e-05,8.56898794587392e-05
CSNK1G2,3076.256,-0.38845931347079987,0.01067660813071059,-36.3841501640789,7.582225920067606e-290,9.690303672734236e-289
CSNK1G3,1382.0543,0.1467896867640098,0.010570885985333282,13.886223630419922,7.677789851151549e-44,1.545349714083978e-43
CSNK2A1P,1119.1001,0.044110840339646115,0.017450877782835786,2.5277147022960844,0.011480760304463605,0.01308643407639967
CSNK2A1,3028.74,-0.031753066737390624,0.010927073668869136,-2.905907629034665,0.003661895329360118,0.004246313550745721
CSNK2A2,1258.2356,-0.08220142269167645,0.011068815027666979,-7.426397720642224,1.1159511366328133e-13,1.6005388651431803e-13
CSNK2B,6951.302,-0.32530521791031736,0.010982195540393586,-29.621146037130103,7.9833676482714685e-193,5.008732879850812e-192
CSPG4PY2,0.10693704,-0.4088504900167232,0.31868622405419805,-1.2829248933809927,0.19951839060077525,0.21354194691626452
CSPG4,4406.865,0.6883168609080267,0.037239880170844654,18.48332641647205,2.8129196278461156e-76,7.445167798143405e-76
CSPG5,1020.6058,2.7916973583662923,0.05050959446233325,55.27063497704693,0.0,0.0
CSPP1,699.74084,-0.004866042444683206,0.01632504375458134,-0.2980722451857219,0.7656480243860873,0.7769053094336299
CSRNP1,2478.9612,0.7460582332952255,0.02144081218012098,34.79617409208684,2.778915953333282e-265,3.001376652196938e-264
CSRNP2,1789.7163,0.2364635487902657,0.012573381416528693,18.806679043349142,6.658025605766631e-79,1.8003817679346902e-78
CSRNP3,33.972065,1.6816837040762191,0.037507740812940435,44.835643726535146,0.0,0.0
CSRP1,16319.837,1.0991482891199345,0.022445189765288046,48.97032730014118,0.0,0.0
CSRP2BP,1545.1151,0.010563107192179637,0.010038693761356894,1.052239209930024,0.2926898141935945,0.3090861521431294
CSRP2,1375.5408,0.7331373520805062,0.030071330353450915,24.379944068433048,2.7915115055088536e-131,1.1303178747146926e-130
CSRP3,34.212418,-0.23114479664862744,0.15553360952834097,-1.4861405026834975,0.13724196100121647,0.14856750592990728
CST11,0.3784627,-0.8402142989881827,0.1296555723755205,-6.4803562515205755,9.150629864823192e-11,1.2512436927794707e-10
CST1,1304.9785,-0.8310880506872381,0.07153183144875706,-11.618436629608748,3.3215875363974336e-31,5.919485351323123e-31
CST2,115.83925,-0.863409037535839,0.06234344378041411,-13.849235543948064,1.285731192462216e-43,2.5835177010795753e-43
CST3,20891.502,0.05685070989161791,0.02204934144748026,2.5783404927095748,0.00992761214529091,0.011341465443352091
CST4,116.39034,-1.972587381145128,0.07379726607206953,-26.729816511342342,2.1198566476475055e-157,1.030765738940902e-156
CST5,29.761877,-0.6664991126164843,0.08545389606419723,-7.79951697130084,6.214458227852922e-15,9.088438694120942e-15
CST6,524.1633,0.05421150939642864,0.0599698843879002,0.9039788878993839,0.36600659626954624,0.3835655682015593
CST7,448.36545,-0.8265523516243135,0.036678448569212665,-22.535095781507756,1.8803062371078792e-112,6.585438617113248e-112
CST8,0.067282304,-0.40728264603855613,0.2848394693890937,-1.429867310566443,0.15275510576169643,0.16478255699689384
CST9L,1.5549703,-1.4806545358253427,0.14974198803067693,-9.88803845399734,4.6912976426624163e-23,7.614616017457077e-23
CST9,22.7227,-1.171891792260035,0.13821823470833355,-8.478561419431719,2.2799537794580407e-17,3.451634369124498e-17
CSTA,3313.4866,-3.388505876516325,0.05286863674072148,-64.09293080762126,0.0,0.0
CSTB,14038.623,-1.4244435835590372,0.025363970328439258,-56.16011866887752,0.0,0.0
CSTF1,1517.5961,-0.13642061721082585,0.009073095205080242,-15.035730820331377,4.282953536032003e-51,9.167015458376318e-51
CSTF2T,1829.0504,0.25289857377264324,0.01017632587368206,24.851658340333586,2.4813010070070977e-136,1.0377322761227917e-135
CSTF2,880.43146,-0.3970816312986706,0.013437394801510112,-29.550492276527148,6.472143134331084e-192,4.0344875098544565e-191
CSTF3,1403.1901,-0.13398397238622495,0.009421180465676353,-14.221569459831608,6.732587619473578e-46,1.3792387939712476e-45
CSTL1,1.6747735,-1.8244644495800741,0.07090445176723312,-25.731310293033097,5.218731122122904e-146,2.3361509875835577e-145
CSTT,0.06333414,-0.4571488821749047,0.24906153057788494,-1.8354857175823385,0.06643375338425807,0.07318461041881445
CS,8572.503,-0.13951921807003906,0.010826809390557617,-12.886457407453568,5.365229545169674e-38,1.0227594411058933e-37
CT45A1,61.9535,-1.523634786973121,0.12606756019206472,-12.085859238108947,1.2545175986677497e-33,2.289005537845198e-33
CT45A2,13.022385,-1.363749034568281,0.16282685568031693,-8.375455196689249,5.50108282683633e-17,8.284993732176419e-17
CT45A3,21.177664,-2.1244434385339,0.19891046601034534,-10.68040048945141,1.2572807495408949e-26,2.13166045801991e-26
CT45A4,9.365538,-1.8441364854086773,0.19854866610602676,-9.288082975203126,1.570921021946404e-20,2.4748418390317142e-20
CT45A5,30.96508,-1.0879790105884974,0.14624448825622804,-7.43945309365985,1.011029914430092e-13,1.4511814740469716e-13
CT45A6,4.4345613,-2.42989982149325,0.2328198430485076,-10.436824411856445,1.683483252078025e-25,2.8183566753602917e-25
CT47A10,0.29455927,-0.37549462775580467,0.9186610916281801,-0.40874118995319636,0.6827296025183179,0.6965518405247023
CT47A11,0.11061296,-0.6284382400801792,0.8305181792908436,-0.7566821001037993,0.44924034127570767,0.4665655311958441
CT47A1,0.6879998,-1.5736003896235284,0.4798677272471178,-3.2792377988219457,0.001040878857621253,0.001230404265360918
CT47A2,0.5561026,-0.49599616139063557,0.32915315935318956,-1.506885616304899,0.13183997893245467,0.14288688480627332
CT47A6,0.27705672,-0.6772883631680641,0.44281273426667206,-1.5295141958591132,0.12613702257491355,0.1368882538700781
CT47A7,0.16969252,-0.7261911034592509,0.9080120619064908,-0.7997593136973501,0.4238502601692359,0.4414122178518325
CT47A9,0.31485665,-0.3599663578535639,0.8035727066182368,-0.4479574217601912,0.6541839256889596,0.6688695531891085
CT47B1,0.9389917,-0.5018975930796904,0.2207161701413359,-2.273950262721121,0.022968977147380294,0.02584565333242223
CT62,16.920874,0.1327639129903835,0.06240327101369778,2.127515286197758,0.0333772925862698,0.03729982982565962
CTAG1B,100.31815,-0.6781748066689876,0.11855558348607542,-5.7203109860164485,1.0632925522460076e-08,1.4026808184524374e-08
CTAG2,103.93233,-0.8428576013627519,0.14563569502123302,-5.787438314761138,7.146791869874202e-09,9.462283649526493e-09
CTAGE1,25.864151,-0.6278146261859008,0.029874471497110304,-21.015087287707434,4.7736377330842695e-98,1.4905903467463598e-97
CTAGE4,218.47432,-1.4310843513395466,0.035698469970748874,-40.088114490961914,0.0,0.0
CTAGE5,2278.5696,0.023839016674468985,0.018694527500971968,1.2751869055385083,0.20224309493818016,0.21636716604552864
CTAGE6,39.73327,-1.9564244415676098,0.04110501046498742,-47.59576556327751,0.0,0.0
CTAGE9,421.1703,-0.6038808701716003,0.030221267300455507,-19.981983686120877,7.902078583022216e-89,2.301551042514296e-88
CTBP1,6640.694,-0.16948696256578522,0.010018384163006032,-16.91759467476144,3.33786583647474e-64,7.991017234805883e-64
CTBP2,3881.4482,-0.008653343594657241,0.01615772737049899,-0.5355544994809506,0.5922664822772291,0.6084037192937135
CTBS,1182.243,0.22512163167428156,0.016349550027940467,13.769286083688009,3.900485016294619e-43,7.785291612425701e-43
CTCFL,165.58986,-0.7061959632444017,0.04536710901320245,-15.56625446507709,1.2342629629089363e-54,2.723350998359492e-54
CTCF,2987.9644,0.09385763123424969,0.0076268551905077225,12.306203394429671,8.387687736904676e-35,1.5514212286330727e-34
CTDP1,1314.2676,-0.2832468465479183,0.010522010932058574,-26.919459443338805,1.3000014946125404e-159,6.436461680159706e-159
CTDSP1,6835.2114,0.04118018547299697,0.011819519930471723,3.4840827474583773,0.0004938267864254696,0.0005898052061971217
CTDSP2,10800.545,0.3824952157201559,0.013555014558552214,28.217986345048196,3.518418812749563e-175,1.9459790439763203e-174
CTDSPL2,1350.6971,0.22762548961250445,0.013903660283174177,16.371623369420963,3.04969641225331e-60,7.063568743693418e-60
CTDSPL,2755.2712,0.1452216810310479,0.01671777383544019,8.686663814244865,3.7323858328742915e-18,5.710780337553562e-18
CTF1,348.5162,0.29448973842102355,0.02948823853576079,9.986684625597144,1.743145516895143e-23,2.843190160108013e-23
CTGF,10033.52,1.259151600285136,0.029095688422755384,43.276226428805465,0.0,0.0
CTHRC1,2024.0492,0.46623237779127336,0.03828827855892561,12.176895784795924,4.1269222770247225e-34,7.578245750694175e-34
CTH,374.1753,0.24696144715758034,0.033928402778823745,7.278899887138813,3.3655331167880913e-13,4.785884582189404e-13
CTLA4,113.985954,-0.6511726576297421,0.036702146374818494,-17.742086552096435,1.9842797373747893e-70,5.0009842997293063e-70
CTNNA1,18298.309,0.11224820358308413,0.011622472411207275,9.657859327318844,4.552777211948083e-22,7.3030248391152715e-22
CTNNA2,520.466,1.736684045726496,0.07800664339248874,22.263283871713433,8.387296008725214e-110,2.874212412752679e-109
CTNNA3,17.703215,2.6446411938847616,0.055163755460902415,47.941645230429685,0.0,0.0
CTNNAL1,1912.3821,0.49734832513410177,0.022819072971068725,21.795290534574622,2.571554573579528e-105,8.521204356039324e-105
CTNNB1,18965.766,0.23349190961770916,0.014223936595687232,16.415421149198952,1.4834790521091326e-60,3.445374175438037e-60
CTNNBIP1,2340.0579,-0.2766681204030084,0.015890903273520125,-17.410471616426964,6.871551904992227e-68,1.6986149251303636e-67
CTNNBL1,2395.8835,-0.17536949741436803,0.01153276389849561,-15.206198527765238,3.2168884448334884e-52,6.946609232961921e-52
CTNND1,15975.13,-0.005658212910927965,0.01485941973519595,-0.3807828981050956,0.7033643503113912,0.7164554364331622
CTNND2,1447.9536,2.853533467045276,0.06629113770643612,43.045474338996456,0.0,0.0
CTNS,956.5489,0.10908800810117687,0.012985257076867717,8.400912469843139,4.430225427655475e-17,6.679129108533606e-17
CTPS2,1321.2194,-0.03793994004111834,0.014994194822109256,-2.5303085955089166,0.011396224480481902,0.01299080258668147
CTPS,1842.83,-0.30744133078362085,0.017795467976438693,-17.27638358208253,7.085367981653585e-67,1.7352460813001964e-66
CTR9,2751.0803,0.13036608472668226,0.010805368783101718,12.064936176038614,1.617877529684805e-33,2.9482965115335612e-33
CTRB1,136.773,-1.0138977612558082,0.21389323543978142,-4.740204893208307,2.1350220615436437e-06,2.6996406528145484e-06
CTRB2,303.39554,-1.1173030552523413,0.1373340451117228,-8.135659692710592,4.097011846089649e-16,6.101760363901914e-16
CTRC,70.97474,-1.505669333218909,0.10153834473551283,-14.82857867282432,9.57386552811116e-50,2.0271901017869488e-49
CTRL,44.6733,-0.8329791467028307,0.031186484795103674,-26.70961963733757,3.6391750560103505e-157,1.7682569204132393e-156
CTSA,10993.139,-0.45702630545635037,0.019060770306380974,-23.97732610540675,4.795084546532923e-127,1.8817102213350767e-126
CTSB,78835.875,0.32267713606389564,0.025870953964521038,12.472564270587366,1.0537948268974193e-35,1.966291713023972e-35
CTSC,9462.397,-0.2762912685459054,0.02639002909928929,-10.469532546038238,1.1923031370888374e-25,2.0001730032952903e-25
CTSD,61725.22,-0.32134671730649805,0.02118581283268026,-15.168014550322251,5.759274999891837e-52,1.2409046430606192e-51
CTSE,3245.817,-0.8268565675503072,0.08023562888613649,-10.305354105514784,6.664577837996764e-25,1.1088023224955146e-24
CTSF,3669.1968,0.33597675977756974,0.02698317035044325,12.45134487215846,1.3750834632101426e-35,2.5632049283551815e-35
CTSG,122.085266,-0.5104525438340907,0.05984252078672128,-8.529930509667922,1.464356521277378e-17,2.22218503404041e-17
CTSH,8924.06,-0.18009294163215794,0.026660514460230045,-6.7550437520928455,1.4279215987306335e-11,1.978161120614927e-11
CTSK,4480.697,0.5379054054097285,0.03660344898051471,14.695484179539319,6.890421052877248e-49,1.448895705593141e-48
CTSL1,6470.662,0.2691906754981454,0.02273955401443509,11.83799274723079,2.483251056313168e-32,4.469676266950737e-32
CTSL2,1271.4991,-2.046530617675238,0.04652238758940537,-43.99023188013029,0.0,0.0
CTSL3,1.1071209,0.533568439832075,0.18004387776109856,2.9635467002108817,0.0030411591209279073,0.00353698706329456
CTSO,2253.8323,0.8094152786198323,0.019394079844942378,41.73517305750977,0.0,0.0
CTSS,6056.616,-0.27481049787413414,0.027178421479108053,-10.111348743538322,4.9202195003925934e-24,8.091336737358063e-24
CTSW,424.19232,-0.9836122931212293,0.038307394252974296,-25.676825905350086,2.1217748302680797e-145,9.448209485876605e-145
CTSZ,12619.331,-0.2697383300342475,0.020797920431769257,-12.969485623294174,1.8224923944777748e-38,3.489853523248027e-38
CTTNBP2NL,1803.0583,0.2772696839468305,0.01583472949611002,17.510225483482046,1.1971890944581998e-68,2.9781980417979583e-68
CTTNBP2,588.9509,1.312753212119772,0.040167299098595996,32.68213799731578,2.80186604215374e-234,2.424275000093837e-233
CTTN,11729.997,-0.40090198892062695,0.018988056457673593,-21.11337670678831,5.993390169864289e-99,1.8812739819344287e-98
CTU1,220.68927,-0.5666146468379596,0.02064994169641331,-27.4390434204652,9.388555182885893e-166,4.8735745784899e-165
CTU2,695.87335,-0.24547234613690969,0.014044662823140267,-17.477980726775765,2.1083397981485574e-68,5.233319915935928e-68
CTXN1,993.12933,0.1340324481881674,0.0394769631508578,3.395206659538981,0.0006857681620806912,0.0008153208369423494
CTXN2,10.931233,1.021841823691861,0.06756356013869493,15.124156003535294,1.1223029583098387e-51,2.413538177694096e-51
CTXN3,18.691004,3.2394489585447035,0.08973909505595165,36.09852491297056,2.3921481482786374e-285,2.9498330800002896e-284
CUBN,1627.8999,2.4912770033289213,0.05346499581228891,46.59641257759721,0.0,0.0
CUEDC1,1023.09546,0.28282328221562736,0.018649270436578474,15.165380499866679,5.995047072054961e-52,1.2914312066444498e-51
CUEDC2,2282.0664,0.04637386768706978,0.013703221965825399,3.3841579595457207,0.0007139691490184863,0.0008484035431545767
CUL1,3394.0112,0.01143800298190408,0.008619684388734606,1.326963084269401,0.18452089451065534,0.19793776760326845
CUL2,1573.7991,0.03120853853301921,0.010066426949253963,3.1002597734374975,0.0019335098440425747,0.002265442386905086
CUL3,3548.9192,0.1285914005776631,0.008498810940631962,15.130516665911523,1.0189228401964483e-51,2.19191146487315e-51
CUL4A,4092.8545,-0.11283164835341844,0.011983339816041471,-9.41570965069159,4.69897320957431e-21,7.441959982397773e-21
CUL4B,3590.847,0.2274540691146302,0.00999086748912907,22.766198166687722,9.918560436198188e-115,3.5290452974582124e-114
CUL5,1786.4573,0.3396657689475927,0.011375224617908195,29.860137303385777,6.484042630036691e-196,4.176166526571243e-195
CUL7,2813.5632,-0.034059235439808926,0.015962355383737293,-2.133722412577596,0.03286551029824118,0.036742019886985465
CUL9,1741.7057,-0.06303335170860437,0.012944377540508024,-4.8695544850533246,1.1185014051014888e-06,1.423045250997451e-06
CUTA,6327.7817,-0.29246445516687547,0.01550630312498867,-18.86100463853077,2.3864213186254683e-79,6.472841943231535e-79
CUTC,607.0277,0.12510809064839368,0.012894914405443793,9.702126490702204,2.952792417058086e-22,4.749241651041679e-22
CUX1,4717.5728,-0.023551547427695826,0.014246440655818675,-1.6531530925288813,0.09829971027026553,0.10738229336225444
CUX2,421.68497,0.7290820115041148,0.06435646653567975,11.32880735613267,9.44824615521342e-30,1.6548248750343256e-29
CUZD1,54.95066,-0.4670056734778234,0.033338719235191085,-14.007906847989227,1.3945485391599107e-44,2.828131657411756e-44
CWC15,1858.3895,-0.023227180002004393,0.010904158652514623,-2.130121244764532,0.033161604805759345,0.03706489773485888
CWC22,1282.6284,0.1602139732553787,0.009903317240145412,16.177808846303932,7.232278223530138e-59,1.6562649308532067e-58
CWC25,886.7245,0.04406593735812611,0.010864894610120877,4.0558090013204335,4.9961074195143124e-05,6.126347705468402e-05
CWC27,880.4084,0.1747562144618222,0.009341933315955482,18.706643320108984,4.370500431553841e-78,1.1730918692947217e-77
CWF19L1,1058.6205,-0.20065621201842704,0.009189250297554455,-21.835971980415845,1.0567119546941749e-105,3.513571563876974e-105
CWF19L2,726.54364,0.36948424745620095,0.013538118255834434,27.29214211856709,5.257819022022426e-164,2.6936068814633764e-163
CWH43,313.29874,-0.16394552672923624,0.08012781268950037,-2.0460501943879845,0.04075143246621795,0.04536875450209062
CX3CL1,4166.931,0.6607561559108157,0.030878554088123147,21.398545865363662,1.3784027449002528e-101,4.4158774954247435e-101
CX3CR1,609.4072,1.4202261760470247,0.04222557827525634,33.63426231344852,5.296698720589811e-248,5.0674572017146596e-247
CXADRP2,11.265251,-2.403950014129344,0.061079935850146976,-39.3574416978298,0.0,0.0
CXADRP3,13.192008,-0.8161916022641158,0.0581089480611286,-14.045885005619281,8.164206066848289e-45,1.6578403282960733e-44
CXADR,909.60876,-0.23770893824961128,0.03254931823177036,-7.303038931782942,2.813397324144306e-13,4.0062919579110246e-13
CXCL10,1782.8322,-0.7306215948341576,0.04293792488111554,-17.01576396290849,6.274936663649321e-65,1.5114935581547152e-64
CXCL11,538.8562,-0.8581103838145601,0.04505642981294773,-19.04523699230087,7.195961015633852e-81,1.9749605057601727e-80
CXCL12,3383.4937,1.2328921089167397,0.032263965453346026,38.212665169739054,0.0,0.0
CXCL13,967.1274,-0.926567039364624,0.0543833458246368,-17.037698312134182,4.313776039663317e-65,1.0402009521675408e-64
CXCL14,9916.052,-0.4308117090040883,0.05023273039796558,-8.576314796966246,9.79612059082224e-18,1.491691990340688e-17
CXCL16,3887.403,-0.07952039088638063,0.022367428064591088,-3.555187062935767,0.0003777102635211588,0.0004527408451590976
CXCL17,2045.9564,-1.2697529380730026,0.07216026997979369,-17.59628862847324,2.6300459360954987e-69,6.578022753435904e-69
CXCL1,1294.9662,-1.3171805843253581,0.0505260347711649,-26.069344057789994,8.120540136059769e-150,3.7505915750916707e-149
CXCL2,719.70605,0.3745562550895266,0.044426840511763245,8.43085510414256,3.431484247903303e-17,5.181841551925779e-17
CXCL3,285.6551,-1.2374157468749842,0.050987314905637196,-24.26909024656591,4.157882065758253e-130,1.6696315774511296e-129
CXCL5,760.7825,-0.34939813202160125,0.06115792616487756,-5.713047415630934,1.1097074271450696e-08,1.4629627345235038e-08
CXCL6,318.22903,-0.6595565358331515,0.060918500193163166,-10.826867597557385,2.567899403725483e-27,4.382218269945273e-27
CXCL9,3192.177,-0.5251341560048159,0.04522772011999917,-11.610891608321591,3.628125231244265e-31,6.461249263724806e-31
CXCR1,46.865067,0.08264150351231225,0.045113431041603355,1.8318603042207255,0.06697223598055721,0.07375785742335629
CXCR2P1,108.166916,-0.3618461940497356,0.04643383898898985,-7.792726208477714,6.55786211226763e-15,9.585147156555148e-15
CXCR2,91.22456,-0.4900757564212372,0.04102568893808925,-11.945582611928765,6.846886784230058e-33,1.2395142098536345e-32
CXCR3,201.12885,-0.7849420296506763,0.035386215085847765,-22.18214148493669,5.108846917423249e-109,1.7407701153442667e-108
CXCR4,3868.5173,-0.04054926456516981,0.028347252706519995,-1.4304477751328366,0.15258854467606314,0.16462032648296165
CXCR5,114.162,-1.2593876022698232,0.04710883362583233,-26.733576387661454,1.9168828162617908e-157,9.327394181709799e-157
CXCR6,237.11508,-0.4934233070981856,0.03362052524438867,-14.676252185576397,9.151048003125222e-49,1.9212765421844528e-48
CXCR7,2232.9106,0.10970599574099847,0.031594597017116435,3.4723024218845087,0.0005160146861772784,0.0006159441249931527
CXXC1,2187.7717,-0.2663771072962575,0.01246523692563904,-21.369598418812362,2.5632795637722577e-101,8.195007638008699e-101
CXXC4,24.779423,1.2998848149685256,0.04284106334236038,30.342029668605953,3.2007913921674176e-202,2.176516765301819e-201
CXXC5,1882.5446,0.3530398583093749,0.021821991391462115,16.178168709547847,7.1901364752984825e-59,1.6467992856407e-58
CXorf1,16.945723,3.25106921856169,0.09734570083679212,33.39715252564023,1.5078845705636607e-244,1.4082120170690627e-243
CXorf21,125.358154,-0.4087786973721905,0.034774621965201806,-11.755086734839168,6.649243863973732e-32,1.1927044566223894e-31
CXorf22,9.610637,-0.38075850001441114,0.059217715454831496,-6.429807315090295,1.2776580023603658e-10,1.7429535828232838e-10
CXorf23,401.67767,0.2967080996135092,0.013361008619242162,22.20701356229935,2.9383034121897435e-109,1.0025292302458686e-108
CXorf26,1145.0519,-0.22166540168898174,0.011420545610617368,-19.40935304202152,6.433196626482655e-84,1.8052853221028307e-83
CXorf27,0.47645664,-1.1641717864642693,0.12442200563791668,-9.35663896828791,8.231347688560058e-21,1.3016078259525764e-20
CXorf30,20.398787,-1.153558399164996,0.06707028046879372,-17.199248178210922,2.6899907850424994e-66,6.547766904911555e-66
CXorf36,856.80115,1.279191222088297,0.025239645358039162,50.68182234505358,0.0,0.0
CXorf38,458.6788,0.015618014916737689,0.01392962594988206,1.1212084928145487,0.2621991255069578,0.27814255920155034
CXorf40A,928.5194,-0.30335762574811753,0.013172639101115345,-23.02937349300277,2.367881194673212e-117,8.597769438621707e-117
CXorf40B,1041.5966,-0.22521621161212485,0.011460754261989805,-19.651081112441812,5.6594506734610826e-86,1.6139621272026078e-85
CXorf41,7.037087,-0.9947698444405981,0.09867878873192179,-10.080888276233958,6.711659204377223e-24,1.1015128556381771e-23
CXorf42,50.008324,0.0752499068607346,0.01686613099225384,4.461598625985703,8.1350490131986e-06,1.0160202616999587e-05
CXorf48,8.199154,-0.4994936822656721,0.06634210984235231,-7.529059347865345,5.1107152174315406e-14,7.375180827309948e-14
CXorf49B,25.614075,-1.8462839223902725,0.08904237039168347,-20.734891875280926,1.6783170009239712e-95,5.128918616303081e-95
CXorf50B,14.612271,-0.20576340072393154,0.04019093562236396,-5.119646943711257,3.061081782940327e-07,3.9368644358106205e-07
CXorf51,0.21887718,-0.8416360701419722,0.2333928812614083,-3.606091435150972,0.0003108436475113662,0.00037377980152878765
CXorf56,426.0669,0.09242334505510601,0.0124559092691976,7.420040003314816,1.1708496484995373e-13,1.6788032955702571e-13
CXorf57,260.28058,0.30078545529069545,0.038107541566911686,7.893069007418306,2.9484447392115574e-15,4.332855958250909e-15
CXorf58,2.3992338,0.06660507964201987,0.03614267861506313,1.8428373931936788,0.06535275541418045,0.07202884081189367
CXorf59,5.705399,-0.9255433854714429,0.06799753541473569,-13.611425470442407,3.424977146674222e-42,6.77376235954347e-42
CXorf61,29.774128,-1.255834702968787,0.15329058558975994,-8.192510310644145,2.5583330399483196e-16,3.821357473243422e-16
CXorf64,5.3982215,1.4443525467843201,0.09925415531217657,14.552061243597384,5.666940987391822e-48,1.1811348440039936e-47
CXorf65,6.198769,-1.4632750697643941,0.052345771417806025,-27.95402627816932,5.889759584996345e-172,3.19929603497707e-171
CXorf66,0.32225478,-0.21142407949696704,0.25832999745452423,-0.8184263600056189,0.4131137750723457,0.43073764963115263
CYB561D1,735.06866,0.16018310000546637,0.014571857196963342,10.992634489915757,4.1464325786808735e-28,7.123816107119316e-28
CYB561D2,1047.8972,-0.3748807378915411,0.015054899372961903,-24.90091289250424,7.272675002738724e-137,3.0516156302711805e-136
CYB561,7278.4746,-0.7073210001538769,0.029190987683079705,-24.230800541355755,1.0539211416408007e-129,4.221282809888857e-129
CYB5A,4372.485,0.33303825515253105,0.031229840963012487,10.664103462677561,1.498371075884321e-26,2.5380927476436386e-26
CYB5B,4233.4683,-0.37766394674013837,0.01484365070568487,-25.442793974901296,8.482649906732848e-143,3.698035748419144e-142
CYB5D1,1079.7388,0.3893913296405651,0.015136469288351348,25.725373746190005,6.081320424754064e-146,2.721688338702308e-145
CYB5D2,1091.2052,0.319732434180443,0.01849439827761126,17.28806903480072,5.785816380166091e-67,1.4186852424882747e-66
CYB5R1,3379.8293,-0.3240566557482038,0.01848156771012686,-17.534045857518837,7.876053275328002e-69,1.9628910347949905e-68
CYB5R2,550.6099,-0.7788976620039623,0.030991878487487336,-25.132315303779812,2.2059733709946026e-139,9.389799678042884e-139
CYB5R3,12099.709,0.2230665489085908,0.014661886102125555,15.214041860293303,2.8536681575939812e-52,6.164225996865343e-52
CYB5R4,706.2533,-0.1716821793212252,0.01619118429985637,-10.603435557382184,2.872307172643812e-26,4.84966841332355e-26
CYB5RL,167.27698,0.15314141643805107,0.01713628217299087,8.936676864449801,4.010489707317732e-19,6.21381734789054e-19
CYBASC3,2937.256,-0.34706059982696136,0.01542411230877048,-22.50117172899573,4.0424124104446846e-112,1.4133517819722364e-111
CYBA,6221.8047,-0.897203336709654,0.024799007324354673,-36.1790020453168,1.30240077953045e-286,1.6257251667970834e-285
CYBB,2713.224,0.2769894901835551,0.03153042363214592,8.784832497498021,1.5659770902462376e-18,2.4065313692876777e-18
CYBRD1,6626.7085,1.1022482775465294,0.028658771227413737,38.46111435832135,0.0,0.0
CYC1,6999.121,-0.5688377190076158,0.016746107111948336,-33.96835546344681,6.536203975924903e-253,6.472304316432641e-252
CYCSP52,0.57061034,-0.5469724651561613,0.06260320560208163,-8.737131907155467,2.3910324039884196e-18,3.665313508982775e-18
CYCS,7174.141,-0.32576114695489644,0.01580530096760162,-20.610879072955047,2.1921437677248354e-94,6.640359316635906e-94
CYFIP1,6677.8657,0.13224161244779165,0.010736452621312863,12.317067574561793,7.331190404095841e-35,1.3576105642804004e-34
CYFIP2,3682.37,0.9945043206910715,0.029659008149661117,33.53127372543086,1.6881220784542868e-246,1.6015133921365714e-245
CYGB,1496.5068,-0.0849677166231419,0.0334768795419293,-2.5381014534739137,0.011145566906152215,0.012712190288087
CYHR1,2141.3225,-0.3205232117804034,0.0149134998289516,-21.492152442860608,1.8436340215256614e-102,5.963543858316006e-102
CYLC1,0.11729337,-0.5204632992641471,0.29762311444631,-1.748732789899074,0.08033721928357847,0.0881004819496027
CYLC2,0.14049365,-0.4274931542904519,0.2130032374605762,-2.006979609263332,0.04475183419420507,0.0497598357378384
CYLD,2486.2961,0.24370172901011464,0.015512312109048153,15.710213106656502,1.2874562506855754e-55,2.8649384422021674e-55
CYMP,1.2593818,-1.1820964009457002,0.11697054443257605,-10.10593228132816,5.199861702041793e-24,8.547758126109718e-24
CYP11A1,275.53687,-1.8240107081838839,0.059137011984230825,-30.843809096581772,6.781706978920209e-209,4.8547388320617635e-208
CYP11B1,109.34847,-5.836229812753685,0.21851773241654535,-26.70826641029059,3.77330325099905e-157,1.8329916699377158e-156
CYP11B2,2.6430318,-2.650000643994072,0.35325739926800653,-7.501613977471398,6.30367828783499e-14,9.079990537854292e-14
CYP17A1,667.53186,-2.058560287074363,0.08674072564727905,-23.732338779885882,1.6723032927450596e-124,6.425065623135812e-124
CYP19A1,32.652737,0.8014165196860576,0.044211105995334704,18.12704074335136,1.949732331771522e-73,5.0367466746017525e-73
CYP1A1,164.79776,-0.7087810374938799,0.07655347603514046,-9.258639505390024,2.0705353482897368e-20,3.25840837565361e-20
CYP1A2,108.04764,0.6107127873305367,0.11652750521525446,5.240932483729079,1.597671685619059e-07,2.065730842596115e-07
CYP1B1,2612.3152,0.8316335545351935,0.038689670144310594,21.494976603140856,1.734824978741131e-102,5.6151513103641784e-102
CYP20A1,1271.7129,0.17375385377004596,0.01113668389115864,15.601938195263703,7.061723409140306e-55,1.5616948390906745e-54
CYP21A2,406.36957,-0.9716796457327544,0.04899516295288103,-19.832154587734,1.571613531118938e-87,4.537864115735422e-87
CYP24A1,674.9129,-1.202316941956018,0.06592270512606119,-18.238282844383864,2.563870685397432e-74,6.674916020972674e-74
CYP26A1,98.60494,-0.2819662349403306,0.05951025293317737,-4.738111855396476,2.157187374405161e-06,2.7273289297345007e-06
CYP26B1,438.3864,0.29482129457377293,0.03646796916495856,8.084390256012984,6.24759755205254e-16,9.280907593012599e-16
CYP26C1,4.8855977,0.08031070321125035,0.053239819947137675,1.508470601346729,0.131434125378643,0.14246219233263016
CYP27A1,4382.5137,0.03266268534067565,0.036846248548679746,0.8864589103968904,0.37537028651899107,0.3929132988812411
CYP27B1,207.4105,-0.15553632929139272,0.033951739868361995,-4.581100405883164,4.625356954995017e-06,5.8074401632280956e-06
CYP27C1,117.70367,-0.4791930684070049,0.04691974293312259,-10.213036953122831,1.7335240794785708e-24,2.868168771564748e-24
CYP2A13,7.3151155,-0.468093880889099,0.126133565422435,-3.7110968783083376,0.00020636310145252462,0.00024919017689631963
CYP2A6,1355.3784,-0.44793790575221193,0.10231948986671527,-4.377835604298952,1.1986370523051492e-05,1.492085096171234e-05
CYP2A7,78.63294,-0.20561953505356534,0.11113954033863696,-1.8501024426324986,0.0642987859594155,0.07090174854290962
CYP2B6,377.88913,-0.5562593632530736,0.09973340942131477,-5.577462622411775,2.440522014882453e-08,3.198776005986729e-08
CYP2B7P1,1106.6257,-0.5001816777620961,0.06572991738742007,-7.609650181270804,2.7483878540114135e-14,3.9811048253161416e-14
CYP2C18,458.5348,-0.5978846320507576,0.08015903138845748,-7.458730746799545,8.735992170448345e-14,1.2551592420476914e-13
CYP2C19,37.919502,0.04486988854606744,0.10213939359435685,0.43930051831193245,0.6604437986862821,0.6749987599123503
CYP2C8,567.8099,-0.04029937685945801,0.06995550096349623,-0.5760715927184453,0.564566791582534,0.5809459342850043
CYP2C9,717.8173,-0.3399302670535132,0.0994896326729065,-3.416740598199883,0.0006337563533502398,0.0007543642187709034
CYP2D6,629.57935,-0.7010273031285695,0.059119973458182734,-11.857706661935943,1.962776581269184e-32,3.5369240943582324e-32
CYP2D7P1,127.892426,-0.48787554847950115,0.0420824585752681,-11.59332332275439,4.455047458895041e-31,7.928348882486377e-31
CYP2E1,3098.4766,0.5507651713846773,0.06739860753478959,8.171758906152254,3.039254343940833e-16,4.534382177069575e-16
CYP2F1,12.186985,-0.7875221402235061,0.08466739484102004,-9.301362604840225,1.386571551263831e-20,2.1862771230003358e-20
CYP2J2,1016.50946,0.5080473222661687,0.044801699093521934,11.33991193516206,8.322817200879259e-30,1.4587141476644355e-29
CYP2R1,473.68536,-0.32391069933944094,0.014643917134950096,-22.119129489361505,2.0688183632657117e-108,7.018675730332716e-108
CYP2S1,2153.8894,-1.5632858189996908,0.04598291843921745,-33.9970987501831,2.4589561578945962e-253,2.446817615766182e-252
CYP2U1,765.3137,0.7039997950812602,0.025383843383477447,27.734168716920916,2.704916635436299e-169,1.4423624353286435e-168
CYP2W1,282.93484,-2.7099585556027685,0.07040140971071757,-38.49295868844254,0.0,0.0
CYP39A1,325.35403,0.3334103890435023,0.039053235016906086,8.537330874104782,1.3735780670821885e-17,2.0853598708222427e-17
CYP3A43,10.438436,0.6008473559421253,0.07761050278480916,7.741830478899182,9.799559331869815e-15,1.428330673235521e-14
CYP3A4,1202.7913,1.3178181002251843,0.0968697788639425,13.60401681184916,3.7903125277327733e-42,7.494849723398555e-42
CYP3A5,1230.9222,-0.4724589736428752,0.05681780078018472,-8.31533370097714,9.149445773716672e-17,1.3742055810187954e-16
CYP3A7,201.84796,-0.548324533346729,0.08046223045658916,-6.81468224575952,9.447234267240578e-12,1.314670146594333e-11
CYP46A1,144.9722,1.9156582692061757,0.04210933753476188,45.49248174765921,0.0,0.0
CYP4A11,1348.3629,1.3392088959253061,0.0980891058761609,13.652983009306652,1.9378079579122286e-42,3.842211941481794e-42
CYP4A22,47.277252,0.7366060109311108,0.12429514837601925,5.9262651885874185,3.099019856611927e-09,4.130200658599255e-09
CYP4B1,1359.1139,0.0673985622849929,0.06546872660807841,1.029477214189108,0.30325548170103767,0.3198289656004676
CYP4F11,969.9345,-0.9238011443689855,0.05256839267826037,-17.573319200056556,3.944065725439855e-69,9.848796038786952e-69
CYP4F12,294.44983,-0.9426735373138677,0.05533645608192693,-17.035307355393655,4.493745609527982e-65,1.0833412298920092e-64
CYP4F22,249.19504,-1.0825921919120873,0.0636538457563644,-17.00749073442817,7.2267360937098986e-65,1.7403491853778074e-64
CYP4F2,324.3236,0.009519829923580157,0.09127187211486278,0.10430190268914119,0.9169297680233613,0.9205016344767067
CYP4F3,627.652,-0.5147175838855135,0.0658790763311963,-7.813066189602521,5.581326682762757e-15,8.167785360434659e-15
CYP4F8,113.45289,-0.8987989761328772,0.11876663071362098,-7.567773630794737,3.796748395232636e-14,5.488745336827468e-14
CYP4V2,1827.1611,0.43655438594742213,0.023473893797634555,18.5974423208566,3.3700770640514347e-77,8.986430772367146e-77
CYP4X1,651.508,-0.14156784029362243,0.043738651784946084,-3.2366759037220043,0.0012093066936703324,0.0014262701295582375
CYP4Z1,177.90776,0.6098838754011343,0.0827972530414341,7.365991660326354,1.7583481493769094e-13,2.5137427128126184e-13
CYP4Z2P,67.4578,0.8504208947729608,0.08689076923281877,9.7872409495456,1.2773380790784808e-22,2.063587204567433e-22
CYP51A1,4493.97,-0.04964604925941541,0.020307892023692747,-2.444667777507115,0.014498562737360457,0.01645719440064237
CYP7A1,86.80532,-0.09575215052197239,0.08629303596622714,-1.1096161984548474,0.26716444806616535,0.28311477192270773
CYP7B1,208.03175,0.6733125483483192,0.03158456903377574,21.3177690545119,7.767395096197958e-101,2.47358668486617e-100
CYP8B1,531.28937,-0.0011480599853191734,0.07659999906684929,-0.014987728450456693,0.9880419705622371,0.9884303709241111
CYR61,7922.5483,1.2455565375383904,0.030504686771726155,40.8316448832662,0.0,0.0
CYS1,1092.2876,1.410878604063831,0.048603508632592766,29.02832827829466,2.8894729177808094e-185,1.7225996817891508e-184
CYSLTR1,93.72899,0.22691887624631527,0.03331462200467521,6.8113897919799475,9.666033266430531e-12,1.3446584986078524e-11
CYSLTR2,151.40857,0.9864335772916261,0.046943189139654236,21.01334816339433,4.9517317677354e-98,1.5459639174869654e-97
CYTH1,2668.1702,-0.061132651440490446,0.013335890115855377,-4.5840698228165735,4.560118506048302e-06,5.726235284317361e-06
CYTH2,3500.755,-0.13614968157956672,0.011462898533958895,-11.877421855931342,1.5507679960418053e-32,2.798943761650276e-32
CYTH3,2242.9507,0.4576878747328011,0.02081441628869062,21.988984383937918,3.671121718386639e-107,1.233950256969351e-106
CYTH4,826.48004,-0.07644922020921763,0.026948743997071645,-2.836837969796474,0.004556272792845181,0.005266929240832106
CYTIP,561.5846,-0.3622268703656945,0.030897873179769775,-11.723359347686776,9.675750717674311e-32,1.7337494178941322e-31
CYTL1,163.10376,0.26210418379733247,0.04386374120338078,5.975417887453951,2.295011156654213e-09,3.065083451739906e-09
CYTSA,3183.9768,0.35615369527493107,0.012354276448693084,28.828373458698778,9.460855137671338e-183,5.5396476775338155e-182
CYTSB,1462.3018,0.3345053190017216,0.023991042404447476,13.942925587081236,3.4740260137085804e-44,7.022209651816222e-44
CYYR1,796.97925,1.0488504554157456,0.027087775525066544,38.72043514408033,0.0,0.0
CYorf15A,258.30222,-0.1959122660907436,0.08349572110645737,-2.3463749219071324,0.018957027699967828,0.02139746781303127
CYorf15B,216.74648,-0.6572319461093679,0.08460599328897134,-7.768148810269215,7.964146474308547e-15,1.1623086600032092e-14
D2HGDH,1216.7773,-0.41454996398981503,0.018331640357426536,-22.61390447919583,3.162855655126343e-113,1.1140584477978758e-112
D4S234E,1310.7664,-0.42654872361593804,0.050238646807113534,-8.490450096190507,2.0583833106231844e-17,3.117124800727269e-17
DAAM1,1008.0119,0.33354144656020973,0.02163438857384469,15.417188492373253,1.2544801220746298e-53,2.7456418840375607e-53
DAAM2,2560.0837,2.0844788097082723,0.0374316191245689,55.68764746112968,0.0,0.0
DAB1,27.915306,1.0086352852934708,0.058523571095158516,17.234684528280816,1.4584682720065035e-66,3.5594528350252223e-66
DAB2IP,3980.4707,0.1520174459849226,0.01920879642358906,7.913949558976009,2.493493581324505e-15,3.670646118740825e-15
DAB2,4482.4204,0.8913386748604728,0.028441746389787873,31.339097910686373,1.3697012547055e-215,1.0358747341957384e-214
DACH1,563.7666,-0.15321767059273284,0.0424661263398202,-3.6079973333725444,0.0003085696607944757,0.0003711330846644255
DACH2,37.32575,1.992111473629421,0.06694807297099364,29.75606892363483,1.4473560148421815e-194,9.231428917973675e-194
DACT1,560.08905,0.9450513644473554,0.028219858042433967,33.48887733688417,6.997730186829837e-246,6.595684670077253e-245
DACT2,420.18103,-0.8619207264217442,0.05415925379199514,-15.914560598121424,5.021832518682358e-57,1.1304675834570337e-56
DACT3,550.26685,1.9876787344137634,0.03182897740955311,62.44871485620471,0.0,0.0
DAD1L,1.037864,-1.1019786982975057,0.0853488516770886,-12.9114648486047,3.8785177789100084e-38,7.404608351540591e-38
DAD1,5747.4126,-0.03439756031728077,0.010921138397566175,-3.1496313905285205,0.0016347658022503734,0.001919609930096629
DAG1,8627.882,0.21828573064116535,0.014940650816564902,14.610188894793593,2.418465033266995e-48,5.057784243685953e-48
DAGLA,637.44794,0.5030740288012651,0.025968079588204195,19.372785233983286,1.309769628551443e-83,3.669409641898835e-83
DAGLB,1290.0154,-0.17924348618967081,0.011416649894850158,-15.700182438854,1.5080774117394818e-55,3.35185022113582e-55
DAK,2479.6963,-0.15856510502250468,0.019488069148807005,-8.136522084960456,4.0679467032885915e-16,6.059359594106851e-16
DALRD3,1543.7941,-0.08656620301586362,0.013352330140056832,-6.483228178740582,8.978055729388602e-11,1.2278935684174562e-10
DAND5,15.494501,0.3769593856066438,0.042401724443755104,8.890189975803263,6.10045166625067e-19,9.426876316751226e-19
DAOA,0.04462331,-0.46082822252880123,0.4348562362195944,-1.05972545440533,0.28926951907336107,0.305585208531266
DAO,197.13776,1.0001668314164969,0.1070975144082042,9.338842614071714,9.739287878700327e-21,1.5388603952072948e-20
DAP3,4515.993,-0.26747869397994833,0.010908346107239994,-24.520554385638686,8.917933812263171e-133,3.641400210266063e-132
DAPK1,2653.5305,0.239173487807315,0.02609893127585909,9.164110410472821,4.9957306027607483e-20,7.818285751526333e-20
DAPK2,1024.6404,0.7635829674058803,0.03701237696387395,20.63047634447195,1.462028687068552e-94,4.434660613830252e-94
DAPK3,2354.78,-0.03165972600958942,0.014480480085177374,-2.186372677104622,0.028788350908675688,0.03226545753645628
DAPL1,437.8715,-0.7141175093259913,0.06600871128062319,-10.818534333901168,2.812388138599888e-27,4.7970350296376606e-27
DAPP1,483.58264,-0.9351090876136892,0.03404991651941284,-27.462889287277886,4.874575117208642e-166,2.531670275797213e-165
DAP,8508.54,-0.03684221105781347,0.01436505923195985,-2.5647099996528886,0.010326207099450703,0.011790210887651666
DARC,814.14264,0.879111521683492,0.04006847307274919,21.940230167677168,1.0735704317247675e-106,3.6025746529560806e-106
DARS2,1473.6034,-0.2658348088649442,0.01588929165992061,-16.730437992745134,7.865773265354535e-63,1.8672956845773436e-62
DARS,4441.182,0.21387090950717771,0.011722317506274877,18.24476340900117,2.27720672936419e-74,5.933911660453801e-74
DAXX,3265.1733,-0.16407721578220424,0.009187625486240164,-17.858500656990678,2.482178131685137e-71,6.3065848724544746e-71
DAZ1,69.08557,-1.123466361559163,0.12949222844255806,-8.675936579912404,4.1016070875163616e-18,6.271940716144329e-18
DAZ2,6.0327787,-1.1998905655021852,0.23956110657876828,-5.0087035522507,5.479790063036274e-07,7.008169225036465e-07
DAZ3,4.176607,-1.2059310630766165,0.28111509962524034,-4.289812481379567,1.788240427121014e-05,2.2168170770113086e-05
DAZ4,0.09377596,-0.5347725991067364,0.7465433793662164,-0.7163315808395965,0.47378663088486983,0.4911314673210318
DAZAP1,4146.09,-0.5730355180870396,0.010646418298517145,-53.82425356768606,0.0,0.0
DAZAP2,13461.877,0.1949575392859888,0.009958583327439733,19.576834663702183,2.4370162038335573e-85,6.912122164091306e-85
DAZL,7.1493464,-0.7152974574294516,0.07155959678101173,-9.995828506670053,1.5895241250370347e-23,2.5944938396239067e-23
DBC1,279.81528,1.704282790517699,0.05508022568629681,30.941826568109008,3.272688524108326e-210,2.3652348477927373e-209
DBF4B,420.17456,-0.3473637087155102,0.01700862019376755,-20.422803540688992,1.0486981309102607e-92,3.1383867774808174e-92
DBF4,615.4698,-0.49729288594788607,0.019205369292590736,-25.893430028431546,7.896880841934326e-148,3.5886740415388603e-147
DBH,1887.0121,-4.430938195461243,0.07300240391894858,-60.69578476320756,0.0,0.0
DBI,7131.321,0.21639060878589636,0.019664029471494492,11.004387940914249,3.6397908510093203e-28,6.258128699915443e-28
DBN1,5232.193,0.2795433187414143,0.021848017414473658,12.794905525671414,1.7506523779593626e-37,3.3244596364960974e-37
DBNDD1,1580.1433,-0.4641891241131895,0.027387509997712542,-16.948934903244563,1.9597190582254462e-64,4.699955272283173e-64
DBNDD2,2429.9363,0.387208501621101,0.024049095290316257,16.100751273459192,2.5202581037826886e-58,5.747724289785119e-58
DBNL,5510.0293,-0.3038000931302751,0.011139245525987761,-27.27295061604596,8.88185934893873e-164,4.5387995603675605e-163
DBP,1097.021,-0.15327254863176837,0.023021214461479592,-6.657882836208868,2.7780008105756145e-11,3.8307585005763294e-11
DBR1,843.89844,-0.0020646423637223172,0.01041951647349786,-0.19815145635344544,0.8429265665535617,0.8512893481057573
DBT,1544.921,0.3279029303776601,0.013861654800650002,23.65539577296962,1.0386586389287116e-123,3.967364208245711e-123
DBX1,0.7270446,-0.30184122874294533,0.12015058610177774,-2.5121910640307674,0.011998410797571092,0.013659656960674935
DBX2,31.836256,3.0363817377885285,0.07984900364979103,38.02654509135475,0.0,0.0
DCAF10,2181.637,0.12318093154921314,0.015846150848540467,7.7735554032390715,7.631325321101366e-15,1.1144548612890232e-14
DCAF11,4549.264,0.06688319049349167,0.012511156500108858,5.345883931106587,8.997685574436953e-08,1.1679665940446436e-07
DCAF12L1,47.97764,0.6554563579455795,0.09264751776461382,7.0747319923980445,1.4973786746774657e-12,2.110866392311212e-12
DCAF12L2,21.062681,0.9113060429720455,0.05730304688708975,15.903273778228375,6.013818833387642e-57,1.3528766588833038e-56
DCAF12,3059.6604,-0.10187410626656472,0.011755110578667563,-8.666367328899437,4.4612602743796585e-18,6.81627001321542e-18
DCAF13,2297.17,-0.35175545104727635,0.014295909250797713,-24.60532204537101,1.107917136978447e-133,4.552186678454935e-133
DCAF15,1459.3711,-0.4550754366289154,0.014022609909937284,-32.45297698158322,4.917342380944828e-231,4.164399897406645e-230
DCAF16,1620.1569,0.08779264317570204,0.013456502388055,6.524179957314418,6.83745775925982e-11,9.367685230199912e-11
DCAF17,861.08185,0.15681906219192088,0.012072724471523763,12.989533767776603,1.4027900435729747e-38,2.6899691529718556e-38
DCAF4L1,25.864025,-0.7375610870291873,0.03130342166062465,-23.56167626099918,9.53020473585088e-123,3.611791478354208e-122
DCAF4L2,37.336037,-1.9112767152535077,0.1559189524150215,-12.258142359538917,1.5194319819256245e-34,2.8014957181691533e-34
DCAF4,681.1773,-0.10425223719732035,0.014163436770902286,-7.360659625458894,1.8300365227931437e-13,2.615126943745744e-13
DCAF5,3073.4753,0.2179300735555698,0.01008591261723214,21.607372761016045,1.531165616505333e-103,4.994872742578445e-103
DCAF6,3602.4368,0.032398402360423975,0.01432906150725958,2.261027516980778,0.02375755316134023,0.02671527339473768
DCAF7,6559.053,0.14146141288392844,0.010997328354567525,12.863252630369558,7.24620959211675e-38,1.37990441573197e-37
DCAF8L1,2.3931537,-1.3518127407798672,0.1474821921297296,-9.165938756801049,4.9117575312006596e-20,7.688050401915448e-20
DCAF8L2,3.5200906,-0.6363849787250684,0.1367922399692139,-4.652200876806254,3.284109240206768e-06,4.1351462688706534e-06
DCAF8,5063.521,0.24528332753038926,0.010707881661173342,22.906802231461317,3.9747208333834166e-116,1.4289482861884688e-115
DCAKD,2029.743,0.2772065921505697,0.015544675710026936,17.832896441304364,3.925475349713649e-71,9.961205614460946e-71
DCBLD1,879.8993,-0.16101689177128703,0.02188414289954593,-7.357696963979702,1.8711020790607023e-13,2.673246822989252e-13
DCBLD2,3028.2832,0.36301274213898477,0.025440437916286193,14.269123170501523,3.4083707968490765e-46,7.001414696100328e-46
DCC,32.267258,1.582005411489872,0.06819472137814472,23.198355818737586,4.7305777658351073e-119,1.7434799553699666e-118
DCDC1,6.7771993,0.2701548151797432,0.04378893755412614,6.169476362513095,6.851651768087039e-10,9.24466686635854e-10
DCDC2B,8.361219,-0.8651288748789997,0.06737628085518835,-12.840258677062018,9.754798507608684e-38,1.8551886297655786e-37
DCDC2,771.84064,0.5300072742104978,0.05139190041715371,10.313050692976333,6.151695836792435e-25,1.0240586716374258e-24
DCD,23.775675,-0.428101378033947,0.3016878267547059,-1.4190210544425594,0.15589287790493164,0.16810250531988716
DCHS1,1960.7784,1.179876929719792,0.022993007200605868,51.31459836574583,0.0,0.0
DCHS2,110.20103,0.8135198458371411,0.04399669649476741,18.490475664096603,2.4637166302103744e-76,6.524298500839361e-76
DCI,3070.259,-0.40480520283397026,0.019892255674704897,-20.349889396843153,4.653232458651538e-92,1.3856246837163473e-91
DCK,1333.8896,0.004391671818409251,0.016261849482457128,0.27005979997212953,0.7871142483424999,0.7976138062816662
DCLK1,1191.9237,1.6277474773155873,0.04309584777095414,37.770401593367914,0.0,0.0
DCLK2,1165.3414,2.7975067467714614,0.039396559147780036,71.00891060759295,0.0,0.0
DCLK3,38.678307,0.2656817186648897,0.0360872591591704,7.36220275119939,1.808999252837574e-13,2.5856090837208766e-13
DCLRE1A,735.15485,0.02607139737268615,0.012353145865613422,2.1105067208231754,0.034814732886881146,0.03888698890898191
DCLRE1B,563.674,0.026775819791084975,0.014616268049806456,1.8319190438929813,0.06696348282644907,0.07375220702535443
DCLRE1C,645.88007,-0.3764190546372181,0.016844514792338186,-22.34668432292477,1.3004992462965652e-110,4.4876040941274187e-110
DCN,16300.346,1.3547036096255771,0.03793021543750121,35.715684553855596,2.2569530006144344e-279,2.6745812653963487e-278
DCP1A,1451.0748,0.20459533087149656,0.01193062789724011,17.148747964792804,6.422126109627216e-66,1.5578227745252054e-65
DCP1B,784.01953,0.07006208689102736,0.014156808653727879,4.949002886507057,7.45946408992651e-07,9.521456389141933e-07
DCP2,1754.626,0.06422771730340049,0.01405684900480823,4.56914044402348,4.897285438492183e-06,6.145074529569329e-06
DCPS,953.7382,-0.3826384169011168,0.016002826986927073,-23.910676358227168,2.3717825863695926e-126,9.239786007634623e-126
DCST1,1.9900286,-0.9300087201450551,0.046094119391399443,-20.176298678103883,1.5815457080171656e-90,4.661747367818369e-90
DCST2,45.08521,-0.7419309572131696,0.03204580922891739,-23.152199150697953,1.3814589172640864e-118,5.0657640663868045e-118
DCTD,3472.2837,-0.03777226081089584,0.011560360528098874,-3.2673947078973637,0.0010854223337764832,0.001282462613507946
DCTN1,9400.413,0.10816658398532933,0.010577980703459023,10.225636349474396,1.5222485636346788e-24,2.5214757551898483e-24
DCTN2,5713.284,0.062303480485263886,0.011045251669823092,5.640747929310132,1.6931307854564377e-08,2.2240434648111242e-08
DCTN3,2172.3367,0.032407220201986345,0.013295790743219628,2.437404501008175,0.014793121095907387,0.016784058871577044
DCTN4,3734.5835,0.3581159328136542,0.011494120394636157,31.156445253590046,4.148489872553313e-213,3.0790778459829715e-212
DCTN5,3086.046,-0.10226631361598167,0.010063955686494099,-10.161641883342531,2.9408173579034365e-24,4.850692748080375e-24
DCTN6,1227.3044,0.3985673572578053,0.012510566508554293,31.858457967133518,1.0051547634341115e-222,7.984372153240372e-222
DCTPP1,2147.1133,-0.5129670712173405,0.015847824472687604,-32.368295856721296,7.67033339795914e-230,6.405263234169407e-229
DCT,344.83463,-0.10379839941498377,0.09309656751672234,-1.114954097489568,0.2648700926489611,0.280844238125108
DCUN1D1,1236.2122,0.0176714083447419,0.016463202923957684,1.0733882359565647,0.28309696053454725,0.2993285390559775
DCUN1D2,615.8892,-0.07903080216758317,0.01563332911864359,-5.055276554840432,4.2976753789294264e-07,5.510194158298646e-07
DCUN1D3,452.00238,0.2480831115782063,0.015043457502558047,16.491096646899244,4.2516218240732975e-61,9.919638862744472e-61
DCUN1D4,1560.5684,0.3983788339376947,0.012972104408367402,30.71042456925711,4.1312276830260156e-207,2.9133240179676704e-206
DCUN1D5,1037.5225,-0.4343290371863524,0.017148417357396903,-25.32764558584797,1.5847742142978908e-141,6.844382314147381e-141
DCXR,4911.9556,-0.1644931082445868,0.03140688257168412,-5.2374860150205045,1.6277863051753365e-07,2.1044006468799006e-07
DCX,363.61096,2.9955573150548975,0.07980639607404012,37.53530371520321,2.4471261883418587e-308,3.5868280826819225e-307
DDA1,2098.215,-0.22684882832821165,0.010547691256187154,-21.50696515648813,1.3398876935891078e-102,4.340298099249108e-102
DDAH1,4338.7886,0.6593370886371107,0.028448948567967897,23.176149623311264,7.92404786743164e-119,2.9125418041711637e-118
DDAH2,3744.661,0.1129412970493485,0.019390567890641495,5.824548186845912,5.726731351347403e-09,7.596463616241972e-09
DDB1,13398.859,0.07769199538515613,0.009097093388035646,8.540309752930032,1.3386251251764758e-17,2.0329008595754044e-17
DDB2,1320.1637,-0.33596356454167636,0.01815620659057623,-18.504061565153943,1.9148489156066608e-76,5.0774171754149524e-76
DDC,1415.1469,-0.19680884175610813,0.07885940468031817,-2.4956927148250196,0.012571144878108634,0.014294104360425226
DDHD1,950.4379,0.20089176668834538,0.01655458344648801,12.135114564357327,6.8813628271145486e-34,1.2606210675669002e-33
DDHD2,2093.436,0.35634782456721104,0.016958279007453197,21.013206847852633,4.966491052475114e-98,1.5503341204744075e-97
DDI1,0.92572224,-0.9409878472157539,0.10095597321383588,-9.320774365897478,1.1549426427805185e-20,1.823456941788955e-20
DDI2,212.02608,0.13121321866950383,0.026640473003507397,4.925333670022629,8.421652128374207e-07,1.0742210117258974e-06
DDIT3,1433.4963,0.1374819227525541,0.022375303936085954,6.144360011612133,8.028656049796865e-10,1.082127828651535e-09
DDIT4L,363.4982,0.6954689585678165,0.04662647769625459,14.915751584290962,2.60329371399024e-50,5.537030581187557e-50
DDIT4,9491.571,-0.15773744656230992,0.02609301793714356,-6.045197490849449,1.4922709607961001e-09,1.999943683157646e-09
DDN,196.54794,2.1187151021514943,0.05085527838327114,41.661655771182375,0.0,0.0
DDOST,13001.986,-0.30273001177330494,0.01101060075243712,-27.494413663695667,2.0475447240184496e-166,1.066137162053494e-165
DDO,165.61981,0.7047870367807143,0.0327002644050261,21.552946118453615,4.968292718206127e-103,1.6158062531942257e-102
DDR1,16350.509,0.21937952899957064,0.024378701789839325,8.998819169731373,2.281583603363784e-19,3.5447772116058667e-19
DDR2,488.04254,1.7265355136683544,0.03378173607678804,51.10854900245,0.0,0.0
DDRGK1,2706.7031,-0.32912949033402517,0.014458694698484164,-22.76343039240816,1.0564895684989491e-114,3.756386853836902e-114
DDTL,1119.8888,-0.48885575447487856,0.02264546111306605,-21.587361459944702,2.36113711880698e-103,7.693724488122807e-103
DDT,2552.9907,-0.4304986878129835,0.0217578746054714,-19.785879623772036,3.9396373267502833e-87,1.1339894858660967e-86
DDX10,1197.6375,-0.08777911733693772,0.011195647517487233,-7.840468110471468,4.488699199431699e-15,6.57733028654311e-15
DDX11L2,50.35267,-0.32156068808298677,0.032236510928499586,-9.975046269622872,1.960100732125217e-23,3.194755488378616e-23
DDX11,1372.2396,-0.6763863540254159,0.020038181301293773,-33.75487744397965,9.066674959327375e-250,8.798304837795331e-249
DDX12,342.39218,-1.149901324811322,0.024931571494727193,-46.122296183957594,0.0,0.0
DDX17,18917.303,0.11426912637198694,0.010582060141490799,10.798381869325562,3.503228380650262e-27,5.9718853388310044e-27
DDX18,3657.4812,0.059571345055416114,0.01062057557708261,5.609050528670115,2.034396257741646e-08,2.6692191410299778e-08
DDX19A,1982.659,0.106192063497227,0.009350300552482664,11.357074877024267,6.839656692896894e-30,1.2001083393147279e-29
DDX19B,1590.1068,0.005040436641723566,0.011097866287238668,0.45418069665513244,0.6496987754523591,0.6645507118887951
DDX1,5000.4233,0.05139846072825053,0.008861817114944012,5.799991137435616,6.63184244811284e-09,8.784494495844456e-09
DDX20,870.26587,0.026423462056409434,0.010258458248897413,2.5757732219897127,0.010001621967017005,0.011423694767996291
DDX21,3971.1938,-0.14937790190803182,0.020173566222554687,-7.404635365908809,1.315113190166113e-13,1.8847240207371458e-13
DDX23,5419.95,-0.1009727556686811,0.007407112668128723,-13.631864424466771,2.5888089419695157e-42,5.128995839777868e-42
DDX24,7151.5654,0.25477735880425023,0.011392672137839134,22.363266117177513,8.97020840470158e-111,3.1005852786302115e-110
DDX25,79.59345,1.7424559412518579,0.06807880899478864,25.594688963863057,1.7480569598166157e-144,7.71988972774544e-144
DDX26B,426.7551,-0.2052106444499696,0.022402104423435827,-9.16032889460553,5.173938423239283e-20,8.093446973394435e-20
DDX27,3091.867,-0.30774242318164213,0.010952154124276527,-28.098803184252198,1.0131557728400336e-173,5.5612937123888504e-173
DDX28,766.7991,-0.37603538939563774,0.011765016991191904,-31.962162883161454,3.661277418106633e-224,2.93811379405727e-223
DDX31,693.15906,-0.05509952965737905,0.010738865900494231,-5.130851820660431,2.884339085531335e-07,3.7111963244853983e-07
DDX39,3199.6228,-0.693970238944036,0.016812715311122467,-41.27651162242302,0.0,0.0
DDX3X,13208.322,0.24607104032335994,0.011166211722550006,22.037110386007008,1.2698769151397723e-107,4.287466685792807e-107
DDX3Y,1173.5048,0.35313382686028977,0.08092190169471168,4.363884430108089,1.2777309686528764e-05,1.589570717433786e-05
DDX41,3545.2473,-0.20313838563209197,0.010681520519979225,-19.017740522253572,1.2161261070326633e-80,3.3314197272709894e-80
DDX42,5961.8906,0.11974008678072659,0.008256236060320794,14.502987306309425,1.159900131320052e-47,2.4101252065263255e-47
DDX43,76.551216,-0.43993853381377107,0.05525459276402844,-7.962026535831742,1.692441672433653e-15,2.4979280853325174e-15
DDX46,2826.4949,0.06058681017003424,0.010369911589710255,5.8425580243280635,5.1405272341450985e-09,6.824204092329164e-09
DDX47,2444.8013,-0.05871475483740551,0.010315961484035914,-5.691641533197595,1.2582379590611204e-08,1.6570584519390227e-08
DDX49,2476.7473,-0.34976398239737777,0.012531453729072266,-27.910886474882403,1.9683020333467287e-171,1.063499498325532e-170
DDX4,3.71771,-1.7346909144097655,0.07888297118295777,-21.990689351525543,3.5357593476289904e-107,1.1888443362242546e-106
DDX50,1760.9835,0.12683723333792654,0.008979037272548134,14.12592792388886,2.6291374220219168e-45,5.359091787639588e-45
DDX51,1249.6104,-0.10438831066514785,0.01184283348359166,-8.814470862043166,1.2025164552510846e-18,1.850074247144021e-18
DDX52,1321.7518,-0.09759284976092625,0.012334990964651859,-7.911870388928226,2.535502956465397e-15,3.731678210849346e-15
DDX53,3.8299582,-1.144158663158025,0.14432079143647475,-7.92788517697151,2.2290926549935448e-15,3.2840362807014672e-15
DDX54,4262.35,-0.38900850670502507,0.010710194856816764,-36.32132859444953,7.45349742042433e-289,9.448677084833059e-288
DDX55,1038.9047,-0.2527891003688382,0.010799647551544741,-23.40716205434688,3.6129630378239577e-121,1.3504004862687342e-120
DDX56,3700.908,-0.3780379899731165,0.009855683754121526,-38.35735798797578,0.0,0.0
DDX58,1585.0105,-0.04602996848118194,0.022020288107368852,-2.0903436075288453,0.03658694467650318,0.04083065321871009
DDX59,797.9832,0.12395510800354016,0.01165925572346186,10.631476909294127,2.1271682059711564e-26,3.597227137251165e-26
DDX5,23662.402,0.12991074422288357,0.009383061072085658,13.845241251745058,1.3592363234798893e-43,2.730139336003065e-43
DDX60L,1147.1018,-0.18852165986108363,0.021572210984479853,-8.739097721448937,2.3497954927597093e-18,3.6031849391500275e-18
DDX60,1962.7863,-0.05158648407660734,0.024249472082232167,-2.127324005309183,0.03339317153807985,0.037315526611985714
DDX6,6414.982,0.2346463029624628,0.010132232020528594,23.158402066499598,1.1963112378554715e-118,4.389205350783843e-118
DEAF1,1914.5665,0.21428622114952667,0.01705556944548326,12.56400273438393,3.330479234908815e-36,6.241850938369563e-36
DEC1,1.3646055,-0.13910914080840348,0.08826831608126565,-1.5759804535109792,0.11503030795934202,0.12513502750436784
DECR1,3419.3423,-0.12806898117204488,0.018797448663320303,-6.813104451879551,9.551473730505319e-12,1.3289035309188669e-11
DECR2,1362.9297,-0.3912290866792931,0.024391668019112155,-16.039456029523876,6.774513145381808e-58,1.5384530187041632e-57
DEDD2,1555.2932,-0.5214627583867376,0.012500242315706487,-41.716211991468555,0.0,0.0
DEDD,1958.1204,-0.09586192812540376,0.009066056711015567,-10.573718120351957,3.945357437863818e-26,6.648198317949799e-26
DEF6,1046.1193,-0.9060291431867799,0.021822818803502227,-41.51751207508427,0.0,0.0
DEF8,2139.655,0.09571095453134754,0.013080170687108875,7.317255777531649,2.530931706463345e-13,3.606834566140785e-13
DEFA1B,15.322674,-0.6406924647471788,0.07907895163581606,-8.101934225149735,5.40921886690562e-16,8.041937119273516e-16
DEFA4,1.4014692,-1.4367359106210302,0.12049983222524985,-11.923136191055816,8.966837178478188e-33,1.6211334527718446e-32
DEFA5,92.67174,-2.660800624929603,0.19889148418405064,-13.378152593337505,8.11390848183335e-41,1.587307223807487e-40
DEFA6,51.271454,-3.683086707769088,0.18932368612995024,-19.45391399806703,2.7001252498936915e-84,7.592796956158241e-84
DEFB103B,33.247925,-4.572797623683757,0.15175372531648282,-30.133017256394687,1.7906127317015709e-199,1.1870753697398984e-198
DEFB104A,0.13611428,-0.7131560509598582,0.31436723629728824,-2.268544455712448,0.023296042646587946,0.026207887066468698
DEFB105A,0.029644135,-0.3972532325654485,0.9167744002841168,-0.43331623618889886,0.6647850443447824,0.6790947675772917
DEFB106A,0.009431887,-0.42417028246169586,0.9731851454081301,-0.435857744503292,0.6629399447954557,0.6773458966220357
DEFB107A,0.06250192,-0.5246237438927492,0.4684233245682275,-1.1199778413603227,0.2627232048475334,0.278683985176415
DEFB108B,0.007579399,-0.41763399401571577,0.9316253141522987,-0.44828536501901295,0.6539472613480468,0.6686947410238516
DEFB109P1B,0.17160612,-0.5667446274118944,0.15773069621452876,-3.593115614230649,0.0003267475216882499,0.0003923938414470052
DEFB109P1,0.06221776,-0.49640663668595775,0.2816212212169414,-1.7626748245067818,0.07795534918792749,0.08557141069267352
DEFB110,0.010206588,-0.3635874027641206,1.2788275393255621,-0.28431308490265395,0.7761704594317602,0.7871509032912182
DEFB112,0.005335551,-0.401954230611611,1.4435014693286388,-0.27845779110883534,0.780660961989203,0.7915472147586127
DEFB113,0.0006346286,-0.4179910640485886,3.0148496569960095,-0.13864408232716788,0.8897314070235373,0.8951074652669958
DEFB114,0.0008643096,-0.413109962091113,3.0148486376352586,-0.13702510863535158,0.8910109484808513,0.895851246981167
DEFB115,0.0045823245,-0.4281555144406432,1.3867928866024661,-0.308737893435256,0.7575209162393348,0.7689269748076292
DEFB116,0.02291259,-0.452359663819906,0.7228251210522932,-0.6258217245706098,0.5314318807627624,0.5483185516140827
DEFB118,0.088765025,-0.4885991080077604,0.29146786131847185,-1.6763395655272384,0.09367169918901372,0.10244209947298724
DEFB119,1.2261633,1.7509634700313583,0.24206946832122536,7.233309851814256,4.713622659952354e-13,6.691628459240638e-13
DEFB121,0.005923112,-0.4291921258661365,0.06473039231907116,-6.6304576643155295,3.346476470937578e-11,4.606241259672649e-11
DEFB122,0.06904914,-0.6047830921269917,0.5782303067222752,-1.045920777752436,0.2955976104733764,0.31205972266670834
DEFB123,0.4277055,-1.4684091741257672,0.2888197983111738,-5.084170762226301,3.6923563954894273e-07,4.7415594711599123e-07
DEFB124,0.42891595,-0.6927517796674196,0.11898132271497672,-5.822357357103241,5.802331656738575e-09,7.694741414769453e-09
DEFB125,0.16169131,0.016851905824097034,0.23804309745243124,0.0707935075809732,0.9435620990614678,0.9460248584060093
DEFB126,2.437873,-1.6560884264854632,0.10089776438226679,-16.41352944363679,1.5304408030036993e-60,3.5536318782336125e-60
DEFB127,0.04532824,-0.2774931554412566,0.46401304803390336,-0.5980287765980697,0.5498207321164572,0.56634456287169
DEFB128,0.003372351,-0.42249087737600705,1.5941902049522092,-0.26501911507395853,0.7909947364597018,0.8013865060752957
DEFB129,0.11954716,-0.2660646942819798,0.2840846727078171,-0.9365682834836678,0.34898067298039426,0.3663073582804623
DEFB130,0.007668902,-0.4338202150587527,1.2777979944978992,-0.3395061010635088,0.734228501751476,0.746623948212292
DEFB131,0.22952725,0.3810570062366019,0.14151366772408513,2.6927222816354672,0.007087127570007187,0.008134793380942454
DEFB132,17.372684,1.3158002051491042,0.12512619055422788,10.515785698589262,7.306920349621056e-26,1.2273046068635846e-25
DEFB134,0.0049738544,-0.4015493595542333,0.9550622597166515,-0.42044312343926693,0.6741617709251693,0.6881554020689656
DEFB135,0.010890732,-0.42056741841374096,0.9170749161188831,-0.4585965781221101,0.6465238943714225,0.6614029428424597
DEFB136,0.020030955,-0.40911062835275125,0.5874221499152152,-0.6964508035861428,0.4861465565258505,0.503277623528414
DEFB1,1944.9296,-0.14125265881777008,0.06498729977552889,-2.173542512239585,0.029739509806126548,0.03331132703251157
DEFB4A,39.498257,-4.382125719459005,0.12808553116055724,-34.21249597634834,1.5763444210767402e-256,1.6038378844928213e-255
DEGS1,4413.1777,0.2974798480264783,0.018118955157381735,16.418156866251962,1.4180928751976554e-60,3.2946425705978624e-60
DEGS2,838.9144,-0.9223486988714317,0.042945915197719446,-21.476983192115352,2.555751881047756e-102,8.257824558998772e-102
DEK,6430.1177,-0.039412867438731285,0.015861735164149494,-2.4847765412079115,0.012963277854287329,0.014735866769147723
DEM1,346.11194,-0.05453896336085723,0.013813023123826151,-3.948372696689598,7.868423968514491e-05,9.607367372855136e-05
DENND1A,1843.6605,-0.006648844035309309,0.012521763714077433,-0.5309830297975062,0.5954305390196404,0.6114071893832077
DENND1B,217.88245,0.057895847666179376,0.02617978685350363,2.2114713152613463,0.02700321612177006,0.030299739694836677
DENND1C,703.40125,-0.39158686756180705,0.023624554803620558,-16.575417857262426,1.0493099910703769e-61,2.4594637472026022e-61
DENND2A,730.9583,1.868465763454746,0.03287232446436013,56.84008642225831,0.0,0.0
DENND2C,193.77264,-0.817980385554734,0.033829974641864005,-24.179160469795253,3.686180333867401e-129,1.4674803562222608e-128
DENND2D,1388.395,-0.5779118672827518,0.02301899454207199,-25.105869251869272,4.290997329697435e-139,1.8234275649198514e-138
DENND3,1426.9779,0.13299414138525673,0.023476766904260062,5.664925750961211,1.4708821363672577e-08,1.9337265539391062e-08
DENND4A,1098.2886,0.33531713599990576,0.01755308796090244,19.103028296034726,2.3825885158051656e-81,6.564774609998291e-81
DENND4B,2472.0303,-0.1160356792656266,0.013374652687798515,-8.67579009146788,4.10689080197995e-18,6.2795486171618325e-18
DENND4C,2394.973,0.3542991216515798,0.014995467613587736,23.627080580704344,2.031003021609794e-123,7.731711016633095e-123
DENND5A,3619.3943,1.1561303591901326,0.018428525546120924,62.73591212149309,0.0,0.0
DENND5B,888.9539,0.8392294982961052,0.02416325962743652,34.73163435876797,2.624741403227205e-264,2.8139605175514833e-263
DENR,3203.4146,-0.1489855435651154,0.009528776202380799,-15.635328231120678,4.183138290756649e-55,9.265068805647804e-55
DEPDC1B,402.19098,-0.6859387184178459,0.030299986214452637,-22.638251831634943,1.8212412920752144e-113,6.430567371723775e-113
DEPDC1,545.71515,-0.4519212511896732,0.03337618360146677,-13.54023145923169,9.050330220414742e-42,1.7835221465242836e-41
DEPDC4,20.935251,0.012700000207990864,0.01906816020034522,0.6660317552692334,0.5053908032868704,0.5224030952537263
DEPDC5,773.24243,-0.052390878782616015,0.012179905905259443,-4.301419008499314,1.6970780411294963e-05,2.1049599024829666e-05
DEPDC6,1475.7062,0.08163833115390018,0.02752168256047198,2.966327766281021,0.003013791123021957,0.0035059581437405876
DEPDC7,242.4079,0.054261155370542026,0.03663490475451408,1.4811326993788916,0.13857121579172976,0.14995064219750326
DERA,1733.8385,-0.07488217767267501,0.01606941824722269,-4.65991839409725,3.1633477341489393e-06,3.983830045746521e-06
DERL1,4794.2065,-0.05700371398953374,0.011459959163740565,-4.974163797188223,6.552988433721631e-07,8.373331545982469e-07
DERL2,1358.979,-0.1156110811803293,0.011840600205125154,-9.763954459866614,1.6076159687342336e-22,2.594487000195027e-22
DERL3,802.3254,-0.7836295115834515,0.033145244831886723,-23.642290638009598,1.4168039330551387e-123,5.4026430554541236e-123
DES,13612.113,2.35346246964048,0.06666071325424312,35.30508983101341,4.905844401101546e-273,5.5985474306068596e-272
DET1,306.95413,0.28174339647236024,0.01394509104996666,20.203768871988387,9.070338902481524e-91,2.6805491321762427e-90
DEXI,1629.6694,-0.02492189109544867,0.013861362426618961,-1.7979395046759175,0.07218659495487827,0.07936315404937717
DFFA,1194.0135,-0.13889828367910959,0.011564043157370455,-12.01122148965532,3.102286019098599e-33,5.635210658710598e-33
DFFB,307.48502,-0.3072366773788944,0.014500242402691165,-21.188382155726785,1.2222525184466509e-99,3.858557764468191e-99
DFNA5,958.3971,0.5916108719029827,0.029753217199032424,19.883929456953716,5.606609617481766e-88,1.6222991074802625e-87
DFNB31,742.6406,-0.29543632506914236,0.023841043137585994,-12.391921081816243,2.8903533377137453e-35,5.369042299499466e-35
DFNB59,51.898582,0.06508441977984106,0.023342595998306247,2.7882254306489145,0.0052997650869850005,0.006109042996598779
DGAT1,2742.9004,-0.686674030040828,0.01769169197356897,-38.813361156564625,0.0,0.0
DGAT2L6,0.91671926,-0.9878511869678737,0.08222149719992618,-12.014512270019338,2.9812339505147075e-33,5.417740069492897e-33
DGAT2,1725.7677,0.2715021285280369,0.0394086049935352,6.889412314203347,5.6023343959228475e-12,7.828272200864328e-12
DGCR10,11.215609,0.675957371989854,0.04954171309834739,13.6442066637458,2.185792574060119e-42,4.333484371924234e-42
DGCR11,92.58062,-0.3114662652466667,0.01694001682585999,-18.38642006371529,1.6876219396803338e-75,4.441351482672171e-75
DGCR14,1078.7532,-0.08792478003155411,0.0118375647124432,-7.427607127598713,1.105798171704888e-13,1.5860888387867982e-13
DGCR2,7493.865,0.13835698040020936,0.011819018195680837,11.706300651163291,1.1833070958649008e-31,2.1180718449721747e-31
DGCR5,376.3133,0.8554768777443567,0.0490250931017341,17.449775688729837,3.455871921704118e-68,8.567717541886769e-68
DGCR6L,2121.8757,-0.2517792944931744,0.01607264391365827,-15.66508259908729,2.6208895555553096e-55,5.814393642971619e-55
DGCR6,1411.5671,0.19804600123792754,0.02506295260152148,7.901942136933415,2.7459089143690476e-15,4.037261470906293e-15
DGCR8,1744.455,-0.13287597003092821,0.008854864489966785,-15.005985713444456,6.708685044369648e-51,1.4330303097085476e-50
DGCR9,81.71633,0.9489491370024231,0.043288809633325966,21.921349767767072,1.6256526983051444e-106,5.446217423859541e-106
DGKA,1713.9989,-1.0162656541929125,0.025254824874442767,-40.24045540784356,0.0,0.0
DGKB,140.87105,2.3540500846247494,0.061908837240785046,38.024459665895975,0.0,0.0
DGKD,2007.4619,0.056859415006465686,0.01918420385103345,2.9638662854076525,0.0030380026503819407,0.003533517822162131
DGKE,518.5051,-0.13415947492204156,0.021819517617955517,-6.1485994911106685,7.817008803673086e-10,1.0538804200647663e-09
DGKG,357.51172,1.067439196509294,0.03952752525598964,27.0049589392785,1.2924411412262502e-160,6.45079901795176e-160
DGKH,125.46326,0.004875353636937347,0.026630847936500373,0.18307166367974198,0.8547417891106528,0.8627510205505097
DGKI,72.57659,1.755827813645201,0.04660776326809088,37.672432456060285,1.40476766419403e-310,2.11067637456283e-309
DGKK,13.885189,0.8851018113677842,0.1209997631643782,7.314905320644084,2.575629287127175e-13,3.6700193628654927e-13
DGKQ,1136.1746,-0.563793121887572,0.015139068641449704,-37.24093834570154,1.485303304948147e-303,2.1131579304989044e-302
DGKZ,2311.7449,-0.4838544230522561,0.016486149155412695,-29.34914748684038,2.450129876562151e-189,1.5024757276183384e-188
DGUOK,1980.0654,-0.40111259072400895,0.011471989481135187,-34.96451869866234,7.791859549804242e-268,8.565576056936532e-267
DHCR24,22445.123,-0.3905871986652248,0.030935163154341333,-12.625994461917397,1.518113930989759e-36,2.8557037347334847e-36
DHCR7,4149.6562,-0.5315660192883019,0.02447746604951408,-21.71654607601241,1.431449893307043e-104,4.708059511767059e-104
DHDDS,1659.0018,0.07657970423737037,0.009703247427944107,7.892172677863562,2.9697043291382713e-15,4.363467843311638e-15
DHDH,78.57704,0.10338907092093347,0.03951327309582103,2.616565594811937,0.008881929697011834,0.010163399657231561
DHDPSL,410.85898,0.7547686345288778,0.0514908119278008,14.658316819458907,1.1919112783156172e-48,2.50037318034288e-48
DHFRL1,492.06772,0.4859200393113288,0.013900895832030321,34.95602335150776,1.0488944358837522e-267,1.1505625980688206e-266
DHFR,891.9912,-0.2711905641945668,0.019192119241271923,-14.130308424271446,2.470598836236834e-45,5.0374483432093844e-45
DHH,19.181524,0.7919761199934943,0.03324730148923605,23.82076392725887,2.0352852081539102e-125,7.879135111771337e-125
DHODH,511.33157,-0.11378111930981984,0.021301684998264316,-5.341414039269233,9.222434592138878e-08,1.1967591679607077e-07
DHPS,2358.5674,-0.14376143284412565,0.012085883623779173,-11.894987352126469,1.256720585609519e-32,2.2700358799063255e-32
DHRS11,695.3025,-0.5137729597175206,0.02189219711042497,-23.46831417267224,8.59556405335952e-122,3.2305166801245424e-121
DHRS12,527.40814,0.10807920306930001,0.017576358012950224,6.1491238964105905,7.791210222063074e-10,1.0504718470925968e-09
DHRS13,837.89343,-0.639884006390846,0.020882783513946592,-30.64170089985842,3.408923972265723e-206,2.390709030360243e-205
DHRS1,1326.3068,-0.2904715270166767,0.01978932675985352,-14.678191458536851,8.893087950886309e-49,1.867695250588966e-48
DHRS2,2674.9797,-2.106572980303634,0.06522696568458783,-32.296044407311534,7.949043055205476e-229,6.605492553507276e-228
DHRS3,5882.1187,-0.0944317430645576,0.02770131748326809,-3.4089260599823614,0.0006521915412622494,0.0007760808690489296
DHRS4L1,55.199368,-1.0241047116180706,0.03423041861830875,-29.917972170819723,1.1488758959364802e-196,7.446661689070613e-196
DHRS4L2,931.5866,-0.31807320293182095,0.02085789669211992,-15.249533911633021,1.6581248867654416e-52,3.589724007832584e-52
DHRS4,1760.5717,-0.12950018625417903,0.020180170335125973,-6.417199860239467,1.3880364979760346e-10,1.8923883387326117e-10
DHRS7B,1272.3958,-0.12696757457671395,0.014838060068781548,-8.556885063691489,1.1595803952732717e-17,1.7629674607847463e-17
DHRS7C,1.4005129,0.423376770943216,0.13976110915153114,3.0292888594936977,0.002451301816528328,0.0028625704762361035
DHRS7,4861.7974,-0.025408306952728985,0.025295092757430276,-1.0044757375030955,0.3151493601662687,0.3319086350227647
DHRS9,397.188,-1.01060323502244,0.045878159412236975,-22.02798124357369,1.5534385383438737e-107,5.2387701179630486e-107
DHRSX,1109.4607,-0.1297220381217447,0.014592378265989794,-8.88971185896994,6.126758068616627e-19,9.466089968806703e-19
DHTKD1,2691.3953,0.1953075930956768,0.020232857040407767,9.65299130546027,4.774236861086669e-22,7.656454372183025e-22
DHX15,5449.785,-0.08748473334306102,0.00993518343581333,-8.805547870178724,1.3021494384876905e-18,2.002603143841282e-18
DHX16,2112.3374,-0.16272689360995515,0.008975696554862399,-18.129723149096566,1.8569165465065582e-73,4.797584260193784e-73
DHX29,1818.0481,0.20702575607227452,0.011215833260594183,18.458348235225717,4.467975376480515e-76,1.181344294672296e-75
DHX30,4278.465,-0.025944521062651237,0.010250765797627086,-2.530983691838618,0.0113743136909302,0.01296655201487474
DHX32,1846.1418,-0.18916754523833568,0.013012801875338518,-14.537034149182006,7.058519928227691e-48,1.469821082323694e-47
DHX33,728.8758,0.19769612328345063,0.019679959534193242,10.045555375251688,9.610478004793918e-24,1.573080251644954e-23
DHX34,1361.1326,-0.5377169441367411,0.013237108292094723,-40.6219343584179,0.0,0.0
DHX35,706.6667,-0.0028241916383262345,0.01156792610220405,-0.2441398409165268,0.8071225173302863,0.8167912978589968
DHX36,1986.1619,0.12501523300497758,0.01222197021646992,10.228729966671919,1.4744021801178352e-24,2.4424209914580155e-24
DHX37,1460.8003,-0.33530852411192447,0.012126824314007287,-27.650151056004074,2.7791430572882064e-168,1.4703891243069282e-167
DHX38,2999.5884,0.03792042221109943,0.009969337207295724,3.803705444264504,0.00014254766777351747,0.00017285889381148621
DHX40P1,11.312764,-2.0995261867254564,0.0807232479713656,-26.008940912167045,3.9234470141787924e-149,1.8010700735437664e-148
DHX40,2942.2686,0.295323253538874,0.013213617270966038,22.34991732262298,1.2096754323463257e-110,4.176323915065092e-110
DHX57,1189.5886,0.10777520425627864,0.009685838349818537,11.127090951120179,9.260863091562877e-29,1.6033838904764743e-28
DHX58,884.4525,-0.2101889013246822,0.017428709227374092,-12.059923576816162,1.7194238771621168e-33,3.132225368212557e-33
DHX8,2353.0396,-0.05809376854934426,0.009809505184861898,-5.922191533064788,3.176793140973581e-09,4.2327442118508596e-09
DHX9,8766.414,0.06474235874768287,0.008772007884837394,7.380563218552441,1.5762131081929056e-13,2.2549450263297986e-13
DIABLO,2359.4053,-0.17380520587020784,0.01185271777868257,-14.663742874465562,1.1003626928002475e-48,2.3090377306452526e-48
DIAPH1,8144.43,-0.1545278945088588,0.0148450197297921,-10.409409843945213,2.2460971368205724e-25,3.754067121626306e-25
DIAPH2,638.1221,0.030238055414772366,0.02226543307934091,1.3580717386911685,0.17444092179962323,0.18752997818769296
DIAPH3,396.34412,-0.3686366207724431,0.029563422575607373,-12.469348561712312,1.0971933034157052e-35,2.0465193279194083e-35
DICER1,3157.589,0.206972376714869,0.014492919187220996,14.280930849139425,2.877322698189901e-46,5.913528448662245e-46
DIDO1,3903.0396,0.013720013908004173,0.010412085850741463,1.3177008050723233,0.18760382495969585,0.20116007122528295
DIMT1L,918.2424,0.07976727848513333,0.010681766259238645,7.4676113059619444,8.166364280631415e-14,1.174228479337347e-13
DIO1,654.53674,0.7895056925431273,0.07135276821022929,11.064822183450227,1.8583107773840943e-28,3.2064877630954126e-28
DIO2,1826.6488,1.0192562807474148,0.04367174968534587,23.339030107360866,1.781226321453721e-120,6.621337931735448e-120
DIO3OS,9.000982,-0.595698660200154,0.055497929103077,-10.733709704622589,7.069968642075983e-27,1.2016821805311817e-26
DIO3,72.01972,0.20647019972462724,0.04877172073876205,4.23339994154711,2.301846201119688e-05,2.8443364171276846e-05
DIP2A,1817.402,0.023220766849601206,0.013977222419327971,1.6613291362875564,0.0966473613863039,0.10561694205387875
DIP2B,3343.703,0.11407492800255688,0.016763570504673957,6.804930248645473,1.0109820747152093e-11,1.4058181858566318e-11
DIP2C,1679.4791,0.9129575841212872,0.020237245422931288,45.11273965609935,0.0,0.0
DIRAS1,644.5111,0.8716315730079206,0.04540054666297731,19.198702153926007,3.7945526084020576e-82,1.0507793328952324e-81
DIRAS2,325.79486,1.7625889256519942,0.05903962793320827,29.854336610081912,7.711638648932591e-196,4.963681670996479e-195
DIRAS3,279.59116,0.7721162302633313,0.042325678814826496,18.242264551534195,2.383747134217201e-74,6.209148913194473e-74
DIRC1,2.6677504,0.7174216235471378,0.06431751005881711,11.154374957784741,6.817019465596912e-29,1.1818760052804864e-28
DIRC2,877.14734,-0.015998947178428386,0.013916149822845895,-1.1496676438595967,0.25028078580201585,0.26592904953516205
DIRC3,41.099342,0.8175956641173118,0.039065065458730376,20.92907446887672,2.9109346276333004e-97,9.034103366461336e-97
DIS3L2,1072.5432,-0.21013412510501395,0.009608788294217607,-21.86895149219479,5.132335388337322e-106,1.711254768607264e-105
DIS3L,1441.1521,0.25258039986831765,0.012056875205104386,20.94907640425651,1.9130546117349365e-97,5.944425952428506e-97
DIS3,2124.37,0.02183784749959656,0.011843724822808486,1.843832732211198,0.06520752085718728,0.07187655209157964
DISC1,491.96408,0.5667810367099504,0.02489835008782825,22.763798995140068,1.0476450367106544e-114,3.725590445832701e-114
DISC2,2.652862,-1.9795872459969364,0.07290038224927328,-27.154689521764066,2.228905933241969e-162,1.1268511520951885e-161
DISP1,613.2011,0.6473328175398811,0.020487224189473983,31.596902125592525,4.0721610194948214e-219,3.154685167271502e-218
DISP2,282.2753,0.2919256512184212,0.03703464229213097,7.882502250614389,3.2088923383022486e-15,4.712872537548368e-15
DIXDC1,1229.1499,1.35365266386887,0.022760691251460182,59.473266822774036,0.0,0.0
DKC1,3658.1443,-0.5268516813040682,0.01318372485194046,-39.96227828029368,0.0,0.0
DKFZP434H168,0.83516383,1.6158381587254373,0.1176668767445417,13.73231110938272,6.502570434412848e-43,1.2956139310453236e-42
DKFZP434K028,0.75714666,-0.28391825112532404,0.0823434587609111,-3.4479757760685854,0.0005648046901370851,0.0006733535566259246
DKFZP434L187,9.885573,0.005011596510714396,0.06789680726125487,0.07381196131109173,0.9411600092400713,0.9436629710967058
DKFZP586I1420,536.55225,-0.05593108629633399,0.01681606049490493,-3.326051682157093,0.0008808559431214761,0.0010440324938004385
DKFZP686I15217,122.68514,0.17615485691212002,0.017965371685917664,9.805244221593297,1.0688812469183687e-22,1.728737949317689e-22
DKFZp434J0226,32.29034,-0.33751280318229565,0.05508388581677005,-6.127251158442082,8.941027751541074e-10,1.2038250379844237e-09
DKFZp434L192,0.2892174,-0.3817144980852518,0.16997483631027138,-2.2457118145916124,0.024722472929916372,0.027784975234897456
DKFZp566F0947,4.82269,0.7267827276001904,0.044534870669354125,16.319408065561376,7.182870660506518e-60,1.6580052582454898e-59
DKFZp686A1627,12.705854,-1.072243393704744,0.1641865340147063,-6.530641505646879,6.548858063780053e-11,8.974703912257545e-11
DKFZp686O24166,252.76581,0.09471599598200243,0.0370519655863949,2.556301520931488,0.01057914044268534,0.012074940868567072
DKFZp761E198,1249.6221,-0.44501138233000626,0.017064328321536665,-26.07845875588102,6.400604128545202e-150,2.9588987160093497e-149
DKFZp779M0652,20.605423,0.2742427294298325,0.04497526846135182,6.09763407339069,1.0764982165295733e-09,1.4475843586740808e-09
DKK1,563.10315,-0.33210159128725003,0.056269311803004346,-5.9020020086600455,3.5911679189158098e-09,4.779225236057456e-09
DKK2,139.68541,0.7749057637983361,0.03764348089684249,20.58539075920938,3.7103392827532363e-94,1.120919980079732e-93
DKK3,4606.133,0.7678495754541109,0.0319733930986372,24.01526710303509,1.9262444632154382e-127,7.578050439923304e-127
DKK4,91.13465,-3.7482803781167218,0.09334286492922127,-40.15604600264751,0.0,0.0
DKKL1,14.76305,-0.3727407822957434,0.0434406594308313,-8.580458657383932,9.449558964163113e-18,1.4390273838835877e-17
DLAT,2108.0732,0.11024955462877166,0.012359779735246866,8.9200258411053,4.661794238516787e-19,7.215803915605813e-19
DLC1,2239.329,1.1909694442372731,0.026346307409537795,45.20441615306297,0.0,0.0
DLD,4090.1926,0.07695339912924987,0.012996828284808574,5.920936819577538,3.2011283156484907e-09,4.264610088881536e-09
DLEC1,110.69703,-0.21386775720209014,0.04387871288511083,-4.874066332849543,1.0932425462759262e-06,1.39134368941874e-06
DLEU1,254.26657,-0.2205845989305297,0.016529653597945122,-13.344780495457664,1.2704423833326168e-40,2.4820013897196763e-40
DLEU2L,12.409185,-0.010684063467715622,0.02440660558135198,-0.4377529448781214,0.6615653848457509,0.6760771845233733
DLEU2,135.6012,-0.5425545788001942,0.023022280580411454,-23.566500152110375,8.504467572784118e-123,3.223653980903218e-122
DLEU7,13.881715,0.5709348681137877,0.03274324168076706,17.43672400186165,4.342638111678539e-68,1.0755689697769268e-67
DLG1,3161.7842,0.055499796246100366,0.013441505882575368,4.128986493845636,3.643658037806707e-05,4.4849597334768295e-05
DLG2,349.8745,1.687302142105859,0.04482204549095264,37.644469894762885,4.02949139095183e-310,6.01439994343023e-309
DLG3,2543.509,-0.286098946047101,0.02138075850687014,-13.381141083239433,7.794152817498501e-41,1.5251937448236447e-40
DLG4,1015.66376,1.025443987357916,0.028863278821681135,35.52763335354806,1.8408491638341403e-276,2.1391465825627434e-275
DLG5,4489.7935,0.16983802625584946,0.01953384680978201,8.69455094583824,3.4820414040968934e-18,5.330141424511928e-18
DLGAP1,202.3239,1.6470440406181825,0.05125601397363676,32.133673942443714,1.493419580232252e-226,1.2191070262208668e-225
DLGAP2,44.13352,1.5530928836723115,0.05230504570298972,29.69298397121059,9.459564387596929e-194,5.986548690304192e-193
DLGAP3,123.66774,0.8215368968475928,0.04276474097575813,19.210613185130573,3.016817114932283e-82,8.36434422482723e-82
DLGAP4,5055.7656,0.07831617771994841,0.011524387799602393,6.7956909366283575,1.0779464616606294e-11,1.4976055693291084e-11
DLGAP5,770.9063,-0.6756459749583164,0.03477967530928641,-19.426460107806534,4.610847916462878e-84,1.2949683091635775e-83
DLK1,7484.9053,-2.1587195515131583,0.1252872877271179,-17.23015631254593,1.5772453969983626e-66,3.8474885019757567e-66
DLK2,150.86403,-0.7832710621370507,0.046319469115189436,-16.910190835503215,3.784804006440361e-64,9.056749502482289e-64
DLL1,740.61755,0.8926905320372898,0.03060279479206809,29.170228997145887,4.6282125715765e-187,2.796017203107595e-186
DLL3,726.1267,2.6609341853837756,0.0705536978672266,37.715020839748576,0.0,0.0
DLL4,916.7664,0.7497341643604494,0.02706939941329956,27.69674173088949,7.642493748532006e-169,4.062494261784937e-168
DLST,4835.059,0.11498741063533523,0.01102304077928036,10.431550870379905,1.779596508042409e-25,2.97828239270328e-25
DLX1,170.9627,0.13964157817594597,0.05864799162543675,2.381012108100574,0.017265144450670754,0.019523498993068534
DLX2,59.94958,0.06365908057458042,0.058558617957254644,1.0871001194230523,0.27699256508946213,0.2931786655917005
DLX3,167.03699,-0.7632672946808401,0.04861532833156316,-15.700136579871542,1.5091679815090462e-55,3.353907972442165e-55
DLX4,74.16787,-0.6468355724201439,0.039322221875373965,-16.44961911028819,8.439731284314498e-61,1.9646065540516678e-60
DLX5,510.46622,-1.5632244583715196,0.05363384405989574,-29.146231931945515,9.325044777470487e-187,5.615160799305579e-186
DLX6AS,41.051983,-0.7040920084106513,0.06433192729662927,-10.944674565152395,7.0470339559577735e-28,1.2087839271155473e-27
DLX6,152.57236,-1.2820328126305547,0.0603534045842881,-21.242095975548466,3.900904006276121e-100,1.2360856757007867e-99
DMAP1,1608.724,-0.15156095498825958,0.013706403204438082,-11.057675214106114,2.012460833694476e-28,3.470118583313783e-28
DMBT1,4317.2227,-1.4939882612326105,0.07725115246436826,-19.339365350202456,2.5053953345506232e-83,7.002655630987938e-83
DMBX1,52.803894,-0.8172151804916155,0.06044581927663947,-13.519796576029618,1.1950579507905988e-41,2.3532435264673375e-41
DMC1,35.858078,-0.3704230228325424,0.034455084906219416,-10.75089566143191,5.868893131949706e-27,9.983689444632694e-27
DMD,1277.507,1.381383538437368,0.030721388371176557,44.96487989889841,0.0,0.0
DMGDH,687.2388,1.4120254316220935,0.05746885801551279,24.570271280507086,2.6266879989442235e-133,1.0764239325786121e-132
DMKN,2702.6392,-1.543405274414177,0.04680374983933315,-32.97610297705512,1.7879618788287073e-238,1.596540170661125e-237
DMP1,5.882181,0.16357782615185,0.05404144763076583,3.0268957128884355,0.002470791855249057,0.0028845032043704083
DMPK,1870.9669,0.5017927261638051,0.02243544749155955,22.366067195788485,8.424456553048981e-111,2.9124386307271896e-110
DMRT1,19.264194,-1.2629294481180287,0.0817479828570652,-15.44905946274218,7.655233889489283e-54,1.6781835550351276e-53
DMRT2,171.94102,-0.470833237478422,0.0629453039996964,-7.4800375494364575,7.430137847251865e-14,1.0688205781968537e-13
DMRT3,63.919117,0.5136433659089543,0.06353737722832326,8.084113451255051,6.261802117991195e-16,9.301330024819986e-16
DMRTA1,133.94843,0.27812010854946156,0.042638996956622176,6.5226700532472845,6.906668622603404e-11,9.460597893263991e-11
DMRTA2,74.093956,-0.39007078112880483,0.06959646759335891,-5.604749703791381,2.0855612334347704e-08,2.7361735501674502e-08
DMRTB1,2.8075993,-0.5104818277203554,0.14363373767665588,-3.5540523833581306,0.0003793436478914112,0.000454645159676296
DMRTC1B,57.084812,0.7011693815898824,0.05410829498570587,12.958630128247707,2.0996359038937866e-38,4.0175270082118045e-38
DMRTC1,7.397517,0.794714165884749,0.1325116493199758,5.9973154810393545,2.0060610323734742e-09,2.682169603867575e-09
DMRTC2,2.5248578,-0.8823041986778397,0.11843659156782994,-7.449591270722566,9.362984770320225e-14,1.344863884146673e-13
DMTF1,1875.222,0.15255581720366224,0.015020844241689068,10.156274490900891,3.107234917153271e-24,5.1239426274358856e-24
DMWD,1398.2472,0.21444908854566544,0.013580242461377004,15.791256242704877,3.5739085704408874e-56,7.984330581104579e-56
DMXL1,2136.3313,0.5343294003989076,0.020177491485543403,26.481458350843038,1.5850707294847804e-154,7.561025065974846e-154
DMXL2,1602.2233,0.12809683040985667,0.02187371278173923,5.856199708208448,4.7357869633315865e-09,6.290590904056094e-09
DNA2,313.11932,-0.6401085884312346,0.02352888641266159,-27.20522243189432,5.633660868557636e-163,2.862383369677188e-162
DNAH10,94.766045,-0.07280210498221414,0.03691579991270616,-1.9721123517401058,0.04859678223716651,0.05393196454437029
DNAH11,223.06844,0.7252384474458259,0.054560279251087654,13.292425504427166,2.5613856054786437e-40,4.991122659067736e-40
DNAH12,33.45562,-0.7512805453612055,0.05277860750234001,-14.234565497543612,5.590934568267111e-46,1.146282345169689e-45
DNAH14,200.94751,-0.39570274514470266,0.0277294082023569,-14.270147500337544,3.3586748160402355e-46,6.900026294627967e-46
DNAH17,247.95247,-0.6428551689113023,0.0374773059369618,-17.153185183390935,5.949990716125034e-66,1.444156664158197e-65
DNAH1,536.01483,-0.2829836896441438,0.026597273274217806,-10.63957521985742,1.9501636375162866e-26,3.2995413858716925e-26
DNAH2,210.70264,-0.6412110686872414,0.04459065606162894,-14.379942465996034,6.915201671639328e-47,1.4294506125789935e-46
DNAH3,76.7271,-1.1172593820325634,0.050801998170609104,-21.992429870188467,3.4027112620098276e-107,1.144297961401686e-106
DNAH5,432.93542,-0.0654796761723874,0.04418556826564892,-1.4819245002964714,0.13836038514774973,0.14974637612157976
DNAH6,111.35988,-0.09716533569108175,0.03850701079800037,-2.5233154606778117,0.011625405991791554,0.013248342602120584
DNAH7,131.67041,0.9610495945185963,0.03799984027999291,25.290885104709066,4.023976805836195e-141,1.733844313016277e-140
DNAH8,38.47574,-0.7342917340671431,0.06239802980423923,-11.767867292778792,5.715109348071579e-32,1.0255963968037838e-31
DNAH9,177.78198,0.2671082385980668,0.0520102543831375,5.1356841408694835,2.811194682634622e-07,3.6184556201402456e-07
DNAI1,57.349293,-0.9653580775454782,0.061470527687235293,-15.704405246970742,1.4109468975158637e-55,3.1383664248361705e-55
DNAI2,21.08526,-1.3728830436969781,0.08265436841345287,-16.609927219207044,5.9064820044619694e-62,1.388248292875101e-61
DNAJA1,7202.0957,0.019846782815226914,0.012102709708544067,1.639862749183831,0.10103370765049716,0.11030379955257784
DNAJA2,3608.4978,0.0283833714328761,0.009854537299996533,2.880233801833201,0.0039738036540766,0.004602495653279412
DNAJA3,3020.6536,-0.17528471554510636,0.010683411179762398,-16.40718611272292,1.6989932261923728e-60,3.9427565361963433e-60
DNAJA4,2390.911,-0.4756251897116769,0.024944021853104358,-19.067702574694625,4.68437600148823e-81,1.2885989868166314e-80
DNAJB11,3671.8726,-0.4240942526224771,0.014099197289786793,-30.079318978654435,9.03392525524377e-199,5.948308029479557e-198
DNAJB12,2730.2356,-0.08110598741234647,0.009136293772807787,-8.877340136953674,6.847815351166586e-19,1.0569724998817325e-18
DNAJB13,96.12166,-1.0706379605942278,0.06106836471092377,-17.53179351800646,8.194348044347585e-69,2.0414675946509113e-68
DNAJB14,650.7614,0.3548263935608506,0.01582836194291267,22.417126601008018,2.6793281237640804e-111,9.314966064158625e-111
DNAJB1,8961.556,-0.23756713000070592,0.01736532093403044,-13.680549349085211,1.3268645818635965e-42,2.6352195904946797e-42
DNAJB2,5124.269,0.024639043289634614,0.016560824584271962,1.4877908502837864,0.13680605939902896,0.1481113833185233
DNAJB3,3.2971509,-1.19359252453916,0.08104529481357839,-14.727474645933237,4.294564815952672e-49,9.043550381462605e-49
DNAJB4,895.8514,0.9539026485146255,0.019560171206525874,48.767602207713516,0.0,0.0
DNAJB5,981.7281,1.1583541347671689,0.025792284615494557,44.91087749827694,0.0,0.0
DNAJB6,3489.045,-0.12443815543290226,0.011891645774576335,-10.464334188203283,1.2595892532687256e-25,2.112006062205401e-25
DNAJB7,7.9135556,-0.26061866275029816,0.028279966386894298,-9.215663808959684,3.0935817138034077e-20,4.855618696424607e-20
DNAJB8,0.28614435,-0.4280572427418517,0.12809692098911696,-3.3416669146811047,0.0008327692900161234,0.0009873827951452016
DNAJB9,2318.1077,0.3957162788971471,0.019788592997608857,19.997191257860692,5.826262635724063e-89,1.698895459763767e-88
DNAJC10,5385.06,-0.06934831939205902,0.01579718994808787,-4.389914891189436,1.1339503318086308e-05,1.4122526950077638e-05
DNAJC11,2613.9895,-0.10309196001636119,0.009943610189807042,-10.36765903414419,3.479440553578587e-25,5.805436012973812e-25
DNAJC12,550.2322,-0.09800068176197183,0.042949364569618724,-2.2817725650659564,0.022502771321247637,0.0253322599573835
DNAJC13,2939.9653,0.20579492594937385,0.012867873148332088,15.992924671941504,1.431496700592646e-57,3.241085556868959e-57
DNAJC14,2476.3064,-0.004985993945250466,0.008061291887542295,-0.6185105333992046,0.5362388565295686,0.5530260311071115
DNAJC15,1719.2468,-0.21480878032436218,0.02172173961541359,-9.88911496627717,4.6411273923189657e-23,7.533783493878315e-23
DNAJC16,1355.502,0.12516206483264938,0.010901504281857058,11.481173753327937,1.6403833150798286e-30,2.9007699046043806e-30
DNAJC17,569.1041,-0.30575122250801545,0.013419057388965622,-22.78485095081508,6.480288262704409e-115,2.308928749394453e-114
DNAJC18,432.98514,1.2896271703036783,0.02061865589876163,62.546616842329385,0.0,0.0
DNAJC19,1145.028,-0.12514737310181576,0.013987320331943772,-8.947201474753417,3.6460839009939546e-19,5.652651701213518e-19
DNAJC1,1797.069,-0.07849806708565306,0.017556426227040164,-4.471187135155754,7.778659407310143e-06,9.718669952342879e-06
DNAJC21,2492.1692,-0.06769457415443272,0.012081712631608605,-5.60306110719169,2.1059893635085e-08,2.762618392504481e-08
DNAJC22,376.9298,0.3336879579429078,0.03984009756415699,8.375681244393272,5.49053336714229e-17,8.27032915223808e-17
DNAJC24,605.40424,0.38791564634776965,0.01073141337670549,36.1476753089963,4.046910000535346e-286,5.045379099871348e-285
DNAJC25-GNG10,1.3102908,-1.1182828238104174,0.095165971082408,-11.750868625530568,6.989663168193676e-32,1.2534356772769756e-31
DNAJC25,539.88824,0.03460767559245704,0.014659571579126228,2.3607562748787916,0.01823771227193734,0.020598112955973167
DNAJC27,313.9429,0.5215804342442047,0.014408509459140578,36.19947196643027,6.205517440120776e-287,7.779441475579979e-286
DNAJC28,70.014656,0.38278695709094906,0.01935139290421009,19.78084776562363,4.353102522093633e-87,1.252293545955974e-86
DNAJC2,1584.1241,-0.33307388255590376,0.01290081172083844,-25.818056240437627,5.560202738095104e-147,2.510538202370331e-146
DNAJC30,939.2288,-0.1395128843093392,0.013134130725835459,-10.622163523537248,2.3504923542919083e-26,3.972907749358984e-26
DNAJC3,4726.5654,0.15945501073167437,0.01487310444232896,10.721030794207582,8.109446612450373e-27,1.377557142952667e-26
DNAJC4,1794.0415,-0.3481470667026817,0.01611531892490857,-21.60348599521476,1.6655970791166245e-103,5.431666015334832e-103
DNAJC5B,39.247715,-0.3950272267757853,0.041595040880887744,-9.496978928497555,2.1606774774548297e-21,3.434780414109696e-21
DNAJC5G,1.5997424,-0.038817363798658314,0.08799976638148634,-0.4411075778358524,0.6591351177808354,0.6737288815593949
DNAJC5,5747.107,-0.11863320220033498,0.012162405661939888,-9.754090226703813,1.7718216158209885e-22,2.857229011999961e-22
DNAJC6,584.39185,1.5486071003405837,0.038996135902887655,39.71180899043666,0.0,0.0
DNAJC7,3771.3901,-0.2264401165596842,0.009689576301625001,-23.36945491844766,8.741140986423891e-121,3.256374919352315e-120
DNAJC8,4145.235,0.0835870129829251,0.008813789799189745,9.48366308788182,2.4550986960817012e-21,3.899770176603523e-21
DNAJC9,1756.4636,-0.4914616704735588,0.01311961860253809,-37.46005774729471,4.120120371789824e-307,6.00010948850279e-306
DNAL1,852.70215,0.637345392711485,0.01565835649705074,40.70321127453762,0.0,0.0
DNAL4,1099.6614,-0.10448576674182185,0.013909679740314351,-7.511730585643271,5.835078043344809e-14,8.40798031597827e-14
DNALI1,1127.873,0.19106472653018766,0.0376730735062674,5.071652210653894,3.9437664453148243e-07,5.060897640098614e-07
DNASE1L1,1297.9427,-0.14653537235292663,0.0144260899369562,-10.157663857171581,3.0632830363233257e-24,5.051873579303895e-24
DNASE1L2,57.65185,-0.2692346381456436,0.03359754360952493,-8.013521502486132,1.1146976576491284e-15,1.6498821964433738e-15
DNASE1L3,281.39108,0.4641719516818126,0.04858397288206042,9.554013888666722,1.2476641586490342e-21,1.988818869866559e-21
DNASE1,323.007,-0.20111333054525912,0.031455348659576346,-6.3936131410208255,1.6201101689055183e-10,2.2068662470726246e-10
DNASE2B,47.68849,-0.3268478831009892,0.05754026700166676,-5.680333097716098,1.3443267657108243e-08,1.7692901042799582e-08
DNASE2,3531.224,-0.09517476474436784,0.013071933534871924,-7.280848276230188,3.3172760305303793e-13,4.718207538463602e-13
DND1,214.95244,-0.4118954517922251,0.0175029580549529,-23.532905152319035,1.8787003670021404e-122,7.105417197064198e-122
DNER,1750.8347,2.207152329725978,0.06702449321227281,32.93053365932542,8.037490424713714e-238,7.145644871473646e-237
DNHD1,437.04138,-0.1128551064780655,0.02343943085641217,-4.81475455481004,1.4738092442051718e-06,1.8691386284665228e-06
DNLZ,424.36142,-0.5131792902503848,0.019883083965009575,-25.80984374222239,6.875392849090168e-147,3.100246356913106e-146
DNM1L,3552.2769,0.022871751403999253,0.011462495293669456,1.9953553583250705,0.046004136158012805,0.05113272959769518
DNM1P35,76.78484,-0.12406562910286982,0.026389072671011322,-4.701401623678775,2.5838174041298986e-06,3.260642070952743e-06
DNM1,1399.4594,0.7528369541388382,0.03502668299571949,21.493241430564247,1.8008934486168206e-102,5.82714394793227e-102
DNM2,7993.68,-0.22196275164381452,0.012140738626529713,-18.282475100714688,1.1412737229836013e-74,2.9826947016974505e-74
DNM3,443.86978,1.7350053373509893,0.03532844799210322,49.11071490428353,0.0,0.0
DNMBP,1844.8302,-0.16129944155896622,0.01799734574014594,-8.962401672328948,3.1768222775450713e-19,4.928516707196533e-19
DNMT1,4031.6958,-0.268241583139194,0.016857761596321623,-15.91205223816456,5.227157424311014e-57,1.1761681918827136e-56
DNMT3A,1386.4725,-0.2485327691225195,0.017352962361901595,-14.32220988781563,1.5898606851628165e-46,3.2731291019546754e-46
DNMT3B,455.5046,-0.767441661814537,0.03227522367280737,-23.778043170034618,5.635879727733533e-125,2.1731226397145264e-124
DNMT3L,17.32347,-0.11233288675644403,0.12301710994600783,-0.9131484783356306,0.36116445673978304,0.3786080621371321
DNPEP,3199.7698,-0.35444593163600474,0.011248164535548503,-31.511446202251044,6.054383980756921e-218,4.640858564165292e-217
DNTTIP1,1658.4073,-0.3331379749550962,0.014197032478407305,-23.465324564254946,9.221427037272443e-122,3.465098432112028e-121
DNTTIP2,2741.6797,-0.07419336118798525,0.0103142091487399,-7.1933155628368795,6.323655712062681e-13,8.964162835390901e-13
DNTT,76.13457,-5.640320448292626,0.13600313934435507,-41.471987157675365,0.0,0.0
DOC2A,208.66592,0.45205170956303165,0.04825212654780079,9.368534444076953,7.354660977295053e-21,1.1630693089696285e-20
DOC2B,72.06518,-0.07809702469986989,0.042704573643945205,-1.82877425146575,0.06743343379006692,0.07425373349191262
DOCK10,1126.7731,0.819630204118455,0.029436112614855986,27.844376560266294,1.2599912030357257e-170,6.773741986428397e-170
DOCK11,1182.27,0.5927362855024424,0.029023626464104724,20.422543896625573,1.054287094633217e-92,3.1546488770778455e-92
DOCK1,3158.5806,0.5961690501197807,0.01621062671290067,36.776434414182155,4.396183534105225e-296,5.88828293229265e-295
DOCK2,1187.6992,-0.23494024390825985,0.03319652875841306,-7.077253336275965,1.4703958993302666e-12,2.0732592364059074e-12
DOCK3,447.17792,1.487181531883315,0.044688214722148394,33.27905446950508,7.758770955111083e-243,7.131413899553342e-242
DOCK4,1085.0002,1.2404288579769907,0.023388838657986275,53.035076949125816,0.0,0.0
DOCK5,945.0831,-0.09416701804221324,0.027147335236912467,-3.4687389101149617,0.0005229073624232153,0.0006239521153190858
DOCK6,2320.708,0.1069007757376598,0.01885345992342284,5.6700879399250335,1.4272424169563563e-08,1.8775670952968763e-08
DOCK7,1854.2251,0.5245087707540118,0.015647703527273998,33.51985611433597,2.476233208285021e-246,2.344820087789523e-245
DOCK8,1928.3635,-0.006492684501704353,0.029266720184308023,-0.2218453062323514,0.8244343088289516,0.8334864928318553
DOCK9,3337.2834,0.6293549465027187,0.02195916442152634,28.660241092132292,1.1949341577201828e-180,6.879995621330657e-180
DOHH,778.5996,-0.4234764896489151,0.015107489871826467,-28.030896809578177,6.829597397960079e-173,3.7277151052297387e-172
DOK1,752.4704,-0.10418680286421723,0.019077955089211847,-5.46110955692167,4.7316792160049303e-08,6.170793489119491e-08
DOK2,433.02142,-0.13424416702342865,0.030420870384539524,-4.4128969791625074,1.0199653818751091e-05,1.2713037351288935e-05
DOK3,563.14734,-0.6534594231038343,0.028258524764692455,-23.124328978429105,2.6358549283622876e-118,9.651685339303563e-118
DOK4,2039.2314,-0.26407609981908087,0.02431812903230296,-10.859227676121614,1.8026731793993613e-27,3.0804619153425883e-27
DOK5,334.34552,1.081401170531913,0.04381826647694265,24.679232143995264,1.7874039090531557e-134,7.37829606334412e-134
DOK6,186.10074,1.8053862670308445,0.03609337183671365,50.019883850098815,0.0,0.0
DOK7,259.65466,-0.3718186743371041,0.04240718312195088,-8.76782297159093,1.821539310513795e-18,2.796314192636884e-18
DOLK,1093.659,-0.034602566245273886,0.010980051172689206,-3.151403003598126,0.0016248812193607153,0.0019083332417054975
DOLPP1,1058.6349,-0.3086023749194152,0.013132000944675981,-23.500026859541904,4.0761568007180464e-122,1.5382108675777334e-121
DOM3Z,853.6455,-0.17458666556204525,0.013286474495643337,-13.140179934059452,1.937654436246429e-39,3.7445378896574325e-39
DONSON,645.5543,-0.2664035699851415,0.017819784417328368,-14.949876145868775,1.560391223270618e-50,3.3233606982494514e-50
DOPEY1,1325.5035,0.39934506004637443,0.014181100475327316,28.160371667993353,1.7888550640825507e-174,9.84571512561683e-174
DOPEY2,2071.945,-0.10619527757175101,0.020252876030373887,-5.243466528530889,1.5758740759759843e-07,2.0378061682415565e-07
DOT1L,2174.7227,-0.26916106499529197,0.01672086763621771,-16.09731449654467,2.6641950415094235e-58,6.075307666900801e-58
DPAGT1,2099.5918,-0.2408574332788318,0.01137360339395355,-21.176879915372886,1.5603088869036377e-99,4.918911215309873e-99
DPCD,789.10815,-0.35260127520078377,0.01824565273806454,-19.325221205442435,3.295681793534284e-83,9.198901238629627e-83
DPCR1,519.1596,-1.2671655252387801,0.0858231450648847,-14.764846059658703,2.468853424605157e-49,5.209720861477653e-49
DPEP1,990.3749,-1.4843394356041841,0.0634498256554189,-23.393908813324135,4.929440401920388e-121,1.8404268685622075e-120
DPEP2,149.45947,-0.1881898253810236,0.031318090932920054,-6.008981383447214,1.86692558896583e-09,2.4986022919902273e-09
DPEP3,24.036077,-0.2629450282345991,0.06692880622068054,-3.9287273011803827,8.539661052684693e-05,0.00010416953826938745
DPF1,127.81173,1.489257929469569,0.05382485708101366,27.668590503232274,1.6677146050599457e-168,8.841927511566519e-168
DPF2,2590.281,0.13935023041713634,0.009318776702675141,14.95370421067532,1.4732139369917231e-50,3.139001836024541e-50
DPF3,95.15934,1.6443179141429631,0.03702795129747628,44.4074775007883,0.0,0.0
DPH1,1510.3296,0.05627611383207577,0.012056284039533726,4.667782680595525,3.0446768981029383e-06,3.8362778170861326e-06
DPH2,1302.397,-0.3883223335318309,0.012763707641205631,-30.42394455026477,2.649773380802457e-203,1.8157770535091624e-202
DPH3B,48.11371,0.09982059197658505,0.018429369296323623,5.41638676677328,6.081547457299105e-08,7.915498317552262e-08
DPH3,1314.97,0.3000093881218626,0.011004136145673254,27.263329365460834,1.155035791575469e-163,5.896466852812179e-163
DPH5,923.97125,0.011704176463445817,0.01095528452055418,1.0683589679014338,0.28535861842462307,0.3016258819639116
DPM1,1399.1199,-0.22795133858301622,0.01223030422407412,-18.63823944250847,1.5733427008387707e-77,4.205288702425697e-77
DPM2,2272.9138,-0.43839996848537094,0.012822081240803872,-34.19101472312039,3.2885018018126496e-256,3.3408487117317233e-255
DPM3,1234.3981,-0.6519125804441367,0.02098161274959934,-31.07066116529033,6.001194595683203e-212,4.401236339103543e-211
DPP10,161.5852,1.4748435021034354,0.07825066181665388,18.84768087404915,3.0700948507593836e-79,8.321669693331152e-79
DPP3,2806.254,-0.5754105675900818,0.013001879012419726,-44.25595462320753,0.0,0.0
DPP4,3096.1724,0.6593714229742188,0.04541735563896297,14.518049624372063,9.312229742421262e-48,1.937137890323434e-47
DPP6,1005.8246,1.9404006536260119,0.07298429802402298,26.586549520382093,9.711980775314882e-156,4.6699626028492135e-155
DPP7,5762.558,-0.42740129172346664,0.01949895114804308,-21.919193933995818,1.7044863454130769e-106,5.709384255719782e-106
DPP8,827.1694,0.4771895867181628,0.018189951581828304,26.23369196842027,1.0972073662634447e-151,5.1304650366921155e-151
DPP9,3403.4653,-0.25478332586937597,0.012341420410057546,-20.64457067370805,1.0922864450383357e-94,3.3161138882397075e-94
DPPA2,12.2532015,-1.0824040591001627,0.15045515782410657,-7.194197093366349,6.282938300590554e-13,8.907063634964354e-13
DPPA3,33.75193,-1.6993131255245002,0.19524854610444853,-8.703333056398021,3.222763347729248e-18,4.935848867555838e-18
DPPA4,63.90959,-2.3119121696723295,0.08972799545380482,-25.76578422352681,2.1452708255733345e-146,9.624409153337928e-146
DPPA5,19.281578,-3.599960477596598,0.22839075067016348,-15.76228663828675,5.654933868089959e-56,1.2619620587574644e-55
DPRXP4,7.5486035,-0.7651189944990227,0.03415809059134407,-22.39934906352493,3.993705794509124e-111,1.3858506267327638e-110
DPRX,0.3187505,-0.007661497410709212,0.0964761997516566,-0.07941334163691141,0.9367038570649296,0.9394262968465469
DPT,1106.1785,1.8278227035343526,0.050812030031232504,35.97224323473888,2.273065512423742e-283,2.7694399023001176e-282
DPY19L1,2065.0996,0.32179064239433847,0.019951016734254114,16.12903475950941,1.5949368059174468e-58,3.6415070574939214e-58
DPY19L2P1,34.41408,-0.07477937404105989,0.04846316445773177,-1.54301467677127,0.12282721492777443,0.13341723676650266
DPY19L2P2,138.82999,0.396209887778272,0.036063622950285375,10.986413880947497,4.442276270761387e-28,7.63080514650954e-28
DPY19L2P4,30.453444,0.5773872365370069,0.04950884933123954,11.662303695931017,1.98595339132269e-31,3.5482251069713596e-31
DPY19L2,239.34686,0.15454249716938237,0.04084637562198031,3.7835057533530523,0.0001546347483866664,0.00018741569486868326
DPY19L3,823.8363,0.741032187247323,0.021205141784572022,34.94587278763055,1.4960053739874481e-267,1.6383632818187445e-266
DPY19L4,1977.0614,0.3127030607152361,0.012968041302815215,24.113360947373895,1.8103747805748712e-128,7.167915238763867e-128
DPY30,1679.23,-0.30447023617148267,0.011952980073525639,-25.47232859911197,3.9947731155256913e-143,1.745644684674556e-142
DPYD,1248.5807,0.40459663488813924,0.027435234910705916,14.74733627049264,3.200496150580086e-49,6.7480220722514464e-49
DPYSL2,6387.8047,1.339997942119395,0.025222880737419132,53.126284664679694,0.0,0.0
DPYSL3,9622.817,1.5789074140697783,0.03105954058627124,50.83486053775302,0.0,0.0
DPYSL4,413.63586,1.2341364013363805,0.04715484546734773,26.171995456775605,5.538590305265701e-151,2.576197396045337e-150
DPYSL5,437.7449,2.0624116252594704,0.0862503466728953,23.91192273210417,2.3020210519460303e-126,8.971448429664861e-126
DPYS,1021.0244,0.7848458996551402,0.08300952524395804,9.45488963282881,3.2336291929699383e-21,5.129213614310476e-21
DQX1,129.55482,-1.849282677320517,0.05237289602374293,-35.30991825394105,4.136339145741913e-273,4.725686232781123e-272
DR1,2336.2812,0.06993770118290642,0.011989644900288926,5.833175357947512,5.4382361025506665e-09,7.21706856214256e-09
DRAM1,2100.9446,0.23717753643404982,0.02580510133298435,9.191110446479318,3.8880663258144326e-20,6.094167551563326e-20
DRAM2,1889.5592,-0.03298047711329832,0.011247319141847607,-2.9322967275453866,0.0033646510266274353,0.0039065258198521784
DRAP1,3773.7585,-0.2563474680244746,0.01568562205320974,-16.342830852029767,4.8927528933670544e-60,1.1309213914175734e-59
DRD1,33.470993,0.8011899402313277,0.05278313718938117,15.17889960493879,4.8789811410466145e-52,1.0519027538977869e-51
DRD2,148.07042,-1.1148090903714112,0.06225541955147134,-17.907020760653825,1.0395277511303494e-71,2.647122637306164e-71
DRD3,0.24919605,0.22201412023597114,0.11353925478200219,1.9553952565766177,0.05053643557051795,0.05603568932956674
DRD4,34.602398,-0.22821165302894322,0.03348934898670012,-6.814454742598152,9.462195566771036e-12,1.3166621525793968e-11
DRD5,7.691399,0.08045240160999749,0.06054083072620377,1.3288949068744018,0.18388264438779323,0.19730508891594192
DRG1,2551.784,-0.16544987085694277,0.010056993979507248,-16.45122500759905,8.218895800946655e-61,1.9134190921837958e-60
DRG2,1641.4761,-0.19172801709870663,0.011346394482520115,-16.897704146817436,4.677678952214662e-64,1.1186757404926384e-63
DRGX,5.922304,-1.5055076613693572,0.13598590524025553,-11.071056656272388,1.7334448553668394e-28,2.992047800798091e-28
DRP2,120.349365,1.8999320299864486,0.04425284393795594,42.933557731345374,0.0,0.0
DSC1,59.81001,-2.2140551058175735,0.07408915864926674,-29.883658367599583,3.208936932357878e-196,2.072675983688897e-195
DSC2,4499.2637,-1.2277524939019122,0.03916289545340989,-31.349890749587374,9.762397705501319e-216,7.391322234522178e-215
DSC3,4527.199,-2.1028949160250403,0.07188943796779647,-29.251792411662073,4.2606441103831836e-188,2.5908737587601926e-187
DSCAML1,295.25607,1.978826935498213,0.05409404386778384,36.58123508634044,5.68584286988923e-293,7.429914954305188e-292
DSCAM,176.54318,3.468692630108553,0.0769682085758788,45.06656312117433,0.0,0.0
DSCC1,388.8169,-0.5611469431396253,0.023848944957624366,-23.529214568472135,2.0494672276801933e-122,7.745517595756646e-122
DSCR10,0.5331274,-0.7712625254354292,0.15114305961201346,-5.10286431553835,3.3455087156622577e-07,4.30022172751865e-07
DSCR3,2055.4265,0.2209308758757047,0.010840355714041818,20.380408328255015,2.4956472233294627e-92,7.449982671519726e-92
DSCR4,6.419967,-0.40444286472641144,0.16403797154110406,-2.4655441720398716,0.013680530604457114,0.015540783538452315
DSCR6,85.73515,-1.2025365147344644,0.04539225352498326,-26.492108704684714,1.1949859780438773e-154,5.708287078131229e-154
DSCR8,37.555576,-0.6498334692228446,0.1310620808739407,-4.9582111384899585,7.11452209350769e-07,9.084580738943996e-07
DSCR9,7.960144,-0.4033903064062708,0.02895031450507944,-13.933883389608583,3.9431905289755e-44,7.964227775735338e-44
DSEL,776.4998,1.4594204260042052,0.03245863282715093,44.962473736214555,0.0,0.0
DSE,1727.2864,0.0783384680803817,0.021126049021748177,3.7081457114738443,0.00020878251242514498,0.000252096742213601
DSG1,825.63885,-3.5311090481155487,0.08303290703461204,-42.52662196499534,0.0,0.0
DSG2,8022.1426,-0.32617617571846524,0.03736249294022293,-8.730043154248877,2.545754685479842e-18,3.902199942906498e-18
DSG3,5458.839,-2.685888119564542,0.08947050998855482,-30.019814572512487,5.4111375756317516e-198,3.541155573844e-197
DSG4,7.215782,-1.7248563784354656,0.07946195709427041,-21.706693888613476,1.773662575889024e-104,5.829834740478631e-104
DSN1,1036.3132,-0.38598255849938234,0.015705614022742873,-24.57608839364392,2.2762806586499353e-133,9.335777181598314e-133
DSPP,1.4961518,-0.282800782491637,0.07074223271752086,-3.9976230835246906,6.398172362739845e-05,7.82956008493241e-05
DSP,28449.12,-1.0040039184929608,0.040512576323662695,-24.78252457883157,1.383578932393348e-135,5.755677050387448e-135
DSTN,15705.972,0.4058275557876862,0.015835958445351295,25.626965187371937,7.638587723178138e-145,3.38441800775155e-144
DSTYK,1634.8636,0.4196616909457068,0.016458347177229896,25.49841040698839,2.052917595294742e-143,8.992114742385037e-143
DST,10989.166,0.5685526158570118,0.027146962598776244,20.943507539316446,2.1503120569794244e-97,6.678596974529993e-97
DTD1,1470.7756,-0.011675923243971585,0.015432657000603004,-0.7565724582303208,0.4493060469695622,0.466609967876623
DTHD1,24.609024,-0.20523132548645862,0.049149980041863287,-4.17561360781131,2.9718389075956436e-05,3.6651119650920585e-05
DTL,895.2761,-0.5841843573084757,0.028315773879524504,-20.63105743795005,1.4445654407844812e-94,4.3823435864895325e-94
DTNA,1835.9908,2.555416849304813,0.04144763645512731,61.65410305293038,0.0,0.0
DTNBP1,846.75446,-0.1002690053432206,0.012349397755778235,-8.119343738548315,4.68711241341605e-16,6.973976585890329e-16
DTNB,947.75275,-0.23903452740410833,0.01844699443906002,-12.957911826436725,2.1193865649053572e-38,4.054556575353145e-38
DTWD1,663.9772,0.27035069829648417,0.011732935955576732,23.042033069990886,1.767959000489161e-117,6.429774435683964e-117
DTWD2,411.40155,0.32645262469505076,0.01634819492026609,19.9687259839533,1.0304838672372742e-88,2.9975169385746057e-88
DTX1,511.33823,0.6716712824340088,0.034941852808076726,19.222543410140904,2.3972607349221113e-82,6.651108108787036e-82
DTX2,1702.0885,-1.0387705907232097,0.018967722495607922,-54.76517230593934,0.0,0.0
DTX3L,4513.465,-0.2246394094653502,0.016809433470309346,-13.363889381645896,9.829111090556046e-41,1.9219254004286453e-40
DTX3,1896.4723,0.7818066969383353,0.026483559670895707,29.520453694807017,1.573245427533457e-191,9.774093274078013e-191
DTX4,2870.4778,0.46816888686203273,0.03133157042101243,14.942400925682824,1.7457041761423983e-50,3.71726716055675e-50
DTYMK,1375.066,-0.6201986687399975,0.015590782172497774,-39.779830279075505,0.0,0.0
DULLARD,4565.609,-0.06922484746811586,0.009714668155057322,-7.125806704172223,1.034728450343805e-12,1.462614491463551e-12
DUOX1,1964.5565,-0.13192398890109544,0.04708908819907603,-2.8015829982387306,0.005085255836049793,0.005865431055812007
DUOX2,3287.76,-0.19519737968702489,0.063781034539573,-3.0604298142250186,0.002210195560798479,0.0025845704435552117
DUOXA1,507.54044,-0.22337912392448103,0.05634613132770011,-3.964409244449165,7.357793224027516e-05,8.991435309002173e-05
DUOXA2,563.31555,-0.9866439444205762,0.06781044897990396,-14.550028192749087,5.837898618415482e-48,1.2166422148871e-47
DUPD1,0.76795393,-0.3804870585346852,0.1257503084158355,-3.0257345952303933,0.0024802991152594244,0.0028952703220897096
DUS1L,4399.687,-0.7937626782092629,0.015076848992139244,-52.64778327508051,0.0,0.0
DUS2L,569.2064,-0.4693476835702157,0.012904588484422311,-36.37060446652644,1.2415374327409785e-289,1.5847310716723248e-288
DUS3L,1089.9973,-0.3810342794702589,0.014320007636671662,-26.608524879168364,5.408901020506561e-156,2.605152966086896e-155
DUS4L,357.64944,-0.05698889741616511,0.011747140552810871,-4.85129952774156,1.2265514662292198e-06,1.5586643343711806e-06
DUSP10,848.216,-0.20289162272156874,0.024676218512713375,-8.222152134738046,1.9988340441022558e-16,2.98958729825726e-16
DUSP11,1147.9286,-0.15443924720097155,0.011260534481742588,-13.71509029623537,8.246366458889083e-43,1.6408109337033114e-42
DUSP12,642.2213,-0.019392694792894166,0.01082078195424497,-1.7921712936176906,0.07310553148383812,0.08035609089080338
DUSP13,22.857386,-0.7218968382479398,0.06623005748226231,-10.8998371085708,1.1546380736611567e-27,1.9777281290314225e-27
DUSP14,1171.2937,-0.08186693183503466,0.018441750634545104,-4.43921694080829,9.028677364556776e-06,1.1265925623008789e-05
DUSP15,218.60439,-0.17963961800366476,0.04416661192308897,-4.067317147090347,4.755749911449762e-05,5.83653700929566e-05
DUSP16,3148.7446,-0.00873320696292238,0.017490324379930665,-0.49931646624823767,0.6175564567368909,0.6331368668902387
DUSP18,342.25345,-0.17403588453761448,0.018856789936495262,-9.229348426944451,2.7228312762090035e-20,4.278314575313661e-20
DUSP19,200.73076,0.551573763863349,0.01799257345499423,30.655634962004154,2.223055434923119e-206,1.5617386335265623e-205
DUSP1,14369.713,0.8700110355633303,0.030588956030225396,28.441998304998037,6.120367635553241e-178,3.4506941205269576e-177
DUSP21,0.23399106,-0.8848958101073503,0.1752131695785799,-5.050395539534433,4.4089616436110184e-07,5.651454391631098e-07
DUSP22,1771.247,0.036345897154663964,0.013093011394671934,2.7759768978322703,0.0055036118957569975,0.006340068725497466
DUSP23,1938.4019,-0.6516482841325558,0.022756291396498592,-28.63596149207432,2.3976785211942455e-180,1.3754391945053155e-179
DUSP26,314.1962,0.8354773012557316,0.061117447050712495,13.67002945267806,1.5333311297346466e-42,3.042601215425699e-42
DUSP27,191.9977,-2.012866361109694,0.0656842381905265,-30.64458714236874,3.120081604052617e-206,2.189649823402524e-205
DUSP28,223.60812,-0.09291628730728448,0.01277342040529812,-7.2741900257776635,3.4850512487111877e-13,4.954759662884851e-13
DUSP2,688.7023,-0.6315447928731363,0.03083085896361706,-20.484177674660668,2.9797304594838143e-93,8.95546684745069e-93
DUSP3,4661.248,0.34975342969560413,0.015795048927138487,22.143231800610018,1.212252667632381e-108,4.120242414078071e-108
DUSP4,1359.9175,-0.31356650777814893,0.038075556774520555,-8.235375509675587,1.7899529410776724e-16,2.6791392388913636e-16
DUSP5P,29.647366,0.12393507158444389,0.04335196639176351,2.858810842960758,0.0042523226506463235,0.004919761143632921
DUSP5,2230.4172,0.18731661288748866,0.030361611270128097,6.169521479638466,6.849697124775765e-10,9.242642083994552e-10
DUSP6,5958.452,0.3682027924404444,0.026691171270952472,13.794928244349958,2.7342480322761316e-43,5.471990139497667e-43
DUSP7,1932.0321,-0.4750823579332049,0.022620780503304565,-21.00203208566576,6.283946907277475e-98,1.9588864658591656e-97
DUSP8,827.00494,0.06849888835564498,0.026332581978879218,2.6012978298363003,0.009287178709451883,0.010621147699456853
DUSP9,293.94083,0.45409761706253254,0.056835152668298944,7.989731631631835,1.352328134342891e-15,1.999422548081839e-15
DUT,2397.4485,-0.24019188704307004,0.012428635935263685,-19.325683710919172,3.266278066138083e-83,9.118079685795314e-83
DUX4,1.5750974,-3.9465791834808277,0.33863287746900234,-11.654447769449344,2.1778773594147396e-31,3.889421505291639e-31
DUXA,0.926477,-0.9865956379939944,0.10196906167938831,-9.675440979304625,3.8343500576170397e-22,6.15497380927425e-22
DVL1,3534.2605,-0.30544486433678664,0.014886426789308948,-20.518346589132413,1.4764907218246435e-93,4.449359769927164e-93
DVL2,1712.9932,0.0803729878335548,0.012113421645453705,6.635035928409182,3.2442350290524197e-11,4.466719480386705e-11
DVL3,6024.871,-0.09679049948392898,0.013887113450772683,-6.9698069240259235,3.1737624894883776e-12,4.451269669571085e-12
DVWA,4.2614617,-1.116216123568951,0.05448808546727298,-20.4855082353624,2.899423349144953e-93,8.717967798736096e-93
DYDC1,6.2226567,-1.2764493186713475,0.08345448192572266,-15.295155984641196,8.236325254676162e-53,1.788622355839488e-52
DYDC2,50.230373,-0.9301083659925492,0.05683333138224098,-16.365543658473364,3.3700480704721674e-60,7.804664846632108e-60
DYM,1321.8994,0.15757919013200158,0.010973400464777898,14.360105660756181,9.20866482963922e-47,1.9002554963168954e-46
DYNC1H1,20074.365,0.259810086220989,0.012092474449792518,21.485270636684852,2.1381450694836963e-102,6.911796676662206e-102
DYNC1I1,363.4878,0.505352526184609,0.04259435858257212,11.86430651854865,1.8139927611368671e-32,3.27055248175571e-32
DYNC1I2,3303.6372,0.3418477157204311,0.011149357971366406,30.66075343516269,1.8998839931610275e-206,1.3351652819042237e-205
DYNC1LI1,1685.0981,0.0584941000102746,0.009594274021808942,6.0967718742773505,1.0823180084449166e-09,1.4550259068892008e-09
DYNC1LI2,5976.445,0.5772731879498869,0.012210629626768879,47.27628350010337,0.0,0.0
DYNC2H1,738.2419,1.0084375335261904,0.025818908349126597,39.05810113618936,0.0,0.0
DYNC2LI1,841.5905,0.18230224841533196,0.0167849485634199,10.861054934218295,1.76696055044409e-27,3.01968856261993e-27
DYNLL1,9001.577,-0.2813172501256432,0.011456572401793388,-24.55509730655622,3.8154285924222645e-133,1.561373079660802e-132
DYNLL2,3577.4563,0.3601090982584354,0.015216589420489658,23.66555923323634,8.163025294905533e-124,3.120958347023132e-123
DYNLRB1,5970.7246,-0.3016048540160119,0.013337684879781,-22.612983942454946,3.2295162683750544e-113,1.1373416659375148e-112
DYNLRB2,35.665108,-0.0601933597256524,0.04504596670621149,-1.336265244749475,0.18146259215482163,0.19472891174783966
DYNLT1,2997.1577,-0.2669281891313847,0.014634852011893995,-18.239213414283082,2.5205949217562147e-74,6.563088887585979e-74
DYNLT3,1785.7914,0.027442406950918638,0.018910800611536025,1.4511499282678775,0.14673811618401633,0.15850176715780925
DYRK1A,3319.2847,0.1412340726123112,0.010195514880533028,13.85256892537902,1.2274256662110425e-43,2.466846904085944e-43
DYRK1B,1432.6299,-0.2813903406234426,0.018283220745513327,-15.390633003897594,1.89172540798276e-53,4.1323645473305806e-53
DYRK2,1702.1946,0.11804927774876381,0.017695338461969117,6.671207674409604,2.5370690033881408e-11,3.4997078284422495e-11
DYRK3,350.20578,0.3062621826489569,0.019998443810160794,15.314300730407403,6.1368323329318745e-53,1.3349692217775406e-52
DYRK4,787.70966,-0.10292778467886247,0.01491192903158235,-6.902378925011588,5.113880383488328e-12,7.149178790595266e-12
DYSFIP1,15.204765,-1.3858460644604162,0.0640706274710385,-21.629974906783183,9.383425581019537e-104,3.0664070851360634e-103
DYSF,1816.134,0.8171384978110707,0.026322089340813894,31.043831180378643,1.3819575492709409e-211,1.0095182542377857e-210
DYTN,1.9924186,-3.1299615538836307,0.1863487349875458,-16.796258660370377,2.59931269861873e-63,6.19012834614326e-63
DYX1C1,161.37732,0.11848963476933252,0.024735027691774745,4.790357878141145,1.6648410892774658e-06,2.108653710128153e-06
DZIP1L,203.13428,0.24779326900626183,0.027355381839394823,9.058300500467213,1.324987989512815e-19,2.0640776247984848e-19
DZIP1,864.455,1.030609544016251,0.030199959675041924,34.126189409053254,3.0164590136042457e-255,3.043215513278931e-254
DZIP3,1067.3546,0.6331131387867525,0.019349391277025854,32.72005458582398,8.099476164277166e-235,7.034864984151827e-234
E2F1,1108.8246,-0.5981312322033884,0.02566854972864169,-23.302104658292272,4.2207047254671376e-120,1.5649121745726726e-119
E2F2,498.01825,-1.1106556988481349,0.031573644441203697,-35.176670875495326,4.547111892827483e-271,5.111797406188555e-270
E2F3,1272.2289,-0.14930225894761368,0.016681700589213127,-8.950062264284783,3.552818998442564e-19,5.50889885676254e-19
E2F4,2916.6465,-0.40909297400773753,0.01095941292453949,-37.32800076286271,5.76832303047305e-305,8.293593826087627e-304
E2F5,445.58768,0.07766660932264129,0.023128326287086935,3.3580730554637803,0.0007848786632184152,0.000931305787647961
E2F6,774.39655,-0.048602659284403237,0.010322364341238205,-4.708481281777075,2.495692786274267e-06,3.149823906500391e-06
E2F7,350.80817,-0.5988479494723116,0.035223336368261485,-17.001454467893975,8.010743602228526e-65,1.9280142924432034e-64
E2F8,333.71307,-0.9415862658686761,0.03456463179007665,-27.24132204234854,2.1057831661500513e-163,1.0720590017416577e-162
E4F1,1339.0605,-0.36685396420822225,0.012536631138735361,-29.262563454924205,3.1078237548696076e-188,1.8932430827465693e-187
EAF1,1778.9963,0.17645635566904175,0.012136063581682992,14.539834476095528,6.77562886739807e-48,1.411057979862493e-47
EAF2,221.93988,-0.3881457156213717,0.02629312446448548,-14.76225148310715,2.565704667396686e-49,5.41353314576942e-49
EAPP,1677.8505,0.1100350224724715,0.010064586120689488,10.932890945835874,8.025028350008845e-28,1.3758446499185691e-27
EARS2,1517.3541,-0.11521072201540039,0.011475792653945573,-10.039456575209991,1.0223581975630618e-23,1.672897487878667e-23
EBAG9,1303.8242,0.02511112386066205,0.01263805815310542,1.9869447945602112,0.04692851487793871,0.05213454296627492
EBF1,482.05154,1.4267264744976236,0.029311978543495106,48.673837297627315,0.0,0.0
EBF2,49.234303,2.0548464131438537,0.04940109723638222,41.59515735675866,0.0,0.0
EBF3,190.54813,1.272864284266228,0.040811139444551094,31.18913859280091,1.4956413190306402e-213,1.1133368049047462e-212
EBF4,859.73315,0.591505123114528,0.03004389042087422,19.688033567835,2.7308674848081685e-86,7.803190333082036e-86
EBI3,159.10097,-0.06980801081051621,0.03175460671205284,-2.198358538763441,0.027923565847633006,0.03131173590504298
EBNA1BP2,2881.2732,-0.3309413793085578,0.011694488147755148,-28.298919553147325,3.563319731050834e-176,1.9821209400126754e-175
EBPL,1365.7184,-0.5396371431352943,0.018182126691219574,-29.67953926951204,1.4106012673630757e-193,8.899420886967727e-193
EBP,3084.3848,-0.8468688156050453,0.023604694447911165,-35.87713526535341,6.944235284091532e-282,8.385390637533778e-281
ECD,1271.6576,0.014834583810305403,0.009078136906945485,1.6341000320182202,0.10223784814347725,0.11157653982058716
ECE1,10289.3,0.14067286684649952,0.019896367544398313,7.070278860329207,1.5462265775718358e-12,2.1791241099809637e-12
ECE2,740.9127,-0.7550156626189465,0.023870837567105695,-31.629206997720402,1.4650630619450718e-219,1.1371413983278582e-218
ECEL1,248.57066,-1.13646670999103,0.057056607120661865,-19.918231513269955,2.8280379715005585e-88,8.195875453634145e-88
ECH1,8574.936,-0.14233468088844972,0.017505630540105593,-8.130794292862483,4.2648655242494657e-16,6.348961480564118e-16
ECHDC1,2310.925,0.1727754906221516,0.014100951316421424,12.25275421105411,1.6238578852202986e-34,2.992949727068627e-34
ECHDC2,2070.4597,-0.07959293031690211,0.02621105036335152,-3.036617350832667,0.002392489595204126,0.0027950132362862686
ECHDC3,874.7465,0.3356312932618554,0.03722737436433153,9.015712200843046,1.9559536458299878e-19,3.041416044867694e-19
ECHS1,8060.05,-0.21794408843002647,0.02053572722508268,-10.612922836442138,2.5950187403619616e-26,4.3825787254275555e-26
ECM1,4027.668,-0.5192952002805531,0.037748347585945204,-13.75676641469471,4.638122917088485e-43,9.250347224628181e-43
ECM2,700.6822,1.630087051672797,0.029842637714127013,54.62275376888487,0.0,0.0
ECSCR,193.00249,0.9306148856750125,0.026917398427503736,34.57298773436166,6.435664006342695e-262,6.757281253487928e-261
ECSIT,2033.445,-0.14755152743386907,0.014934637102394083,-9.879820073446309,5.092426299760958e-23,8.263726051078697e-23
ECT2L,31.554626,0.04828658518415459,0.03178637758654672,1.5190968223001107,0.12873812648631142,0.13959200666461516
ECT2,2206.2163,-0.6600344810486738,0.026897135878344473,-24.53921057000286,5.638805387230433e-133,2.305229696357919e-132
EDA2R,255.80531,0.9903747840262224,0.03381120972526439,29.29131468745394,1.3380253067959899e-188,8.173074473765245e-188
EDARADD,763.7601,-1.1325278133301218,0.03349025644963077,-33.81663604258867,1.1232427903889299e-250,1.0962655785967509e-249
EDAR,165.1092,-1.1721134873414867,0.05382509859766829,-21.776337022674078,3.889554608407775e-105,1.2865547079215904e-104
EDA,405.12158,0.08607778041385075,0.03248143112036605,2.6500612025028505,0.008047719085508068,0.00921815645672661
EDC3,1785.0863,-0.05621797283987498,0.00930076549508038,-6.044445789931093,1.4992445095345814e-09,2.008892916257374e-09
EDC4,3309.0176,-0.23812689262358613,0.009874462050888575,-24.115429417459534,1.722141363019854e-128,6.81989418590181e-128
EDDM3A,1.7815138,1.0163052779652737,0.09353603131773829,10.865388061130409,1.6850525660956496e-27,2.8804353646634196e-27
EDDM3B,1.1606382,-0.22590903380881902,0.13400603899507615,-1.6858123372866778,0.09183195073925174,0.10045168091018837
EDEM1,3394.9724,-0.022986593847381498,0.017098647252067164,-1.3443516032885292,0.17883471595217393,0.19204050751992768
EDEM2,1883.0588,-0.2728997372774389,0.012397676374021288,-22.01216817122979,2.2020552061820036e-107,7.408964128682765e-107
EDEM3,2900.8613,0.08971868306460792,0.017245374651211082,5.202478048704339,1.9664859313609764e-07,2.5384026804830155e-07
EDF1,10650.087,-0.5146186552741477,0.016337589510144895,-31.499056513483406,8.948763469263355e-218,6.851744094423943e-217
EDIL3,770.1966,1.6925767504835585,0.03969948201517801,42.63473135081329,0.0,0.0
EDN1,720.25226,0.7948173145906837,0.03377022560599188,23.536038043218127,1.7449338889070484e-122,6.603180119750669e-122
EDN2,259.57217,-0.6110818104291716,0.053040461954283205,-11.521049928936838,1.0334399257105443e-30,1.8317781166238005e-30
EDN3,348.12753,0.4746909857554722,0.07268169156403757,6.531094358711186,6.529084626510919e-11,8.948208274058284e-11
EDNRA,1025.2382,1.2136478555792285,0.0283768538149262,42.76893638366811,0.0,0.0
EDNRB,3657.513,1.608878608889489,0.04342306305693503,37.05124640286143,1.7147673773365347e-300,2.3895242323883993e-299
EEA1,1676.8156,0.4137294401779397,0.015605068705856756,26.51250359587731,6.954858766552781e-155,3.328490118200472e-154
EED,836.3436,-0.22970466930523809,0.010658187044650384,-21.551945780547427,5.076805416119273e-103,1.6508334366199055e-102
EEF1A1P9,15985.28,-0.14695706628308677,0.024310479238341856,-6.045009020279201,1.4940164318102823e-09,2.0021511674055776e-09
EEF1A1,199233.05,-0.07186799879844799,0.014878973946537945,-4.830171694411113,1.3641536855472803e-06,1.731579580027251e-06
EEF1A2,3470.627,-0.2915598533600044,0.057490161721617875,-5.071473877075039,3.9474645817741214e-07,5.065324052712677e-07
EEF1B2,9146.902,-0.3525081256971983,0.015320907243669612,-23.00830623740313,3.8491452986102554e-117,1.39488695504461e-116
EEF1DP3,6.147503,0.0034123123626937893,0.03125023567935773,0.10919317209974784,0.9130492758031838,0.9169407748451855
EEF1D,20960.29,-0.5192882539634002,0.016360122348217352,-31.741098441111802,4.2133019244745665e-221,3.305534253579102e-220
EEF1E1,751.87933,-0.21089724748943897,0.012217302144028426,-17.262178261877672,9.062677683141508e-67,2.2165672146933923e-66
EEF1G,41886.617,-0.37368092097605987,0.014900483331891534,-25.078442937234783,8.548827425927927e-139,3.6267050961547543e-138
EEF2K,2361.2034,0.065088603373215,0.01318737298737217,4.935676228733492,7.987351947375092e-07,1.0192710185320892e-06
EEF2,123244.0,-0.09218468954468158,0.014089238044511884,-6.542915184869764,6.033105004552554e-11,8.271244766847504e-11
EEFSEC,1235.6779,-0.2228531598140347,0.011994793556270275,-18.579157596050354,4.738855337673066e-77,1.2628057044461512e-76
EEPD1,946.723,0.5572232120372285,0.026001437186419712,21.430477401774564,6.946427850072826e-102,2.2313399274161037e-101
EFCAB10,26.140797,-0.503265892081219,0.03473962930809992,-14.486795112804414,1.4683578953447472e-47,3.0488830587785523e-47
EFCAB1,120.5383,-0.5114022934014312,0.05339967965008,-9.576879426104666,1.0002132477570306e-21,1.596623922776022e-21
EFCAB2,366.1674,0.3802485096034743,0.021973595176380457,17.304792709215178,4.3283615042346665e-67,1.0634939882297076e-66
EFCAB3,2.3589344,-0.07393385126302225,0.049513831839871465,-1.4931959114399693,0.13538591203897268,0.14662065977985236
EFCAB4A,1260.276,-0.9168631336072552,0.03533132142230432,-25.950434252041543,1.7978934220956647e-148,8.205180941592835e-148
EFCAB4B,239.20973,-0.38435544385383363,0.034482899606734146,-11.146262299205635,7.467777179699181e-29,1.2941477323927106e-28
EFCAB5,12.667346,0.13115610001755085,0.03337548664330083,3.929713487604732,8.504713851927901e-05,0.00010375567432370575
EFCAB6,82.593155,0.5478999712081198,0.031249334300315634,17.533172577138252,7.99797327658498e-69,1.993032288102737e-68
EFCAB7,272.01428,0.43115818073744255,0.014502809319460581,29.729287011923496,3.212992220686137e-194,2.0422512838260715e-193
EFEMP1,4725.5586,1.1522162889554342,0.03624506234450934,31.789607036776975,9.01072024199462e-222,7.113193230196529e-221
EFEMP2,2672.7158,0.737740996369423,0.025671835511294174,28.73736846922606,1.3028206547577997e-181,7.561039256047334e-181
EFHA1,1820.3855,0.1461794920660884,0.012086298971725548,12.09464472193331,1.1272886919451017e-33,2.058707434455537e-33
EFHA2,202.45447,1.1848211321945104,0.03223185585021135,36.75932089361033,8.251783659124969e-296,1.1016266460073787e-294
EFHB,40.866352,0.5300456925067089,0.04239080692814678,12.503788696571554,7.117649061387054e-36,1.329921230183361e-35
EFHC1,751.7958,0.2554777442963944,0.01948077141073248,13.114354606904573,2.724920539241171e-39,5.259946644392813e-39
EFHC2,96.76129,0.3745816134367223,0.04024510058879273,9.307508440941357,1.3086611259228651e-20,2.0645510935810622e-20
EFHD1,3052.3433,0.5875213540355393,0.04479586961616873,13.115525138136348,2.6831717355588144e-39,5.179849550942718e-39
EFHD2,6071.6494,-0.6390146335789016,0.01991492215000495,-32.087227294470885,6.6454670792393446e-226,5.401000569510332e-225
EFNA1,5194.928,-0.4444643102959793,0.025728138169180233,-17.275416797489203,7.205102651791543e-67,1.764145338398365e-66
EFNA2,34.77566,-0.9664769352128042,0.07580447663870071,-12.749602372683428,3.1333937132178408e-37,5.933658506873967e-37
EFNA3,690.2584,-0.8641999210793674,0.029153882116853113,-29.642704790241144,4.2114502489684e-193,2.6479590987877595e-192
EFNA4,731.6825,-0.7663384073227036,0.022078886742032983,-34.709105412628276,5.742206346818512e-264,6.133556086824664e-263
EFNA5,777.03467,0.11251496090988047,0.034737678682402774,3.2389890510121417,0.0011995417819353098,0.001414917215435746
EFNB1,3381.3616,-0.6189208333792235,0.02541281923968563,-24.354670276515137,5.173095203778849e-131,2.091738733937112e-130
EFNB2,2837.3235,0.15956600053386774,0.026032675124407347,6.129450767979819,8.818295637628377e-10,1.1874573773826054e-09
EFNB3,478.4392,1.0390595995287473,0.03962680656830402,26.221128814347903,1.5261448005005229e-151,7.131232956940589e-151
EFR3A,4173.4897,0.2840099076154904,0.014572889866679609,19.488921566948015,1.3632378296617242e-84,3.8424697458234863e-84
EFR3B,698.6443,1.0601717913250202,0.039098812453392556,27.115191608154078,6.519098335552962e-162,3.284393046610313e-161
EFS,1458.4109,0.4216013454353741,0.03698172069165664,11.40026309080017,4.168574335361972e-30,7.33771441238409e-30
EFTUD1,1223.6785,0.015579106416954907,0.010434223933769917,1.493077637190994,0.13541686553674356,0.14663858121709283
EFTUD2,5122.1367,-0.24320738631577393,0.01039181202448083,-23.40375150578462,3.913761208436605e-121,1.4625599200176365e-120
EGFL6,390.83853,0.10539131152641583,0.049726375782152325,2.1194247493146814,0.03405458704952507,0.038044191052528584
EGFL7,1736.1467,0.07030658654578548,0.02639724969870298,2.6634057467448957,0.0077354078845984315,0.008865411457022037
EGFL8,412.07715,-0.3073131978808505,0.030390604745583256,-10.112111965311026,4.882032264332692e-24,8.02918611111958e-24
EGFLAM,538.85376,0.4553106282780892,0.03445049056526457,13.216375755681277,7.058385758497651e-40,1.369761468470629e-39
EGFR,3894.1262,0.8639909486868536,0.0396102062134236,21.812331499401626,1.7721160246585807e-105,5.879809345831819e-105
EGF,487.85654,2.015319880848483,0.05378063987669958,37.47296211924802,2.5397271759527166e-307,3.703890084184911e-306
EGLN1,3368.3853,0.3576675690172856,0.014414740198131383,24.81262680430764,6.550795206418926e-136,2.7307051516683642e-135
EGLN2,3681.1858,-0.26449217689836557,0.013522698443802567,-19.559127048313492,3.449319498262123e-85,9.765636999738362e-85
EGLN3,3314.152,0.5868805558464807,0.03898471754272926,15.054118455603257,3.2439465160495e-51,6.951948117921239e-51
EGOT,35.72749,1.0015018604766448,0.050991481829967635,19.640571807977217,6.960999056178626e-86,1.9831931120170816e-85
EGR1,15475.514,0.932386838008805,0.03101621976167445,30.061266175348663,1.5555885776919993e-198,1.0219499145928174e-197
EGR2,948.8945,1.2656194190900407,0.0327328845028484,38.66507453627887,0.0,0.0
EGR3,874.76855,1.014305281367584,0.034345263588219814,29.532610188366228,1.0983299145149052e-191,6.829840784853071e-191
EGR4,35.393402,-0.5717917440985516,0.05385353737770727,-10.617533628074085,2.470009914172309e-26,4.172843070503198e-26
EHBP1L1,3339.7642,-0.21665500974609017,0.020323852573148515,-10.660134881726638,1.5637049714216e-26,2.6485415568363023e-26
EHBP1,2298.131,0.49101814704440916,0.015733735859418136,31.20798209857376,8.303251458898863e-214,6.192157379183955e-213
EHD1,3992.4297,0.02438347892710637,0.014864631700409319,1.6403688580077593,0.10092849637732369,0.11019484408998408
EHD2,6062.3105,0.7081013415701641,0.025596512385188803,27.663977455768574,1.8950521850838505e-168,1.004461531791776e-167
EHD3,1001.3886,0.7236761628685633,0.025450860604197337,28.4342511682774,7.630916511380661e-178,4.297588637764838e-177
EHD4,2899.035,0.021714017145506682,0.015511046725816158,1.3999066297290221,0.1615412804831149,0.17401158356379556
EHF,3281.5422,-0.6059721814514007,0.05023467822333205,-12.062825977652034,1.6598793173283757e-33,3.024295956818364e-33
EHHADH,1971.8374,0.7356002174075948,0.035266502142810706,20.858326534023774,1.280750239055431e-96,3.952522982708735e-96
EHMT1,2792.9016,-0.10761038864168496,0.010475334111612484,-10.272740467761588,9.350991512181145e-25,1.5523225391103712e-24
EHMT2,4076.0608,-0.13040148652136466,0.013762217310446424,-9.475325347637215,2.659306861442016e-21,4.2208488650579254e-21
EI24,5488.854,-0.1646480482548345,0.011716901785842419,-14.052183014265719,7.469549517266554e-45,1.5176902058086806e-44
EID1,7563.9805,0.6115738185023812,0.014642073168638305,41.76825313319049,0.0,0.0
EID2B,135.73528,0.5846411246619744,0.022657975549150448,25.80288443659722,8.230214096705855e-147,3.7062359830753045e-146
EID2,662.50745,-0.013348269793225098,0.011833853920147333,-1.1279731762194094,0.2593312476285866,0.27520067086110994
EID3,83.74101,0.20298940398777138,0.025982838476213924,7.812441437974481,5.609070800322448e-15,8.207796479822088e-15
EIF1AD,1219.557,-0.19523088659158858,0.008336724641694146,-23.41817620018151,2.790411107475263e-121,1.0436984409516461e-120
EIF1AX,4014.587,0.0680583511910039,0.012110461914157307,5.619798127719859,1.9118071221521114e-08,2.510156146001215e-08
EIF1AY,440.12344,0.005240229472540072,0.08540992940893148,0.061353867270520085,0.9510773916878982,0.9529027862880866
EIF1B,1676.0419,0.37840188921644063,0.011834533818967968,31.974380656207316,2.4765081863713303e-224,1.992067568800234e-223
EIF1,25747.44,-0.05875872370397903,0.011173308022463746,-5.258847566526011,1.4496098781560268e-07,1.8753642695163342e-07
EIF2AK1,9380.475,-0.22817213452510568,0.009254391522397971,-24.655552336733464,3.2086175199360165e-134,1.3223531191979222e-133
EIF2AK2,1078.2589,-0.16241541259343406,0.01870908644637374,-8.681097981933478,3.9196629022013695e-18,5.995073024259461e-18
EIF2AK3,1619.1207,0.181310468165542,0.014209164515205578,12.760107603196316,2.7382257666351412e-37,5.187747848773948e-37
EIF2AK4,2671.4146,0.1534425815780557,0.011809874892342321,12.99273556890513,1.3453100263411287e-38,2.580718630573734e-38
EIF2A,4322.817,-0.028990932728271416,0.010861770903529402,-2.6690797463654072,0.007605938919765511,0.008718501799870841
EIF2B1,2412.1904,-0.10047195183749441,0.007357780509990959,-13.65519828990086,1.879769618833606e-42,3.7278618419864975e-42
EIF2B2,1467.986,0.1069167008589028,0.010955931621105789,9.75879592502528,1.6915150783118596e-22,2.7288078826744173e-22
EIF2B3,1041.662,-0.08987806335103014,0.011012995391056856,-8.161091525019248,3.320104639024667e-16,4.950491456415937e-16
EIF2B4,1882.5762,-0.18746269525914072,0.009485088879839383,-19.763936599223005,6.086748311048023e-87,1.748061910913058e-86
EIF2B5,2734.1008,-0.3526049855855683,0.009639932647740471,-36.57753622046481,6.510280793370092e-293,8.496333761039852e-292
EIF2C1,2084.913,0.13663413400120497,0.011764341005416953,11.614261601078297,3.4878855786541422e-31,6.212042909266003e-31
EIF2C2,675.73376,-0.38646470345577416,0.020410223470813678,-18.93485899399451,5.887308439310053e-80,1.603259931994561e-79
EIF2C3,332.54626,-0.002149730396024899,0.018355668998972906,-0.11711533892582109,0.9067686546797283,0.9110646518592799
EIF2C4,698.3748,0.16795207672359902,0.018821729945571262,8.92330711413262,4.525675746722155e-19,7.00617690879145e-19
EIF2S1,3285.9512,0.030417579876387123,0.010803284305952461,2.8155863545706605,0.004868831001657414,0.005619623015065667
EIF2S2,4140.5513,-0.381640583363363,0.011397141061238588,-33.48564182129093,7.799275429563122e-246,7.337590040225304e-245
EIF2S3,10126.822,-0.22287358764874096,0.0119306985624553,-18.680682147992705,7.110466443080271e-78,1.9042618562834944e-77
EIF3A,12143.581,0.036826912686680154,0.011664336346989877,3.1572231450770696,0.001592794069211312,0.0018711883701715583
EIF3B,11030.759,-0.4725405516516708,0.012254232138244323,-38.56141668615168,0.0,0.0
EIF3CL,27359.703,-0.4016704611853571,0.013064619415752684,-30.744903345675908,1.4304694187702027e-207,1.0115639769622286e-206
EIF3C,879.417,-0.4042522216157707,0.028754055604117784,-14.058963618261865,6.787290137330239e-45,1.3798925494897776e-44
EIF3D,10240.519,-0.2776200520142311,0.010747101813884127,-25.83208541446729,3.8681971149964947e-147,1.7481159836673394e-146
EIF3E,12955.471,-0.15250072906152734,0.013728337648888615,-11.10846287160435,1.1410677389485038e-28,1.9740820952797918e-28
EIF3F,6011.9277,-0.23815717657932342,0.011645305628835487,-20.450916804588733,5.895672829489717e-93,1.7667059631377854e-92
EIF3G,6607.5034,-0.29871253568902884,0.012957509316200466,-23.053237192394345,1.3649433602373624e-117,4.968510972836128e-117
EIF3H,10692.644,-0.2266957656375295,0.012629913332922587,-17.949114903789418,4.876127717907559e-72,1.2446474950962888e-71
EIF3IP1,2.49462,-0.6364013147568756,0.034922728302657864,-18.22312704899522,3.382602357694438e-74,8.798569234738861e-74
EIF3I,9040.669,-0.31695803586443205,0.01055471623190083,-30.029991228608345,3.9851224507192656e-198,2.611300546321002e-197
EIF3J,3105.4165,-0.02612132397372099,0.010053742869882368,-2.5981690910329216,0.009372232954298766,0.010716010935446961
EIF3K,8124.349,-0.43356130753208816,0.014044144538564046,-30.8713219478456,2.898981537837183e-209,2.078913882663868e-208
EIF3L,15748.366,0.05056513700860373,0.012736420665336947,3.9701214601226438,7.183600212590188e-05,8.779620406298694e-05
EIF3M,6173.4087,-0.29414372483850687,0.011457923965343977,-25.671642238871886,2.4242952959433348e-145,1.0788246542100624e-144
EIF4A1,23366.08,-0.32832765961975463,0.01203528503080994,-27.28042242283805,7.242247559274664e-164,3.703715600584599e-163
EIF4A2,17528.703,0.11414807392285424,0.01304574566212134,8.749831315068953,2.1367190222042577e-18,3.278675201466422e-18
EIF4A3,4381.3945,-0.29589657177171536,0.011732348223109094,-25.220575297014346,2.382585791396522e-140,1.0220620338609732e-139
EIF4B,17466.002,0.1534011037796239,0.012364770904413513,12.406303761347372,2.4154870445375305e-35,4.48940119953803e-35
EIF4E1B,5.039438,0.39231578619108143,0.10750885542603045,3.6491485714031,0.00026311090977845363,0.00031701929408649684
EIF4E2,3168.1172,-0.10532356487849473,0.008917667806353731,-11.810662514637848,3.438411713736774e-32,6.182885009712682e-32
EIF4E3,1449.3364,0.5080154742923848,0.020257749050734034,25.07758749602918,8.734501751795298e-139,3.703930872001676e-138
EIF4EBP1,2564.3909,-0.8381243999092778,0.02377743871464546,-35.248725061082546,3.58877935467883e-272,4.0681491582353175e-271
EIF4EBP2,8544.424,0.2538977403485855,0.01294251281467193,19.617345100154058,1.0994732708612536e-85,3.128029111439947e-85
EIF4EBP3,888.6495,-0.3023509788654916,0.023025751578230596,-13.130992829408681,2.187693339216733e-39,4.225735170124617e-39
EIF4ENIF1,1380.7722,0.20668975798161338,0.008885416098768202,23.261685855124675,1.0834745728438779e-119,4.0077141766948604e-119
EIF4E,1179.1823,-0.13040300737966118,0.012373059188448747,-10.539269665937018,5.693935185593357e-26,9.574859704591986e-26
EIF4G1,21241.256,-0.3040038904357645,0.012382692384583593,-24.5507100551289,4.2501354875689185e-133,1.738218328473596e-132
EIF4G2,37974.15,0.1209270576252909,0.009967213645990933,12.132483753263465,7.106091812047925e-34,1.30124953410221e-33
EIF4G3,3732.2236,0.28980163004166515,0.011964960931926696,24.220858863681965,1.3414780223290094e-129,5.367757676217827e-129
EIF4H,10797.188,0.027932697112473977,0.008346412654950333,3.346670991148136,0.0008178821994532063,0.0009699011940044167
EIF5A2,427.7531,0.06072529137696378,0.02357180328787116,2.576183528911846,0.00998976065679253,0.011411184268172538
EIF5AL1,4059.163,-0.6544654265098858,0.014574329100005457,-44.90535530103,0.0,0.0
EIF5A,16231.07,-0.6056656154101838,0.013323525102206668,-45.458361114197345,0.0,0.0
EIF5B,7022.741,-0.028486607328140085,0.01259575330669031,-2.261604100566915,0.023721874441469972,0.02667809985935409
EIF5,9025.558,0.14461791151410117,0.011074092131038818,13.059121217599543,5.6374780878142194e-39,1.0855331163322585e-38
EIF6,7464.8413,-0.713835841942868,0.014653375172616098,-48.71477277650466,0.0,0.0
ELAC1,282.18253,0.2581024753591946,0.013024901904077063,19.816078252259484,2.1632437632742196e-87,6.233755099292263e-87
ELAC2,3318.7852,-0.08886641985298906,0.00999642261400754,-8.889822217846662,6.120676098065547e-19,9.45741079846057e-19
ELANE,57.982132,-3.119230110552985,0.07766975747168839,-40.160162875363476,0.0,0.0
ELAVL1,4209.915,-0.10040267261429821,0.006799743609041241,-14.765655646309716,2.43938450056174e-49,5.14860346744106e-49
ELAVL2,151.83286,0.4419647746210175,0.053810289082556854,8.21338785121459,2.1503356167573996e-16,3.215238162570792e-16
ELAVL3,334.15744,2.5051146631503687,0.0831822660522218,30.115970411020765,2.9941191977984186e-199,1.981061837763341e-198
ELAVL4,68.03851,2.02408274052024,0.06546500860825925,30.91854386871456,6.729502478436674e-210,4.8429106029866473e-209
ELF1,3188.9092,-0.020232416909155778,0.01744086386025886,-1.160058186983376,0.24602511649222425,0.26154380171610847
ELF2,1466.2263,0.16791037020132732,0.011335362486804924,14.812968742445207,1.2078562161860168e-49,2.5554135618134797e-49
ELF3,10942.108,-1.1432638797480312,0.04282361871836173,-26.697040417507438,5.0943589667114004e-157,2.4706063411928873e-156
ELF4,2048.598,-0.5896165247827213,0.024887130251377808,-23.691623695748476,4.398872327277998e-124,1.6849791479031564e-123
ELF5,365.01053,0.31512183775135477,0.06996071300434406,4.5042685275632905,6.6601947585300165e-06,8.333532363647753e-06
ELFN1,350.0108,0.2765187699604848,0.03694781876483391,7.484035031146926,7.207473020309404e-14,1.0371715157692114e-13
ELFN2,513.502,1.4366423260093355,0.05272312978220646,27.248805826663734,1.716894811952141e-163,8.756077524181774e-163
ELK1,2017.3474,-0.038953693730558854,0.011567824580808364,-3.367417396282539,0.0007587575322719164,0.0009008365173503584
ELK3,1026.2316,0.6062684269908242,0.022253795478045832,27.243371926776703,1.9912622630202324e-163,1.0140097151783119e-162
ELK4,410.6889,-0.06175371766632334,0.02067917464467831,-2.9862757449178647,0.002823978771769478,0.003288718900266263
ELL2,3121.876,0.14863209463137103,0.025154167464490597,5.908845714778301,3.4451317226434412e-09,4.586075372126182e-09
ELL3,438.68994,-0.7674580582093602,0.02094788927095949,-36.63653403368443,7.49790316668089e-294,9.861098874060481e-293
ELL,1178.078,-0.1198124630259302,0.009907504449123646,-12.093102116802788,1.1486614389836674e-33,2.0969869293641037e-33
ELMO1,1511.9137,0.819037191517653,0.02842292518394774,28.81607667813924,1.3490813499093653e-182,7.885715533392124e-182
ELMO2,2544.2063,0.38078929320850535,0.01253251616989521,30.384105477813982,8.908891097170876e-203,6.08440502674612e-202
ELMO3,1495.355,-0.8308816688329738,0.030050083156128973,-27.649895826112157,2.7988509183376034e-168,1.4804314327470841e-167
ELMOD1,109.96626,2.556732214777057,0.06072242737541509,42.10523731158037,0.0,0.0
ELMOD2,383.46667,0.03848204917668403,0.013217995357577419,2.911337773668048,0.0035988473601966673,0.00417463012969312
ELMOD3,706.2891,0.07241713886844577,0.011913744089315866,6.078453450531037,1.2134719748276238e-09,1.6297299251609994e-09
ELN,3652.138,1.1973450686431013,0.03698227529167019,32.37618721941613,5.939682475244333e-230,4.9682003086893745e-229
ELOF1,2329.9983,-0.2845472685332403,0.012852302362400874,-22.139789471937497,1.3084634842963576e-108,4.445020536757808e-108
ELOVL1,4253.9873,-0.2852957144608503,0.013407391566242727,-21.278987269915415,1.7774003459080805e-100,5.642615568742026e-100
ELOVL2,885.56757,0.9027131369989269,0.05087649789067064,17.743224758488335,1.944485547139326e-70,4.901297666733878e-70
ELOVL3,41.375385,-0.8675855263090255,0.0458272509216877,-18.93165112154789,6.257012829205809e-80,1.7030283982593726e-79
ELOVL4,289.49927,-0.29997969163568466,0.04089433355714861,-7.335483074115196,2.2092316102284906e-13,3.1532351621313685e-13
ELOVL5,6381.424,0.3375328799724505,0.022684004346345307,14.879774964724493,4.459970863202151e-50,9.470228077172779e-50
ELOVL6,931.6112,-0.33095234939931195,0.024674871355082267,-13.412525829892358,5.106939480219341e-41,1.0005021254598303e-40
ELOVL7,1118.6104,0.3868994539688173,0.03365202929662907,11.497061605362775,1.3648300027046157e-30,2.415593673395051e-30
ELP2P,29.306362,0.1828105636590084,0.020017366323760537,9.132598200094534,6.687467985638812e-20,1.0448174408688557e-19
ELP2,2669.5044,0.08116028449052604,0.01695607115396661,4.786502943610251,1.6971245132100334e-06,2.149275812667521e-06
ELP3,1815.1886,-0.00937939116855773,0.015342288951080071,-0.6113423621771533,0.5409729516800508,0.557597626734212
ELP4,507.23798,0.22234543687964728,0.011386589417437086,19.5269565563815,6.478725828867458e-85,1.831186715950473e-84
ELSPBP1,2.7910454,0.0817647115324229,0.14472567947729068,0.5649633971506268,0.5720986608130348,0.5885475813791095
ELTD1,1083.7474,1.3739834046843036,0.026032696155359136,52.77914344655588,0.0,0.0
EMB,2252.1985,-0.17271347079172975,0.034143561149089605,-5.058449235496191,4.2267973641973555e-07,5.420684569303557e-07
EMCN,830.8691,1.5422601813353023,0.03142102100494252,49.08370676728503,0.0,0.0
EMD,2882.855,-0.23145121082476383,0.011052249253423449,-20.941548233095766,2.2405893502474393e-97,6.957925348030448e-97
EME1,207.29874,-0.6596749397597971,0.026891562126084192,-24.53092671473806,6.91196322170441e-133,2.8240148350527816e-132
EME2,53.06635,-0.43379162620021117,0.02505738533481276,-17.31192701887915,3.82399766341126e-67,9.397968183171155e-67
EMG1,1509.4598,-0.521265641613896,0.014114865115614722,-36.93026021461872,1.5109573286660496e-298,2.064535587537725e-297
EMID1,885.6065,-0.2164022329514796,0.035751992608137134,-6.052871942645976,1.422859764408412e-09,1.9083005232932057e-09
EMID2,281.82553,0.09084187586834395,0.054516504698558746,1.6663187849375372,0.09564993717103573,0.10457185430486073
EMILIN1,4318.9233,0.9495258592424837,0.03129784665446563,30.33837662141538,3.5763846856604377e-202,2.4294833438558843e-201
EMILIN2,1311.3397,0.2408143714386435,0.02821353646927432,8.535419574249406,1.396477193147958e-17,2.119651023283328e-17
EMILIN3,262.28168,1.2837961774119764,0.04730087358990918,27.14106696088277,3.22791014784827e-162,1.6290784010917928e-161
EML1,871.7174,1.09897697995778,0.024301761452372315,45.22211207247691,0.0,0.0
EML2,1982.5337,-0.42294908635190903,0.01676977280988354,-25.220919278204956,2.3619730453768103e-140,1.0134332819984505e-139
EML3,2100.222,-0.010519924363188014,0.011352940040994049,-0.9266255547199123,0.3541209820080722,0.37145391687888824
EML4,3936.1582,-0.15326915359743673,0.015441574178939042,-9.925746677206167,3.2168593575069185e-23,5.230575805405587e-23
EML5,163.88249,0.29281581580547195,0.0283944932238193,10.312415632755066,6.192491249864774e-25,1.0307655085928946e-24
EML6,226.05612,0.15211628296762636,0.036277566740870744,4.19312254468959,2.75140711711959e-05,3.395726084956216e-05
EMP1,8916.669,0.32100499686322137,0.03078302659128918,10.427986861891537,1.8476122791014857e-25,3.0918575037175036e-25
EMP2,7151.795,-0.09906674898228157,0.029134079521605682,-3.400373398061682,0.0006729388987618542,0.0008003951066128755
EMP3,2260.5344,0.18200405616574977,0.029806087234237538,6.106271337644281,1.019855715962116e-09,1.3715974713484423e-09
EMR1,98.50729,-0.2662658768055432,0.042792120266700304,-6.222310910187459,4.898850237479704e-10,6.624755362660199e-10
EMR2,546.86285,-0.5587345228182584,0.030409497920649165,-18.37368457303128,2.1341922578680365e-75,5.611522688613632e-75
EMR3,14.89162,0.061777686622791865,0.05227131641111414,1.1818659039866164,0.23725891275295574,0.2525279278930064
EMR4P,23.030584,-0.03292592087284714,0.0408401729203254,-0.8062140416761193,0.4201194436685599,0.43766114484205143
EMX1,123.48137,0.8525962206213149,0.06570728329673761,12.975672982414213,1.6811323010452908e-38,3.222196621820851e-38
EMX2OS,1085.5822,0.7586277761317395,0.06539955676734653,11.599891706154745,4.126000229970283e-31,7.344691674561948e-31
EMX2,834.31055,0.22516454927434765,0.06878158415800675,3.273616797733156,0.0010618049872488195,0.0012549949338402737
EN1,146.5426,0.24802988061175113,0.06765054122243135,3.6663399306184736,0.0002460468114666476,0.00029661694899629787
EN2,107.37385,-0.6818975208612365,0.058428706951644,-11.670590646915729,1.8016800149193668e-31,3.220686928065975e-31
ENAH,6345.5386,0.3846367299201917,0.02154959336380418,17.848908952790154,2.947383503159597e-71,7.485751090422434e-71
ENAM,77.2385,1.1591253539280422,0.07631944192784226,15.187812235628769,4.258984522858328e-52,9.18815999797316e-52
ENC1,3717.8862,0.3083094592861563,0.027112746968671518,11.371384081532,5.805954890586164e-30,1.020226442408456e-29
ENDOD1,3709.5876,0.3911986147164541,0.021991045330020064,17.78899587744596,8.600733931026841e-71,2.175995303862004e-70
ENDOG,720.40515,-0.5443362515084273,0.020257104350040807,-26.871375202612843,4.746436135492822e-159,2.3363803985130168e-158
ENDOU,58.62133,-0.9910680320509836,0.051847420931637495,-19.115088354302888,1.8909955651343027e-81,5.214516959307771e-81
ENGASE,1403.9852,-0.5960973139470637,0.018893052724009055,-31.55113801114579,1.7297767026336068e-218,1.3334541419506852e-217
ENG,7096.972,0.6492011420228389,0.02089592488584877,31.06831334670875,6.455803405930702e-212,4.729532261293385e-211
ENHO,563.7476,2.375934599268846,0.052577390765729794,45.18928316270673,0.0,0.0
ENKUR,116.103226,0.908351080204108,0.04890111528604834,18.57526305669482,5.09547930756952e-77,1.3576608195629873e-76
ENO1,68386.21,-0.24640937653009287,0.018422684510011996,-13.375324122615202,8.428548255724412e-41,1.6487011331503968e-40
ENO2,4254.0674,0.5191018935246625,0.032445708964260925,15.999092332870745,1.2965150908147014e-57,2.937430529033664e-57
ENO3,393.13812,-0.01659795053519497,0.0379650958451699,-0.4371897440450329,0.6619737469666978,0.6764265967925617
ENOPH1,2283.6196,0.18342981007361853,0.012048446768832837,15.224353279139551,2.437570678070771e-52,5.265970016430691e-52
ENOSF1,1261.0836,-0.16116753918994847,0.018877372370466584,-8.53760449426177,1.3703303126924267e-17,2.080584296823411e-17
ENOX1,156.75395,1.0920972683166124,0.03367567782035532,32.4298526118008,1.0419373877103563e-230,8.79469455903613e-230
ENOX2,733.5624,-0.04840844696338052,0.012389912493610397,-3.9070854607201824,9.341611989427615e-05,0.00011378156057000109
ENPEP,1852.9109,1.6337978623826737,0.044169208226681696,36.989521161389774,1.6878396101616933e-299,2.3218058529244535e-298
ENPP1,1354.4935,0.7247985203564802,0.038936322650031274,18.614971086795684,2.4299119998085552e-77,6.484542981269154e-77
ENPP2,3432.5557,1.2755356418189885,0.03443259517382624,37.04442361604449,2.208317262576899e-300,3.0730780006017153e-299
ENPP3,912.79456,1.3927421757905334,0.06202728031370298,22.453703737238513,1.1774121181903748e-111,4.101100652564216e-111
ENPP4,1350.7677,0.4477856253457702,0.026214298548395062,17.081732113453224,2.030020322236511e-65,4.906705893436201e-65
ENPP5,1127.9363,0.524555493804066,0.039058000803142826,13.430167520552082,4.0249995764253456e-41,7.896026823708192e-41
ENPP6,99.93491,2.1415606895586996,0.04711050113340863,45.45824472327682,0.0,0.0
ENPP7,64.518036,0.08591726255951317,0.09663698928870716,0.8890722195704137,0.37396426789595116,0.39155766088590827
ENSA,8721.661,-0.26159039510627174,0.01166782643442929,-22.41980514334476,2.5228727806517708e-111,8.774029200766895e-111
ENTHD1,19.769474,-0.668420621288866,0.05878795681909416,-11.370026404315603,5.8969747520228054e-30,1.0359522735044636e-29
ENTPD1,3003.5854,0.7149998136662729,0.018534042426513915,38.57765063942168,0.0,0.0
ENTPD2,600.28937,-0.37630416992937393,0.03856151531515092,-9.758542081501737,1.6957536796330897e-22,2.7354289805601834e-22
ENTPD3,382.02655,-0.8196175283487253,0.04582302515138509,-17.886587051836116,1.5002013549840527e-71,3.816870705588644e-71
ENTPD4,927.12555,-0.010416695344107448,0.014392701624563298,-0.7237484397182109,0.4692201887690052,0.4866952222920408
ENTPD5,854.7671,0.20931754038340863,0.031000258703107793,6.752122373818268,1.4569790211780583e-11,2.017729126737235e-11
ENTPD6,4999.451,-0.5389756936282291,0.0159751182595343,-33.73844780814417,1.5792528963330652e-249,1.5310480817354702e-248
ENTPD7,966.2347,-0.24407426143232736,0.021474035977824928,-11.366017160647845,6.174105748994355e-30,1.0843566161471365e-29
ENTPD8,233.56346,-1.205853845474585,0.0515749722115295,-23.380600973063025,6.733036861593878e-121,2.5105842026591535e-120
ENY2,1503.6525,-0.3570323747947213,0.013673580267595664,-26.1111111945446,2.726684390785691e-150,1.2630845850285752e-149
EOMES,96.54946,0.19288796083047394,0.04072967490301331,4.735808996506464,2.1818300137878854e-06,2.7581420211553905e-06
EP300,5061.0503,0.19314706826276481,0.014448694909126283,13.367786466358744,9.327549240009748e-41,1.82402819111861e-40
EP400NL,279.17203,-0.2621803750364611,0.01593162279122109,-16.456601971578944,7.520550578018168e-61,1.7510394466819748e-60
EP400,3324.219,0.03427105964227328,0.011668023301853214,2.937177854009776,0.0033121409006495158,0.003846875269343573
EPAS1,12550.2295,1.0678986682863618,0.024319348786113297,43.91148289694942,0.0,0.0
EPB41L1,4412.583,0.16559448173704655,0.02438204703078756,6.791656234931711,1.1085344462779577e-11,1.5394715410486317e-11
EPB41L2,3760.0195,0.7136116920267879,0.023139539551699454,30.839494037139456,7.748133799987485e-209,5.5446135688557186e-208
EPB41L3,1701.5969,0.7113038035870597,0.03029810386485681,23.476842206357038,7.033674888659932e-122,2.644968360883405e-121
EPB41L4A,1168.2875,0.6232060002633206,0.02394819572753172,26.02308780810824,2.713888774447296e-149,1.2480700600626269e-148
EPB41L4B,1584.7504,-0.1865522358082068,0.036338091472828814,-5.13379289464605,2.8396056215765177e-07,3.654331912116076e-07
EPB41L5,1240.6713,0.7692833222665603,0.019346767365723747,39.762886880496794,0.0,0.0
EPB41,2720.2327,-0.20348827659895868,0.016031118998091815,-12.693329556294849,6.4389134018436905e-37,1.2161595504975944e-36
EPB42,7.971723,-0.6197127035166989,0.10320294660807627,-6.0047966059546845,1.9157190310696274e-09,2.5630626111287734e-09
EPB49,2122.7078,0.12629559546985125,0.02662046515406014,4.74430460696096,2.0922381834360773e-06,2.6458709967435926e-06
EPC1,869.9825,0.46738174440445573,0.015400482589258085,30.3485128920867,2.6285956415071116e-202,1.789818684462986e-201
EPC2,1240.1516,0.4969431325011372,0.011383654589089586,43.65409443970844,0.0,0.0
EPCAM,12671.217,-0.827366375953164,0.04510617889486145,-18.342639439303483,3.779913128165337e-75,9.913081460301184e-75
EPDR1,1541.7351,0.5489877355233296,0.029517536991873563,18.598697298980966,3.292108848166389e-77,8.779675666730353e-77
EPGN,22.119184,-2.560198993969088,0.10167134075380564,-25.181127493622217,6.448612821882761e-140,2.7552425695847035e-139
EPHA10,247.0381,-0.4256356614698975,0.04309536329180591,-9.87659991604775,5.25869770148424e-23,8.53286255714654e-23
EPHA1,1054.5416,-1.10061000197096,0.03722546226018182,-29.566053317979243,4.083786135357573e-192,2.5495799426478024e-191
EPHA2,3571.854,-0.6392868713307365,0.03207778786538677,-19.929269250531856,2.2684999785573503e-88,6.583662304126742e-88
EPHA3,479.22696,1.4607805180772842,0.03813793434399344,38.30255998926042,0.0,0.0
EPHA4,1094.0774,0.9028624892932229,0.03219371613314541,28.044680693561514,4.6381042836328995e-173,2.5376824807976942e-172
EPHA5,70.53066,1.4902810288336918,0.07036211405420409,21.18016277460965,1.4552873555932144e-99,4.590671718705028e-99
EPHA6,32.144638,0.6681030766721086,0.05475229424254842,12.202284596741531,3.0222361752273478e-34,5.556231379036805e-34
EPHA7,456.60315,0.9163589245441041,0.05714914397596047,16.03451706869951,7.335159639756827e-58,1.665215378075482e-57
EPHA8,37.11348,-1.5251186069620628,0.06657897258624029,-22.90691111201159,3.964801015755379e-116,1.425633766862659e-115
EPHB1,447.08017,1.9555058983251603,0.04193751492172048,46.629036126133336,0.0,0.0
EPHB2,1919.1719,-0.7456761996295282,0.03611570117259587,-20.646870347773778,1.0415227827048189e-94,3.1638857554591776e-94
EPHB3,2667.5667,-0.8381701187353809,0.03572435619789532,-23.462147619745245,9.936428994469318e-122,3.7317055506069145e-121
EPHB4,4800.825,-0.3312698868585298,0.021076846753190548,-15.717241328254342,1.152328987639578e-55,2.5656458726327833e-55
EPHB6,1268.5944,-0.14445497702156196,0.03840031970962698,-3.7618170399072755,0.00016868342603404768,0.00020421156393097322
EPHX1,14985.716,-0.3480096331569632,0.035965801565000594,-9.676126153563109,3.808749692555061e-22,6.114361693008082e-22
EPHX2,1809.995,0.3425144386166487,0.03235896001600039,10.584840750360554,3.503760372821572e-26,5.907010386740177e-26
EPHX3,354.0164,-1.7471119785753944,0.047811221158039416,-36.54188151355383,2.399587845266966e-292,3.1236067098331304e-291
EPHX4,112.58266,-0.07663648328432345,0.03878739058859053,-1.9758092029750096,0.04817639072865276,0.05347999666546573
EPM2AIP1,1990.4103,0.41963699555822,0.01774318237897903,23.650604868683462,1.1635215239278029e-123,4.4393056045063984e-123
EPM2A,343.8833,0.8859296221433013,0.01792525073707542,49.423555359864636,0.0,0.0
EPN1,7748.899,-0.3293044414938132,0.013730080052190027,-23.984160342989934,4.069081253987322e-127,1.59865737649417e-126
EPN2,2709.5737,0.7355111420297883,0.018587297338062893,39.57063410846802,0.0,0.0
EPN3,1228.8694,-1.1062601095521374,0.04755232719670767,-23.26405824421418,1.0251950446502974e-119,3.792830440493441e-119
EPOR,519.93787,0.05238437097537333,0.028804508716961018,1.818617060617588,0.06896987314948276,0.07589631087240255
EPO,30.176767,0.7254361178597426,0.06119080965621027,11.855311638062593,2.0197140467867778e-32,3.638881263586903e-32
EPPK1,1793.6045,-0.7408741157890354,0.04051883319045359,-18.28468535376257,1.0959410778255267e-74,2.865322255483485e-74
EPR1,935.1106,-0.7938803111085825,0.03386512247389236,-23.442416655088394,1.5796401201907021e-121,5.923723191556917e-121
EPRS,6798.3623,0.022746454576623967,0.01214131356288354,1.8734755888490313,0.06100274058087894,0.0673803599981616
EPS15L1,1885.6426,-1.2695951125939064e-06,0.010033930604452887,-0.00012653018668780524,0.9998990435178357,0.9998990435178357
EPS15,3461.793,0.345196522892552,0.011436910541856513,30.18267228979457,3.9988677913402945e-200,2.6675278297476097e-199
EPS8L1,1786.5972,-1.017138969782585,0.0370737835928598,-27.435531828979013,1.0339459631290566e-165,5.363084296393494e-165
EPS8L2,4745.498,-0.4773663617919473,0.02833418952919811,-16.847715418153246,1.0904653116950354e-63,2.6032813415571323e-63
EPS8L3,802.2842,-1.9915956790796965,0.10062586294447388,-19.792085461952006,3.4832627538862887e-87,1.0030515757619653e-86
EPS8,3602.9468,0.3966474972755184,0.025656397692401012,15.459983978693884,6.461460209362132e-54,1.417399724193553e-53
EPSTI1,845.94977,-0.4615484353570038,0.030545491568037684,-15.110198319412897,1.387216139040074e-51,2.980406645706719e-51
EPT1,2598.2783,-0.22619657955746028,0.015208718775032038,-14.872822813240806,4.948219011374855e-50,1.0502584534255699e-49
EPX,6.1390724,-0.6637899922951407,0.04373284304614136,-15.178294985185243,4.924157482433769e-52,1.061530306913057e-51
EPYC,71.56928,0.9617479021149855,0.07461838935733227,12.888885841657217,5.198946823018121e-38,9.914327310774255e-38
ERAL1,2679.0562,-0.2158329432375116,0.009943536857809047,-21.70585238671988,1.806427495282843e-104,5.936571005078839e-104
ERAP1,3459.3208,0.06511710428918786,0.01744020157654022,3.733735760071746,0.00018866042774984406,0.00022803001950600065
ERAP2,2406.6853,-0.030162975039295714,0.03226510753130767,-0.9348481175842291,0.3498665779898529,0.36719938453940687
ERAS,6.095222,0.32102863611657245,0.04325057401043959,7.42252891346793,1.149048945156909e-13,1.647776817246567e-13
ERBB2IP,4350.163,0.42796163926559133,0.012922903385684059,33.116523933753584,1.718772055261644e-240,1.5552213454698583e-239
ERBB2,15140.793,-0.44727013725907666,0.03268552960273189,-13.684041308043954,1.2646407974184667e-42,2.512375292217268e-42
ERBB3,8828.664,-0.309929316153243,0.03328538365531551,-9.31127366181789,1.263084875321486e-20,1.9931130814346716e-20
ERBB4,593.59595,1.1195798144562665,0.060300885653185844,18.5665567317769,5.992473391382562e-77,1.5956155607527802e-76
ERC1,3120.9304,0.38628811131014046,0.014428412831011027,26.772737641654555,6.713621431149299e-158,3.280120439567281e-157
ERC2,72.644806,1.422770190036613,0.0410804644433751,34.63374159261868,7.84910413427582e-263,8.301294081543969e-262
ERCC1,2199.3672,-0.12203320388536984,0.01249997011561709,-9.76267965096214,1.627958287947973e-22,2.62710865443348e-22
ERCC2,1134.6729,-0.10710708443458082,0.012584938460519285,-8.510735652032846,1.7283326296404298e-17,2.6200390176358533e-17
ERCC3,2301.0378,0.02504155960298325,0.007762278785355324,3.226057746112884,0.0012550803171804488,0.001479741729063977
ERCC4,548.16345,0.4446525302000943,0.013340758937935366,33.33037739972156,1.402126598071576e-243,1.2987213562392728e-242
ERCC5,2520.6091,0.023068228968148884,0.011794921136161358,1.9557764483414266,0.050491494449127775,0.05598890716175339
ERCC6L,265.06735,-0.907440340617439,0.03050527403963029,-29.746998484214785,1.896295272267822e-194,1.2087249670663928e-193
ERCC6,569.6734,0.09477289648385236,0.01466498809521574,6.462528020378739,1.0296807116524263e-10,1.407025277436858e-10
ERCC8,330.0643,0.20788998486916221,0.010591556817290692,19.62789686684986,8.933676546744439e-86,2.5430749554693796e-85
EREG,580.06744,-1.8715911387167021,0.06498244384968535,-28.80148895363166,2.0548104746382567e-182,1.1990222543181504e-181
ERF,2981.6123,0.025695882747279266,0.014658394243137486,1.7529807372529307,0.07960531359365364,0.08733077807162379
ERGIC1,12128.211,0.03926749198150289,0.018088489953450995,2.170855172684621,0.029942121808309387,0.033532738758753
ERGIC2,1623.0208,-0.01536753016577175,0.012157329790767566,-1.2640547250303313,0.20621038540081404,0.22037990742126892
ERGIC3,11712.022,-0.38097476431811683,0.012269422604558187,-31.050749215907008,1.1145964250432357e-211,8.147960006267589e-211
ERG,1005.4645,0.5567196892693282,0.030627384463269163,18.177186822367794,7.824609478278916e-74,2.0298321147844095e-73
ERH,4218.708,-0.19374989117608257,0.011012474114697666,-17.593675059585077,2.7542208938961624e-69,6.886059582320026e-69
ERI1,793.39044,-0.03173728529307975,0.015144922365196666,-2.0955726630869145,0.03612011635053356,0.04031630749893162
ERI2,749.3749,-0.12541531354659335,0.014119844653288813,-8.882202079849474,6.554961772477217e-19,1.0123840595195241e-18
ERI3,2532.957,-0.06842254205857579,0.01201347048780099,-5.695485091344342,1.2302163581946332e-08,1.620888871116007e-08
ERICH1,625.4163,-0.051356118487356925,0.014240077603746048,-3.6064493408271168,0.0003104154260854818,0.00037330897629359825
ERLEC1,3508.2432,0.17826441187714942,0.012283860871967898,14.512083272121195,1.0158774296046168e-47,2.1121577399224259e-47
ERLIN1,2526.2153,-0.15220653220803482,0.014454775925071736,-10.529843769077967,6.293885253498654e-26,1.057848673953431e-25
ERLIN2,4011.4814,0.20445046262499278,0.016157354747701053,12.653708841423006,1.06715591953985e-36,2.0109429253898374e-36
ERMAP,754.30084,0.2995695832173816,0.01435806186908274,20.86420757542811,1.1325587168443721e-96,3.4973097097276767e-96
ERMN,359.479,3.2130534146938325,0.05289120918424454,60.74834484311527,0.0,0.0
ERMP1,3412.7898,-0.07187831061651231,0.021460274352589147,-3.349365876482391,0.0008099676010374348,0.0009607953381996815
ERN1,379.34918,0.23122005004558996,0.026177007119073573,8.83294446129077,1.0195565269003514e-18,1.5704888651860674e-18
ERN2,608.7254,-1.7231128832579097,0.07801023271066725,-22.08829307879104,4.0958167459131986e-108,1.3865436170609712e-107
ERO1LB,914.9475,0.26868198404311744,0.02664384164137545,10.084205861135239,6.488774097475903e-24,1.0652766055198122e-23
ERO1L,3124.1316,-0.5088259143074665,0.024958469980776752,-20.38690331175625,2.1854887205539144e-92,6.526014206769896e-92
ERP27,637.18884,-0.11669579464237281,0.04596272275188911,-2.5389225802028124,0.011119442639812065,0.012683815144774417
ERP29,8510.2,-0.40751343427939785,0.013707328067612382,-29.72960392202685,3.182829119428315e-194,2.0237107446109015e-193
ERP44,3822.0864,-0.19698882067804985,0.01090330369066932,-18.066892958931913,5.809463386017639e-73,1.492615662240448e-72
ERRFI1,5669.9614,0.553246018256522,0.03057960674886084,18.09199257531759,3.6851867384350746e-73,9.483847403337086e-73
ERVFRDE1,21.376314,-0.16517669525918763,0.05080261810710123,-3.2513421830143647,0.001148615241009069,0.0013557895229420012
ESAM,2018.5468,1.1367805200700711,0.024803902382825954,45.830712543731416,0.0,0.0
ESCO1,1052.3802,0.035614755270130555,0.011771042743021157,3.0256244962873753,0.0024812023432629364,0.002896158611769873
ESCO2,300.98074,-0.6683588406104599,0.03163251510752069,-21.12885549374341,4.3188897124845906e-99,1.3564991616240941e-98
ESD,3785.2207,0.20447059028537254,0.012564442261676871,16.273749843161248,1.5158371266817107e-59,3.490660339567125e-59
ESF1,996.42957,0.13399734898805238,0.0141362681945223,9.47897614449444,2.5679021291655894e-21,4.077042770621714e-21
ESM1,1192.0814,1.4581188194252175,0.04296332390231203,33.93868739626894,1.791367155319292e-252,1.7686927213940576e-251
ESPL1,864.0727,-0.8674277649011096,0.031162466022720225,-27.835658585834548,1.6066088337520012e-170,8.62350362413841e-170
ESPNL,91.27637,-0.06505829236724099,0.041084665205506535,-1.5835176468353283,0.11330352773690354,0.12331586235409062
ESPNP,10.206662,0.2538763470999866,0.04870078499336143,5.212982647704617,1.8582828480704747e-07,2.4004048286191735e-07
ESPN,1151.4176,-0.8920148902310612,0.042903675601644875,-20.791106536262884,5.209566304317618e-96,1.599480627199553e-95
ESR1,3530.8787,-0.45245119815068663,0.05617420437126296,-8.054430022014643,7.985002392882265e-16,1.183852779760341e-15
ESR2,45.397755,-0.12496805133000058,0.02790821163740552,-4.477823694102464,7.540783686106902e-06,9.424937998984002e-06
ESRP1,4237.5957,-0.8287438184273721,0.04619416308029781,-17.940444488339224,5.699738611927737e-72,1.4543298458483117e-71
ESRP2,2466.4834,-0.7814373001740521,0.02374012756436761,-32.916305864629756,1.2845273333882197e-237,1.140998777506578e-236
ESRRA,2746.6433,-0.5848505104054554,0.017498739341623173,-33.42243683888173,6.473996774932156e-245,6.06832874497439e-244
ESRRB,27.416424,1.900091239354779,0.050859777592775046,37.359409130107935,1.7836052602854183e-305,2.5790070663459397e-304
ESRRG,318.80643,1.0288217970956297,0.04623663217445455,22.2512269754813,1.0974903226335656e-109,3.7577876687683757e-109
ESX1,2.4017916,0.4380124757346417,0.1347441507936729,3.250697511948765,0.0011512227203882804,0.001358709760254203
ESYT1,6751.818,0.014648472996448775,0.01344228715949184,1.089730700039779,0.2758317885204642,0.2919652377294442
ESYT2,6503.0044,0.24436225753950402,0.01408439018113196,17.349864239550957,1.9771090790409157e-67,4.871349841485417e-67
ESYT3,158.91354,0.43451505852218775,0.042387561516911004,10.251003902379074,1.1712070573738794e-24,1.942217519025398e-24
ETAA1,705.44415,0.09291319442389456,0.011534960334552452,8.054921016553243,7.953014750835858e-16,1.1791961788090251e-15
ETF1,5631.7,0.03392206186821695,0.00971277067602505,3.4925216500735456,0.0004784828062092705,0.0005717138007872843
ETFA,3480.0513,-0.11740066250524446,0.01616267729450314,-7.263689076139133,3.7667329211533115e-13,5.352615030485117e-13
ETFB,4942.2783,-0.559629647802072,0.024198517726586485,-23.12660858508771,2.5002541767605073e-118,9.156804242609673e-118
ETFDH,1043.6503,0.29789168783163555,0.019332233476946414,15.409067358247553,1.4224999794077373e-53,3.112043528987978e-53
ETHE1,1848.3748,-0.7580869084490881,0.020992101755860762,-36.11295892453639,1.4199787590261613e-285,1.7552730755928122e-284
ETNK1,3223.4287,-0.016824325446722996,0.015598096736307087,-1.0786139957422924,0.2807598395414481,0.2969653768300261
ETNK2,1724.0457,0.20339194524439005,0.03472244082886028,5.857651144021436,4.694595008491217e-09,6.236689055652378e-09
ETS1,5086.619,0.7358897562536478,0.02256718592349064,32.60884005425086,3.073413456279856e-233,2.639039416128283e-232
ETS2,7953.128,-0.4186655576588946,0.025365597700099475,-16.505251033657007,3.363315478634834e-61,7.851592687710879e-61
ETV1,1904.6926,1.684442913505728,0.03775167475347784,44.61902483811132,0.0,0.0
ETV2,42.820335,-0.7273925375696371,0.024401121665651872,-29.809799218924756,2.9161891721958974e-195,1.8664160753453716e-194
ETV3L,11.050707,0.16359523034472426,0.03045846893058381,5.371091722225597,7.826138741975851e-08,1.0169934170414652e-07
ETV3,418.035,0.1661476287248146,0.023264463307065202,7.141691881383616,9.218906725617145e-13,1.303749111050566e-12
ETV4,1823.087,-0.8477181261483728,0.041681448050276966,-20.33802004973145,5.927557494108426e-92,1.7637992257023303e-91
ETV5,2367.8792,0.34900250389682935,0.03070673370502162,11.365666802905686,6.198928971077466e-30,1.0886224007777636e-29
ETV6,2743.933,-0.3628303265633576,0.01744263605711652,-20.801347077084966,4.2082287221507795e-96,1.2930173340517314e-95
ETV7,374.03098,-1.0318279334601541,0.031717060312763064,-32.53226885736768,3.730404178196133e-232,3.179041384005654e-231
EVC2,272.46216,0.6032030271991303,0.029641520394953876,20.349935467609097,4.6488614553764325e-92,1.3845256051785955e-91
EVC,1674.9958,0.8681461801838763,0.02989941411403441,29.03555825116919,2.3418131837294555e-185,1.398151748021935e-184
EVI2A,675.5213,0.6065475093176798,0.03128033685473964,19.39069621066996,9.247665970999163e-84,2.5929380457729232e-83
EVI2B,1131.4559,-0.24635896013102776,0.032781578724760736,-7.515164605081901,5.683937336767106e-14,8.191935455135318e-14
EVI5L,1240.8519,0.3836615862587091,0.01767447379497818,21.707100913392868,1.7580280297309075e-104,5.780312121655611e-104
EVI5,954.4122,0.5061623829128429,0.01280291705386199,39.534926359626716,0.0,0.0
EVL,3970.106,0.04718986747434963,0.02304299386773976,2.047905222090761,0.04056928708888447,0.0451709114488706
EVPLL,54.10962,-1.0273807838957902,0.051573678706366345,-19.92064187907093,2.6951386296270823e-88,7.814059720959522e-88
EVPL,4205.0684,-1.4256223068353329,0.04372272315870548,-32.605981600473164,3.3739463877242266e-233,2.8958758224147358e-232
EVX1,18.319853,-1.149472809602204,0.08991790992191527,-12.78358016328901,2.0252767193212947e-37,3.843457189472617e-37
EVX2,0.5546706,1.5724907171703764,0.12124368560340062,12.969671033542644,1.818089434388043e-38,3.481749863108472e-38
EWSR1,9743.7705,-0.21315809959696597,0.008139976700804418,-26.186573676052536,3.779294728025555e-151,1.7586894026942234e-150
EXD1,2.6840842,-0.2913518915056687,0.04923051376699718,-5.918116005951237,3.2565025641830547e-09,4.337529323140518e-09
EXD2,1368.0276,0.46405417907407964,0.012543154248331289,36.99660945617537,1.2982799715861816e-299,1.79076435918178e-298
EXD3,564.495,-0.27961330927187206,0.016474382445551206,-16.97261249069641,1.3097344980831067e-64,3.14555675905084e-64
EXO1,442.69107,-0.6914275730704847,0.03239400091580568,-21.34430924008289,4.4042338808180796e-101,1.4045394357702894e-100
EXOC1,1888.2285,0.13219013197051013,0.010525915553501741,12.558540043249097,3.5685669195899085e-36,6.686834230642517e-36
EXOC2,1802.9355,0.15800577467692764,0.013303425284111638,11.877074610674509,1.557221966862321e-32,2.809845078733492e-32
EXOC3L2,292.58795,0.8783930640702915,0.03156133449198256,27.831303023432902,1.813959800388084e-170,9.733897621534264e-170
EXOC3L,222.17258,0.48701210066809814,0.023194820442606987,20.99658852169844,7.046756384494527e-98,2.1963397616644836e-97
EXOC3,3176.4885,-0.16541736152503259,0.014089491605158894,-11.74047766666504,7.90387743244364e-32,1.416755068208488e-31
EXOC4,3403.3625,0.14271913036335718,0.009288510269845491,15.365125969304788,2.804929413933686e-53,6.116049902353638e-53
EXOC5,2609.418,0.4132914527587528,0.011793985904085062,35.04255949768447,5.0618629443353e-269,5.622174996384199e-268
EXOC6B,376.18564,0.41770881226233436,0.023509595877778122,17.767587942979638,1.2599293089257396e-70,3.1817043910219715e-70
EXOC6,1004.9165,0.2207563884145559,0.017066724493052226,12.934900806796561,2.8599195766609343e-38,5.464067441933179e-38
EXOC7,7449.6304,0.10437605314393489,0.00971088394864448,10.748357584739182,6.032621248184639e-27,1.0261353161650186e-26
EXOC8,958.4449,0.1467778409261684,0.011347517784444483,12.934797170124366,2.8637786189665834e-38,5.470926987289169e-38
EXOG,343.51816,0.2203677454865726,0.013753043826500248,16.023198083754657,8.800515884161287e-58,1.996764770819566e-57
EXOSC10,2920.701,-0.09169864720963825,0.00945592679960765,-9.697478539432332,3.0904138398672655e-22,4.968235578478968e-22
EXOSC1,925.12085,-0.4584300618485278,0.011082804898905415,-41.364083012397366,0.0,0.0
EXOSC2,1095.7015,-0.22905591286161764,0.010587168182458006,-21.635238896189716,8.371463973741925e-104,2.737466030218629e-103
EXOSC3,778.52216,-0.42840071205913105,0.012707831444162843,-33.71155133285236,3.9150638156211733e-249,3.788345257710621e-248
EXOSC4,1466.5565,-0.8821325344893588,0.019293579307792127,-45.72155951037507,0.0,0.0
EXOSC5,1170.5686,-0.6437829582603528,0.014969072912678984,-43.00753707432749,0.0,0.0
EXOSC6,698.24304,-0.18569099356785446,0.011156093916050686,-16.644803724778075,3.3004649660841274e-62,7.777102574595689e-62
EXOSC7,1367.684,-0.36628328876944943,0.012690408082198174,-28.86300317507233,3.4800515995378044e-183,2.0453340217953278e-182
EXOSC8,794.24915,-0.3336078278682727,0.013790729266555744,-24.190731426895148,2.7850643966437218e-129,1.1096110773242571e-128
EXOSC9,1031.289,-0.19410321659362387,0.010696311746527118,-18.146742652358217,1.3624450611880036e-73,3.524973821416516e-73
EXPH5,656.5838,-0.28104802621860936,0.029776293623643167,-9.438650416700948,3.776115102754058e-21,5.986445053493993e-21
EXT1,2928.5554,-0.15933701777334477,0.019557614912244725,-8.14705773113399,3.728856891708179e-16,5.55752543618498e-16
EXT2,4021.308,0.1085244472468472,0.011396641751540393,9.52249352158313,1.6907260787131347e-21,2.6914920819861375e-21
EXTL1,294.3985,-0.12368573513189504,0.05736434892845622,-2.156142925742148,0.031072506541491036,0.03476998794537848
EXTL2,799.1293,0.5696056703105539,0.014977214384274745,38.03148273744473,0.0,0.0
EXTL3,2949.6592,0.22012880512241528,0.015981845781828652,13.773678467896469,3.67038146307687e-43,7.329602374377831e-43
EYA1,251.22049,1.0922641056398636,0.05588407031257358,19.545178071864797,4.534066504310728e-85,1.2822483672907641e-84
EYA2,1528.0372,-0.8982065972614595,0.04556728957249797,-19.711652935433097,1.7127985603133615e-86,4.8989696388620014e-86
EYA3,308.64554,0.11245832431533785,0.019554293247476356,5.751080997511967,8.867461581172376e-09,1.1712251870448189e-08
EYA4,182.20259,0.9839087705983033,0.05056076600270114,19.459926112388,2.4013079021811385e-84,6.75625035662048e-84
EYS,36.940746,-0.047904866473040646,0.030217818462503758,-1.5853184945327583,0.11289398907301941,0.12287670267509233
EZH1,1812.1124,0.5070682093170465,0.01449920505257626,34.97213864334922,5.967960570530384e-268,6.567659959752869e-267
EZH2,965.6262,-0.6515622132378401,0.02446747774543359,-26.629725385545402,3.0737945093966524e-156,1.4829237539527594e-155
EZR,19662.29,-0.08330923014778825,0.019696381824418963,-4.229671768675,2.3403252659823283e-05,2.8913576121205304e-05
F10,867.449,-0.1470699157580658,0.05331208774046797,-2.7586598460376637,0.005803891273109874,0.006680693301817376
F11R,11709.789,-0.6394626003049055,0.023967607328499587,-26.680285250857246,7.971979943317719e-157,3.8588097875892875e-156
F11,254.06161,0.6899689824143816,0.1111045728039348,6.2100862727942205,5.295552033710563e-10,7.156939979707472e-10
F12,1488.7567,-0.504899154264493,0.05095358656562648,-9.909001275390109,3.8042989256740774e-23,6.181302619936036e-23
F13A1,2084.2932,1.1083185175837713,0.03670952071773846,30.191582344691827,3.0549028470874304e-200,2.040510730441371e-199
F13B,208.3051,0.02199175831988142,0.2132799897051009,0.10311215013789667,0.9178739620103245,0.9213399886625313
F2RL1,1695.4028,-0.3776633156931773,0.03424240122314503,-11.029113093795191,2.7657908130442035e-28,4.763449383534975e-28
F2RL2,416.62683,0.4032434242591422,0.04423855381768685,9.115203582851366,7.85229075874458e-20,1.2257689584211081e-19
F2RL3,319.0417,0.8718403853920142,0.035252907525120655,24.731020690158815,4.962041732351035e-135,2.0566410347910166e-134
F2R,2793.8882,0.9544877423968083,0.023872421315649456,39.982862642052076,0.0,0.0
F2,3068.8733,-0.49687823342567905,0.12238703232473487,-4.059892816971739,4.9095247547761495e-05,6.0219914738214016e-05
F3,3253.002,-0.1260462408443915,0.03883195943651147,-3.245940783659694,0.0011706318661489081,0.0013812967522270558
F5,2473.0251,0.17633108354516053,0.05665368181470727,3.1124382016666226,0.0018554885672381085,0.002174903088283761
F7,491.6447,-0.04659817953931184,0.06724098731021896,-0.6930026075365208,0.48830791512155003,0.5054894413972459
F8A1,656.7744,-0.6761733998502197,0.022120759249905902,-30.56736851620932,3.32391484532665e-205,2.3111879213116553e-204
F8,901.61536,1.2072563714678013,0.02598105761644766,46.466790893975435,0.0,0.0
F9,347.23068,-0.11639367249198561,0.28541202087129164,-0.40780928615643025,0.6834136955155191,0.6971799081525507
FA2H,713.9949,-0.5439111013842133,0.0454322624430624,-11.971913176586028,4.986535918984823e-33,9.040150024453429e-33
FAAH2,397.79504,-0.40018562269898084,0.030221494001140388,-13.241755112565915,5.0358084255784716e-40,9.792170366413762e-40
FAAH,1402.4182,-0.3870346724017241,0.029127057696888663,-13.287805326216214,2.7245271132470982e-40,5.307496650903997e-40
FABP12,0.54008406,-1.902924369088113,0.1572372242974346,-12.102251089656,1.0275421856816434e-33,1.8780618869101875e-33
FABP1,4357.8257,-1.2176081420131668,0.13891861479776468,-8.764902700662109,1.8693804047046687e-18,2.869540500594311e-18
FABP2,44.466125,-2.1243356580442025,0.1043521016199675,-20.35738260241916,3.9935547828223494e-92,1.190058281959605e-91
FABP3,1141.9996,0.34730467260610703,0.04098180488349196,8.474606562435863,2.3587533674013296e-17,3.5696023048333956e-17
FABP4,1537.0704,0.9434603139883926,0.06007303217278734,15.705222124875085,1.3928897155623365e-55,3.0985403976326057e-55
FABP5L3,3.8601217,-0.9750741082781006,0.038006560456494566,-25.655415711565126,3.678853704521206e-145,1.6353227635446994e-144
FABP5,1747.1205,-2.4519793023993395,0.04421343657462395,-55.45778596650954,0.0,0.0
FABP6,182.08841,-1.0535214661022152,0.06309246727661255,-16.698054642297055,1.354080862501435e-62,3.205923046827156e-62
FABP7,1273.0323,1.7231392380414325,0.0925775161801198,18.612934426636315,2.5240736691988153e-77,6.734060520406065e-77
FABP9,0.22033863,-0.7216832484761779,0.2585980005822011,-2.7907533965900675,0.005258552029259864,0.006062223146302467
FADD,1636.548,-0.46013371770649597,0.016444465381914405,-27.981068828941694,2.761949815571283e-172,1.501482945132597e-171
FADS1,2783.1094,0.5437007928757355,0.027158564385281112,20.019496802651332,3.724637055671284e-89,1.087634621577907e-88
FADS2,7221.8516,0.6745856354897767,0.03457190528040591,19.51253857773662,8.590818112524796e-85,2.4247950360861266e-84
FADS3,1139.8362,0.014619374499006167,0.021554216228213893,0.678260547459378,0.4976065086647177,0.5147749446089932
FADS6,53.7126,-0.8230521916850204,0.07615648032310084,-10.807382223983385,3.1760418697465232e-27,5.4154971881213956e-27
FAF1,2081.605,-0.07114980891061104,0.00924502851146519,-7.696007516080113,1.4038355666275422e-14,2.041915289059808e-14
FAF2,3379.6123,0.06739965441698388,0.008602874686373278,7.834550295582375,4.7052370225323126e-15,6.891648959837075e-15
FAHD1,1773.1802,-0.04020885552912716,0.017496223334577357,-2.298144848760783,0.0215535464073278,0.024274417840725048
FAHD2A,947.30524,-0.07433691551889546,0.017360477565871772,-4.281962592148458,1.852521301210082e-05,2.2951062600460088e-05
FAHD2B,384.33853,-0.3306254060452493,0.026176892098248482,-12.630430106229904,1.4349177002254144e-36,2.699952815054456e-36
FAH,2015.6504,-0.04654171416665353,0.02647088373610275,-1.7582229075025875,0.07870958898133255,0.08638536507121021
FAIM2,2304.9004,0.9994417094011279,0.060806264044520913,16.436492606573562,1.0481196115071065e-60,2.4384261422321086e-60
FAIM3,550.2322,-0.4049034524189356,0.032467823314473676,-12.47091461898019,1.0758407161258401e-35,2.006875677075864e-35
FAIM,580.6504,-0.054289444749947485,0.015344474294982657,-3.538045273255081,0.0004031009359948606,0.0004826921512715779
FAM100A,1249.2753,-0.2220496213130919,0.013923514940057592,-15.94781362817092,2.9504671328503635e-57,6.66170127067767e-57
FAM100B,2776.0269,-0.7020528835961884,0.01700071260893593,-41.29549741504216,0.0,0.0
FAM101A,491.69116,-0.4222541694960174,0.04681809239665792,-9.019038322162817,1.8974762087967522e-19,2.9513880460610494e-19
FAM101B,1417.2502,0.36372292949298657,0.027156022571724236,13.393821887293138,6.571044877237155e-41,1.2864689167772984e-40
FAM102A,5306.3594,-0.1317343484529579,0.017988976148305094,-7.323059821020986,2.4237968492221965e-13,3.455607846870777e-13
FAM102B,1332.0016,0.17764875396934818,0.021691317749636563,8.18985531537496,2.6154039472652843e-16,3.9060305870286035e-16
FAM103A1,810.4906,-0.3089185625448519,0.010841347076649657,-28.494481392465318,1.3711941448824167e-178,7.771754341776482e-178
FAM104A,1672.5259,-0.15464385840265976,0.008209091392201493,-18.83812117740204,3.677912711540739e-79,9.963888874818085e-79
FAM104B,520.22546,0.03978083567203931,0.013296887404040707,2.991740432422595,0.002773920084606806,0.0032319010531366584
FAM105A,1035.3502,-0.09023244837367332,0.02896360811267193,-3.1153731960002435,0.0018371231716433158,0.0021536241522131785
FAM105B,1352.9932,-0.25155144621076686,0.014102626321637713,-17.83720567174148,3.634210840936024e-71,9.22669890393023e-71
FAM106A,10.051576,0.02426598185450635,0.045021792542554936,0.538983023200819,0.5898985687381226,0.6060630279036858
FAM106C,16.34459,0.05892680999173089,0.041578180392240136,1.4172532187755043,0.15640890723252387,0.16863469482322477
FAM107A,4592.489,2.72956470424322,0.04858401360501336,56.182363327050396,0.0,0.0
FAM107B,4156.455,0.33818200372940244,0.023573817430506534,14.34566144097502,1.1341379013552108e-46,2.3375089627141867e-46
FAM108A1,1571.0022,-0.2977594258633286,0.01500285090649531,-19.846856288788228,1.173148344004253e-87,3.3897427101309375e-87
FAM108B1,902.78156,0.06626946726456041,0.013914832875086408,4.762505440019444,1.9120404149341904e-06,2.4194934929234374e-06
FAM108C1,1964.2631,-0.7077794058287862,0.02425084761043558,-29.185759491730746,2.940239480603378e-187,1.7783819247060063e-186
FAM109A,1046.2224,-0.33877886629679765,0.017755580915039596,-19.080134179661794,3.6930957868011296e-81,1.0164625810934729e-80
FAM109B,772.0124,-0.10868424923843448,0.021763765858642533,-4.993816325003113,5.919770013447582e-07,7.567062077213494e-07
FAM10A4,814.53424,0.02504869933334442,0.01343744226397219,1.8640972620588487,0.06230804697191742,0.0687810837879557
FAM110A,1001.17554,-0.8396741798127535,0.01919295108500944,-43.749091845942175,0.0,0.0
FAM110B,825.26984,1.3450789451726535,0.03444397431062125,39.05121206520818,0.0,0.0
FAM110C,103.75734,-0.5734293222632038,0.04053576173423324,-14.14625747069486,1.9696411587442752e-45,4.0208487266494235e-45
FAM111A,2107.899,-0.1767694828325543,0.017200237838593545,-10.27715340283973,8.932693727996977e-25,1.4834873285609793e-24
FAM111B,622.779,-0.5480553809280595,0.029987877456520522,-18.27589770975575,1.2875381731678494e-74,3.362795339002469e-74
FAM113A,1646.1409,-0.012542407178658814,0.016442988305083728,-0.7627814936036317,0.44559371974707207,0.46303810434517356
FAM113B,506.17993,-0.5560515527757385,0.025687714405424215,-21.646595099886454,6.543993304387098e-104,2.142636855645174e-103
FAM114A1,1167.2352,0.32284147571406757,0.022314801669067887,14.46759332670121,1.9414724260007218e-47,4.026325468162239e-47
FAM114A2,819.90625,0.3708494472200875,0.01123925421854953,32.99591236294209,9.296420688657239e-239,8.323035567298713e-238
FAM115A,725.2364,0.4971509678804968,0.0212778951054623,23.3646686110823,9.777528636959219e-121,3.640466450619106e-120
FAM115C,597.24695,0.00565688617368078,0.02542394942757843,0.2225022587381533,0.8239229151196608,0.8330476077136061
FAM116A,1250.7155,0.1910432731112288,0.010462276032025921,18.26020194137767,1.7165512653399814e-74,4.476975046253738e-74
FAM116B,546.8542,-0.14999259873657167,0.021025531785526724,-7.133831394448799,9.76128918482452e-13,1.3800700452350168e-12
FAM117A,950.9448,-0.15317910412712374,0.02052773664627132,-7.462055206897218,8.51831769416567e-14,1.224057241216254e-13
FAM117B,1150.1151,-0.24151422675721285,0.017803196278895362,-13.565779030561705,6.389716188251664e-42,1.2611559076744122e-41
FAM118A,912.8255,-0.20618588106665972,0.017692418467926133,-11.653911614200497,2.191627712240478e-31,3.91329140444693e-31
FAM118B,695.3906,0.20994051366918662,0.013710142219321512,15.31278890552429,6.281180877093611e-53,1.3660779988970068e-52
FAM119A,614.76733,-0.31806340376543824,0.014780292046566074,-21.51942619018373,1.0242210704881998e-102,3.3204007602021114e-102
FAM119B,637.78394,0.5562690863451074,0.018456039749036045,30.14021934874524,1.4409068946368397e-199,9.564859298308256e-199
FAM120AOS,2219.639,0.16025725828407475,0.011796541103876568,13.58510574183573,4.908226088658162e-42,9.69690198340529e-42
FAM120A,10008.224,-0.13454114100353967,0.011391439272505096,-11.810723630706997,3.4359131507372383e-32,6.178937888513332e-32
FAM120B,1386.3251,0.33112646328664574,0.01109600863290276,29.841943552996476,1.1168023845896947e-195,7.174812164045944e-195
FAM120C,798.91705,0.7423778511933681,0.018498637915457698,40.13148722550149,0.0,0.0
FAM122A,956.45746,0.36523833667604577,0.01126475210172167,32.423113565031215,1.2966874161752531e-230,1.0917807736109172e-229
FAM122B,1709.833,-0.21411298817296684,0.012754033107809296,-16.787865168851212,2.9942310599646976e-63,7.127271150452623e-63
FAM122C,110.06859,-0.4633873379646808,0.020789195826658113,-22.289815432421697,4.639006817759213e-110,1.5926735211257979e-109
FAM123A,141.68887,3.774569607609066,0.10929725180061436,34.534899509594524,2.4024012189479083e-261,2.5146779648617204e-260
FAM123B,522.299,-0.08996466212338124,0.01700084411328657,-5.291776192046352,1.211340783760506e-07,1.5693087506573427e-07
FAM123C,64.478165,1.1763850690748945,0.09175242816002258,12.821296315157978,1.2459976336425961e-37,2.367895624319016e-37
FAM124A,140.5219,0.8257539788945796,0.031157869695390566,26.50226048723543,9.127974738376664e-155,4.364406709690242e-154
FAM124B,84.06928,0.48747084732721263,0.03125927383018235,15.594439268660674,7.941766139914084e-55,1.7557434774949596e-54
FAM125A,1648.4675,-0.2870012891733091,0.014247041149050026,-20.144624148323317,2.999780995189929e-90,8.828063209174873e-90
FAM125B,1144.6993,0.7720440596098305,0.021366498553844062,36.13339161137057,6.784012239886723e-286,8.411431497676845e-285
FAM126A,1213.4971,0.3502356440823703,0.02509106587556469,13.95857975182523,2.7893704324067027e-44,5.643326307598933e-44
FAM126B,1064.0758,0.09790905537754145,0.015747131483798017,6.2175803560336425,5.048796237792313e-10,6.827075093332473e-10
FAM127A,4326.2017,0.22879621680881784,0.02024785682904729,11.299774526289124,1.315553312909301e-29,2.2980137192209747e-29
FAM127B,2337.7317,-0.17446844880015042,0.01657869410287996,-10.523654500015336,6.721485886133386e-26,1.1294381904571608e-25
FAM127C,927.0898,0.1479084243767541,0.021257921736073285,6.95780265884427,3.4562087620430182e-12,4.843736090482124e-12
FAM128A,1776.2913,-0.8630252238415869,0.019079157161470163,-45.23392813097859,0.0,0.0
FAM128B,4418.0923,-0.6484460283677196,0.017788186109858384,-36.45374656881651,6.000578683234915e-291,7.717358269866053e-290
FAM129A,3460.4712,0.7404096108439311,0.0313631913219859,23.607597939974198,3.220317328727672e-123,1.2245506256176068e-122
FAM129B,13200.607,-0.3855337331080348,0.02071594142387125,-18.61048577129974,2.6421120371991486e-77,7.048055419986566e-77
FAM129C,42.238647,-1.2104393024050846,0.046750154641535875,-25.891664138574882,8.266897077366022e-148,3.7559865565296775e-147
FAM131A,985.2607,0.21144402480015057,0.017618821734485243,12.001030942170901,3.508980908306888e-33,6.369413544242149e-33
FAM131B,419.664,2.2026888043945356,0.04339222721115556,50.76228960720997,0.0,0.0
FAM131C,109.316475,0.07649163227940936,0.04815421797007354,1.5884721111439644,0.1121796225778731,0.12215141124581048
FAM132A,82.09689,-1.3452883155188484,0.04594706215147911,-29.279093211306474,1.9146209301823328e-188,1.168458258920327e-187
FAM133A,88.90685,0.525443196183438,0.0638696130378272,8.226810390603758,1.9226444061523255e-16,2.8769011807184475e-16
FAM133B,256.49542,-0.13235325040511256,0.01517788005184716,-8.720140754373999,2.778561638945634e-18,4.257770315165901e-18
FAM134A,6603.794,0.18155743282828982,0.011317050477612167,16.042822570019798,6.417034466591814e-58,1.4577594812022176e-57
FAM134B,1524.7833,0.5851565698239776,0.03390017037401326,17.261168996145788,9.22248316111213e-67,2.2553817979229052e-66
FAM134C,4092.8347,-0.20920800140458085,0.010650640109134784,-19.6427631823883,6.666998525322936e-86,1.8996980122750125e-85
FAM135A,1106.8202,-0.09169197799505728,0.02374766859116052,-3.8610938856198853,0.00011288051474981224,0.00013721843800999686
FAM135B,128.73921,1.2319442386825321,0.06466724905321802,19.050512534849,6.506206507463214e-81,1.7871000848009117e-80
FAM136A,2147.0142,-0.4467300445850931,0.0122223653345393,-36.55021203814571,1.7693666260296295e-292,2.3061802265900913e-291
FAM136B,1.9383435,-1.97883730810558,0.07000441361387146,-28.267322100866384,8.718799775840994e-176,4.841954299954905e-175
FAM138B,0.5317952,0.21603799438526639,0.08821886365115818,2.448886614993597,0.01432985498982337,0.01626841675892567
FAM138D,0.19689699,-0.41110242337219205,0.14579231484368635,-2.8197811648231412,0.004805640990561281,0.005547946976287901
FAM138E,0.49930215,-0.28935936950079705,0.10517014795781947,-2.7513450833676707,0.005935108466816813,0.00682864500005219
FAM138F,3.619162,0.10401489279868668,0.05443844928842663,1.9106880184553638,0.05604468546482905,0.0620149873024868
FAM13AOS,120.985634,-0.31374088953702495,0.027293461899691344,-11.495093245777404,1.3963015860164427e-30,2.470865188153738e-30
FAM13A,2057.3616,0.7509066655739006,0.024455269970399183,30.705310817782955,4.834478211186439e-207,3.4068931083954563e-206
FAM13B,1547.8092,0.5066159568014872,0.015753091372343292,32.159780250555826,6.446972926599891e-227,5.2754791725340506e-226
FAM13C,364.12997,1.2507260590927716,0.03703601955458266,33.77053134042891,5.342132330799929e-250,5.18895382265056e-249
FAM149A,550.9045,0.6900712658283285,0.03499756545064031,19.71769341503447,1.5200415928481274e-86,4.3482544314732364e-86
FAM149B1,939.6251,0.3635786053788321,0.011202271392576457,32.455793350959965,4.487420627748234e-231,3.801889161894561e-230
FAM150A,27.889267,0.0482269037952121,0.07172813320467364,0.6723568792400936,0.5013565273324931,0.5185226080752974
FAM150B,146.47345,-0.045087540621492096,0.05491496588824184,-0.8210428594866167,0.41162185566015297,0.42931400406685727
FAM151A,106.73848,1.850157713641172,0.07345252168995878,25.188484630257356,5.35636605280645e-140,2.2904905790608384e-139
FAM151B,38.672596,0.23789920553460753,0.018397048837838423,12.931378702724567,2.994012728386186e-38,5.719187946820638e-38
FAM153A,42.46744,0.2924439642593439,0.05245897318613574,5.574717660250225,2.4793163990102627e-08,3.249205186189246e-08
FAM153B,15.597687,0.5148922051105103,0.059533105345386875,8.64883835847828,5.202629220721593e-18,7.943627441478244e-18
FAM153C,6.6730995,0.9249114503856238,0.08142577758019134,11.358951401781018,6.694331998106829e-30,1.1750142697599528e-29
FAM154A,1.8667182,0.2197605085665016,0.04277557665240642,5.137522992437287,2.7838341652420004e-07,3.5836914176517156e-07
FAM154B,83.8353,-0.04258629930358499,0.03710813129126691,-1.1476271593769887,0.2511225128799742,0.26675379524801185
FAM155A,244.35501,1.1659544050525086,0.04483631151575691,26.004690520600807,4.382733918433277e-149,2.0100941618694092e-148
FAM155B,327.1492,0.1598086424305822,0.042317517933627403,3.776418141565696,0.00015909981448843154,0.00019275845769876088
FAM156A,1611.1069,-0.22927658936721582,0.01779715040002717,-12.88276966895025,5.627904161735768e-38,1.0726315374347362e-37
FAM157A,50.321533,-0.9390261196265477,0.034672603018373854,-27.082654253819218,1.5762926707900325e-161,7.916068693787437e-161
FAM157B,5.5028267,-1.3412971257299653,0.048737021900348766,-27.521113794611374,9.813877827689995e-167,5.123095863947195e-166
FAM158A,498.15555,-0.5866359464698503,0.017969155089128757,-32.64682972349445,8.887902658924191e-234,7.670572710175396e-233
FAM159A,34.93545,-0.5712146196291024,0.03405592569889454,-16.77284078781168,3.856233695418032e-63,9.170548044038746e-63
FAM160A1,284.47842,-0.23958446798822988,0.03436935800954309,-6.97087411180931,3.149777324774544e-12,4.41854313753772e-12
FAM160A2,1693.111,-0.12597007942081104,0.011409579192873862,-11.040729661571463,2.4305136191624556e-28,4.187427161930137e-28
FAM160B1,1391.4855,0.3497356234511108,0.012929816571418238,27.048769139092993,3.9489471041144596e-161,1.9787500391992688e-160
FAM160B2,2439.6995,-0.07669052663627826,0.012609520779883834,-6.081954102381421,1.187265590369704e-09,1.5950600603363338e-09
FAM161A,261.88446,0.3587414397359002,0.018871485852258278,19.00970822035039,1.4173863843548111e-80,3.879614062796397e-80
FAM161B,217.04272,0.9812980643274903,0.021754715614562735,45.10737265949841,0.0,0.0
FAM162A,3136.1665,-0.511642004854318,0.017738171482509977,-28.84412327160116,6.0041589191000885e-183,3.520699062037981e-182
FAM162B,107.92865,-0.08733777532278136,0.04200383502130444,-2.0792809818075764,0.037591532101049006,0.041928778942927555
FAM163A,130.64767,-1.4770055000921625,0.06073733166557181,-24.317918808563405,1.2671695905673644e-130,5.1055423895430386e-130
FAM163B,27.076532,0.988084982927647,0.09290700137494504,10.635204756421206,2.0437932304172272e-26,3.4568070431223996e-26
FAM164A,599.375,0.5998233175324915,0.021395106977572576,28.035537198353644,5.995538366401389e-173,3.2768635060823056e-172
FAM164C,178.0135,0.15832483320650453,0.023627486831794896,6.700874889218049,2.071753655873554e-11,2.8622986346314934e-11
FAM165B,682.5203,0.1755946934904739,0.014042777244107196,12.50427108812533,7.074576223605623e-36,1.321994468438613e-35
FAM166A,4.358586,-0.9213823337861614,0.044158718193849276,-20.86524182476152,1.108325981738774e-96,3.4229988868658526e-96
FAM166B,86.29491,-1.604379012546661,0.049753036431878964,-32.24685622441055,3.893707338066685e-228,3.217207292844953e-227
FAM167A,815.9368,1.5532861910960534,0.04210246553237423,36.89299834238142,5.984350842248847e-298,8.133204192079058e-297
FAM167B,382.77124,0.13924479375140944,0.0328463244126597,4.239280840133863,2.242369887049257e-05,2.7713475705964807e-05
FAM168A,547.4978,1.1446728753620183,0.02177316057792725,52.57265573664309,0.0,0.0
FAM168B,6029.676,0.4611945039368801,0.01101354433419057,41.87521200646941,0.0,0.0
FAM169A,586.72,0.8934355377385655,0.03021554683480607,29.568736340372762,3.771994904271101e-192,2.3578152980059975e-191
FAM169B,8.570436,-0.3387246499933544,0.08634650684468652,-3.9228529603707805,8.750656089206094e-05,0.00010668579395182159
FAM170A,1.0902777,-0.7029692322019229,0.05568264089099912,-12.624567027595042,1.5458936758653357e-36,2.907691181350921e-36
FAM170B,0.6002889,0.5673264612995471,0.05763897394639765,9.84275781569502,7.366338662516257e-23,1.1934687954016273e-22
FAM171A1,2054.314,0.5305703187866521,0.02929651367491327,18.110356907108088,2.6403111842570482e-73,6.810350361116084e-73
FAM171A2,387.8102,0.4680452983813276,0.03792197915616418,12.342322547404471,5.358743826768508e-35,9.93431666082499e-35
FAM171B,902.0824,1.4343665006471333,0.03644674730862807,39.35513061017587,0.0,0.0
FAM172A,1093.8488,0.6261372869072048,0.013869100702595174,45.14620668880446,0.0,0.0
FAM173A,476.51602,-0.6869210787444111,0.019800106749366924,-34.69279673284459,1.0117225004512881e-263,1.0784114338579985e-262
FAM173B,540.6382,-0.07412451070737272,0.01221960314986098,-6.066032570641708,1.311085532665194e-09,1.75943513015165e-09
FAM174A,805.99603,-0.03821041349183762,0.01655208565151086,-2.308495394255636,0.020971598709972866,0.023633387475718897
FAM174B,1937.7272,-0.3748887534599404,0.03190657599272464,-11.749576436701412,7.097370099676507e-32,1.2725262691264992e-31
FAM175A,466.31442,0.3688094653242298,0.016203868576381144,22.76058112825037,1.1274194507567254e-114,4.007180970313578e-114
FAM175B,955.9497,0.11928042470777915,0.00870327400560301,13.705236056108147,9.44596075556021e-43,1.8782138394613763e-42
FAM176A,659.4891,0.27001934395435423,0.039175200482537344,6.892609115675554,5.477824401285259e-12,7.654816870462391e-12
FAM176B,733.0897,-0.2574659300963467,0.024960059938254033,-10.31511665970609,6.020814388472129e-25,1.0025170535282906e-24
FAM177A1,2109.3352,0.19402074365167146,0.014620682603251948,13.27029311261549,3.4423165406303296e-40,6.700652304301834e-40
FAM177B,36.126907,-0.8468430677928681,0.05657766365789933,-14.96779847455989,1.1920228546812478e-50,2.541725314040168e-50
FAM178A,1646.1475,0.3159122369236492,0.012885061473564496,24.51771282362815,9.562530915946165e-133,3.903821273666492e-132
FAM178B,120.888016,-0.35512748083030526,0.050589077916453354,-7.019844904403866,2.2211466400055092e-12,3.1231662714187556e-12
FAM179A,75.94093,-0.010306092417685628,0.04204121154824809,-0.24514261216896582,0.8063460095659505,0.8160460510390807
FAM179B,911.31744,0.5901904234014816,0.015261669955811272,38.67141833825017,0.0,0.0
FAM180A,90.7264,1.9086870973985308,0.04145065480736572,46.047212191672294,0.0,0.0
FAM180B,18.815847,1.1176538409688412,0.059305466648087134,18.845713627057187,3.1863892128339044e-79,8.635742543142367e-79
FAM181A,73.23676,1.0110596816654327,0.08927732729474674,11.324932234221638,9.875521452473584e-30,1.7290655422334855e-29
FAM181B,462.47873,2.291311059507396,0.05975078252024524,38.34780002640193,0.0,0.0
FAM182A,15.766256,1.4210219920296807,0.056384597411901397,25.202308028357727,3.778975130893085e-140,1.6180053562534661e-139
FAM182B,117.54968,1.501554218192174,0.035822491303432305,41.91652125680895,0.0,0.0
FAM183A,54.583508,-1.5237616135708607,0.06107743693502263,-24.948028110477495,2.243232780992273e-137,9.428153630929333e-137
FAM183B,3.8618977,-0.9206147529379897,0.04444720483364651,-20.712545510647832,2.6696960197350586e-95,8.1475552789366e-95
FAM184A,223.18997,1.1579595874056914,0.035770628681028656,32.37179859854764,6.847394124341449e-230,5.720397906338431e-229
FAM184B,43.610073,1.05690275398513,0.06642410542286456,15.911433767255856,5.279055159519003e-57,1.1877144877074527e-56
FAM185A,213.02478,-0.030402325037289974,0.010972466427069958,-2.7707831451901273,0.005592165632619669,0.006440623415427043
FAM186A,17.852655,-0.7426708468947888,0.028274363838396658,-26.26658025409717,4.62178983783704e-152,2.16908758203145e-151
FAM186B,34.879295,-0.3202719696643749,0.023776263503202257,-13.470239746511881,2.341046295084556e-41,4.600517521392517e-41
FAM187B,0.86305636,-0.09071820579126764,0.05067866623775198,-1.7900669557023399,0.07344314822914819,0.08072283403321427
FAM188A,918.0645,0.366885225203142,0.012876666049396773,28.492252870092045,1.4612001599459762e-178,8.279592000094664e-178
FAM188B,469.56586,0.11620020898204787,0.01894754649353148,6.13273117032422,8.638305181441766e-10,1.1636049701533208e-09
FAM189A1,216.41269,0.41777120979049304,0.048469086435366356,8.619333280555884,6.734507620426374e-18,1.0271019600289202e-17
FAM189A2,762.487,0.8706399597516461,0.04343235004284631,20.045886508391877,2.1924107271489577e-89,6.413116378451958e-89
FAM189B,1984.7216,-0.4027616099713371,0.014977059121745344,-26.891902255133882,2.731447611788969e-159,1.3464780127944702e-158
FAM18A,93.11417,0.8436758581701919,0.031013446225266,27.203550745123803,5.896140423186402e-163,2.9949980757398197e-162
FAM18B2,585.5004,-0.23088765545763176,0.014210474147332335,-16.24770947568806,2.318667709865781e-59,5.3303699079897735e-59
FAM18B,1344.655,0.04951183521729351,0.013404788550237945,3.6935931537998514,0.00022110745968792562,0.00026683620461093524
FAM190A,117.410736,-0.19701790601765518,0.03622607344720735,-5.438566404519979,5.3710991301359464e-08,6.997517577938039e-08
FAM190B,2397.6035,0.6229263063348897,0.013224039639531232,47.10559884233463,0.0,0.0
FAM192A,2998.8057,0.09637688629636512,0.010563035693818196,9.123976202481996,7.24174726703152e-20,1.130894627671203e-19
FAM193A,1735.2345,0.14837571012192377,0.010991708718688774,13.49887573618525,1.587806388695626e-41,3.123601339980119e-41
FAM193B,1712.8351,-0.3831226621476296,0.01677175362152402,-22.843327584776187,1.7025385823197463e-115,6.094950412774348e-115
FAM194A,3.8421345,-0.3252028665831461,0.033540439082707804,-9.695844046084911,3.140303003233866e-22,5.048040177089481e-22
FAM194B,0.13907458,-0.04179179303053305,0.16682127368418903,-0.25051836679804695,0.8021865027985843,0.8121190954985767
FAM195A,1530.0189,-0.9414224677671175,0.023103347535856973,-40.748314343019175,0.0,0.0
FAM195B,3832.0571,-0.04980724615253155,0.019542840105704565,-2.5486186185391135,0.010815050042011887,0.012341438473477944
FAM196A,97.73909,0.5626220487229843,0.05248704732278832,10.71925508140959,8.26664218897566e-27,1.404142902764521e-26
FAM196B,53.667164,1.6318615880505167,0.05331317526168871,30.608973861348417,9.297445140264979e-206,6.497998132875204e-205
FAM197Y2,0.2622811,-0.7170536555554388,0.44866012357561386,-1.5982112469475835,0.10999597154272127,0.11984416058216109
FAM198A,237.95221,1.0105188460258763,0.03658336947378223,27.622355746921368,5.997267635322622e-168,3.1615321540013793e-167
FAM198B,3761.5862,0.6815988260695893,0.030536399146079144,22.320864447997835,2.317652891801312e-110,7.985292811674211e-110
FAM199X,1168.927,0.10123960924402377,0.014404523806544667,7.028320450137043,2.090343851828308e-12,2.9402591183758825e-12
FAM19A1,18.545706,2.251047915168418,0.05023937233146881,44.80644981622139,0.0,0.0
FAM19A2,93.89145,1.5220003514953084,0.03983442825185458,38.208163598393014,0.0,0.0
FAM19A3,31.539064,-0.6754152808609603,0.053440186339137115,-12.638714928400566,1.2914744527841604e-36,2.430947520731576e-36
FAM19A4,23.497414,-0.27183249326500786,0.0754228609629645,-3.6041127291430644,0.0003132210974806401,0.00037652741636799437
FAM19A5,492.6721,1.2777718371786264,0.03985150267578044,32.06332889312066,1.4313833972071972e-225,1.16101731409328e-224
FAM200A,457.80167,0.1090841021847546,0.011724282016721141,9.304117900710605,1.3510913691312915e-20,2.1308288158760528e-20
FAM200B,904.93134,0.25670816110168787,0.012980327194168804,19.7767095745483,4.7253675547319605e-87,1.359002091351716e-86
FAM20A,1192.5624,0.11343303730955463,0.03775440168354943,3.004498343274775,0.002660192075814561,0.0031017038240369194
FAM20B,3463.7175,0.10154867944808281,0.011975670657506775,8.479581841575486,2.2600472686482707e-17,3.422006718906005e-17
FAM20C,2891.713,0.450725464633219,0.024170832636143304,18.64749433411065,1.3233562699777637e-77,3.538509364391554e-77
FAM21A,920.2732,0.32266252382540295,0.020132901908574637,16.026627720665566,8.328124879953826e-58,1.8904258493809783e-57
FAM21B,1528.0488,-0.2289800500481972,0.014872764370116708,-15.395930732841991,1.7429839860025179e-53,3.8086734969437866e-53
FAM21C,2922.6995,0.1423978667465326,0.010082685282508917,14.123010166107171,2.7403130050066063e-45,5.5845878347276773e-45
FAM22A,112.99284,-0.07291315799740378,0.021174033478835293,-3.4435176495911755,0.0005741991142290231,0.0006843931717457222
FAM22D,200.68266,0.17325027852796868,0.01894892646082122,9.14301287126639,6.073616006641643e-20,9.492764338954184e-20
FAM22F,11.600216,-0.9602208004574799,0.03151892994594862,-30.464892117345023,7.607177754733249e-204,5.228714784220602e-203
FAM22G,14.370126,-1.1890946588833429,0.03478916773163373,-34.18002603730302,4.789408510505037e-256,4.863220342412571e-255
FAM23A,75.604675,-1.0253483808310382,0.04382838216242014,-23.394620796890944,4.847867012045899e-121,1.8103030905767143e-120
FAM24A,0.019653372,-0.42122596590928635,0.5904111284659941,-0.7134451665972412,0.47557033250942193,0.49285499615980255
FAM24B,75.52978,-0.46686821541073176,0.02849275810965426,-16.3855044714868,2.4274667376758066e-60,5.626869556227e-60
FAM25A,85.74001,-4.550162773426643,0.12492388137974457,-36.42348222911057,1.8092108104570926e-290,2.3209655255258945e-289
FAM25B,14.616517,-3.947178122863814,0.11528494553881141,-34.23845242252356,6.478991184198149e-257,6.618453663777728e-256
FAM26D,1.0153388,0.517583697302904,0.073403780700617,7.0511858158084415,1.7739940456376067e-12,2.4973547763197368e-12
FAM26E,211.20052,1.1283423063175761,0.0281916973549291,40.023922366642964,0.0,0.0
FAM26F,332.5351,-0.41135742430924194,0.03184876983116435,-12.91595959561127,3.658543765299257e-38,6.986614062257534e-38
FAM27A,48.367287,-0.5720905042970081,0.03079080296548083,-18.579915078485335,4.672439944608392e-77,1.245433422784528e-76
FAM27B,9.152167,-2.6968029487860696,0.1617162515809397,-16.676140600725635,1.9544495830547976e-62,4.618762514383358e-62
FAM27C,54.454094,-0.5198157161658937,0.030301553857510186,-17.154754459466716,5.79143136576555e-66,1.405839408317883e-65
FAM27L,0.048679247,-0.37599780360559726,0.37706001363452835,-0.99718291521105,0.3186757322268151,0.3355183964630361
FAM32A,3728.4495,-0.08670785607162794,0.008519505121323151,-10.177569569693677,2.4972046838125735e-24,4.123324424796447e-24
FAM35A,1319.3203,0.17107965254247573,0.012921579802886895,13.239840263514349,5.165858047709881e-40,1.004217549826463e-39
FAM35B2,155.70386,-0.25174060089935635,0.019529455001474776,-12.890303435520654,5.104258375048918e-38,9.734669438653013e-38
FAM35B,446.3019,0.10194718092105692,0.01500294903279072,6.795142788143805,1.0820530434356923e-11,1.5030032006077135e-11
FAM36A,2182.8025,0.4425666304198203,0.014786166471364295,29.93112726526644,7.746724937498866e-197,5.025990216779458e-196
FAM38A,6465.2617,-0.2581837826302854,0.019331294908881743,-13.355741756940615,1.0966031790274097e-40,2.1436144140008676e-40
FAM38B,430.5044,1.156723240338925,0.038058111970737656,30.39360547439435,6.672828370181643e-203,4.560326041910979e-202
FAM3A,2372.0134,-0.3253194785579179,0.014172948114409138,-22.953550378638372,1.3579554492530277e-116,4.898408042406518e-116
FAM3B,973.6923,-0.7551083222754661,0.055086023791101724,-13.707802275564532,9.117794982322786e-43,1.8133162845082506e-42
FAM3C,3325.1917,0.16259156913215764,0.01714704115569896,9.48219390481366,2.4899204977357924e-21,3.954156896521295e-21
FAM3D,1253.3556,-2.097682307812782,0.06650535817501467,-31.54155342329783,2.3411781051828513e-218,1.8013622465388385e-217
FAM40A,1503.9988,0.1516277843788177,0.009760382829643362,15.535024294160607,2.0099606390791708e-54,4.427219371525786e-54
FAM40B,320.43973,-0.0069363344229095925,0.03350710297298015,-0.2070108665766478,0.8360013720151194,0.8446725524990479
FAM41AY1,0.08383252,-0.7422921850524608,0.39022640940749864,-1.9022089924142298,0.05714383768852658,0.06321061621845762
FAM41C,33.96916,-0.4743383571277923,0.020469527782331628,-23.17290179684652,8.544678032781765e-119,3.1395253576864096e-118
FAM43A,981.2661,0.12795584114081385,0.02662884968577104,4.805158414679334,1.5462902393446577e-06,1.9598408132240483e-06
FAM43B,104.40008,0.6419004630826762,0.044125112268947324,14.547282263447254,6.076977700074984e-48,1.2663376560473551e-47
FAM45A,892.6553,-0.00157232020976194,0.012072111902209607,-0.13024400556410942,0.8963733796670752,0.9011093045942121
FAM45B,389.3584,0.06964734214749677,0.016215305439936312,4.295160668140354,1.745668631355656e-05,2.1643059293447294e-05
FAM46A,1825.6085,0.013777892007903695,0.025588450518551947,0.5384418254600665,0.590272057465252,0.6064161486569645
FAM46B,749.2506,-0.5225552240468693,0.04235347493670761,-12.337953965471968,5.657533399720602e-35,1.0487273284613651e-34
FAM46C,1410.8688,-0.1498931533187,0.02993930053724462,-5.006568310847218,5.540900322848399e-07,7.08587874829589e-07
FAM46D,1.9721043,-0.014026443388737389,0.06605592533108956,-0.21234194083926897,0.8318402773255819,0.8406351735367577
FAM47A,0.31115875,-0.4282676681322477,0.11780274501456602,-3.6354642506784836,0.0002774804735287673,0.00033413526708299363
FAM47B,0.17078808,-0.48411749030612905,0.2128912741624531,-2.274012836884562,0.022965214717204606,0.02584284802274865
FAM47C,0.90226835,-0.795608984898369,0.08064205732097474,-9.865931144733254,5.84892189152218e-23,9.486791012547806e-23
FAM47E,209.77274,0.42369455997007105,0.03299631165083598,12.840664267375365,9.703824992544918e-38,1.8456667883335387e-37
FAM48A,1781.7208,0.0030195114400746086,0.0117674828053396,0.25659790543347794,0.7974891921011907,0.8076849299566283
FAM48B1,1.0436478,1.9795765216426842,0.06604128113207552,29.974835250148193,2.0888835323074967e-197,1.3595773604299337e-196
FAM48B2,2.26044,1.9043877473746005,0.0677239735928664,28.119846582292038,5.603506845438466e-174,3.0782999424253027e-173
FAM49A,319.19937,1.080007255076742,0.028009824983377837,38.55815792200279,0.0,0.0
FAM49B,2778.9568,-0.1896187513880296,0.015818320941252254,-11.987286899302127,4.142520343503146e-33,7.514038816231338e-33
FAM50A,3598.22,-0.41046557585192417,0.015655533030785082,-26.218562794686296,1.63251707255961e-151,7.626529389683593e-151
FAM50B,500.3443,0.17224147332573722,0.02381114808348543,7.233648403757474,4.701881187738177e-13,6.675425320862032e-13
FAM53A,70.66121,-0.3563092771848297,0.0222050710887619,-16.046302025358507,6.06730514160747e-58,1.3786190332364562e-57
FAM53B,3011.1438,-0.2533346168828566,0.019502747022222638,-12.989688918909291,1.3999492446137157e-38,2.6847745545488544e-38
FAM53C,2287.371,0.14083588839970662,0.010777675128160198,13.067371833441783,5.0583107994875613e-39,9.744715136900764e-39
FAM54A,184.33661,-1.0477308129877547,0.02911252408263598,-35.989006312670384,1.2429880200268516e-283,1.5189671728527415e-282
FAM54B,2339.6697,0.26821710073595983,0.013409794813633236,20.001581266797128,5.3353785062721916e-89,1.5562030230543775e-88
FAM55A,38.26322,-4.03858068151288,0.12619064660313317,-32.00380369088787,9.653306592838704e-225,7.786516201410585e-224
FAM55B,10.700964,-1.2621514598893977,0.0686022696548536,-18.398100620277376,1.3605066742419101e-75,3.583254253672839e-75
FAM55C,1059.1923,0.44357435111079,0.023176298626049724,19.139136851309846,1.1922885559666288e-81,3.2922558946052617e-81
FAM55D,84.30664,-3.2026946768511606,0.08899865249467963,-35.985878292287836,1.3912107534225883e-283,1.698061134827966e-282
FAM57A,1226.1571,-0.41056375728654815,0.020764660217393097,-19.772235759612755,5.1636194517804595e-87,1.4839939076623147e-86
FAM57B,159.27888,1.5168565010090154,0.06016481286763257,25.211688173055933,2.982126365293863e-140,1.2781707509687949e-139
FAM58A,965.75323,-0.516011375514086,0.014394638124963338,-35.84747119270845,2.0137015983295546e-281,2.4201269681458915e-280
FAM58B,2.140563,-1.3367170106193642,0.05231064087495434,-25.55344358740914,5.027509541627935e-144,2.2106925865659422e-143
FAM59A,435.25543,0.3453415213955754,0.026353718436012186,13.104090879398196,3.119781102155285e-39,6.019297143553776e-39
FAM5B,285.47702,2.051231350864301,0.07346824891763647,27.919970614297462,1.5269297619756582e-171,8.265557836762145e-171
FAM5C,194.58424,1.912056716008091,0.08026476641128377,23.82186856696926,1.9823356659074337e-125,7.677072821420856e-125
FAM60A,3550.932,-0.3763310931374555,0.021785483431554595,-17.27439716083458,7.333568556424107e-67,1.795383865322732e-66
FAM63A,1403.4623,0.2724139721207443,0.01896616871500188,14.36315242230604,8.812562620250174e-47,1.819255347654363e-46
FAM63B,528.0635,0.7742483521714637,0.02330255121104574,33.22590497320564,4.550271395896055e-242,4.163549453889788e-241
FAM64A,358.21268,-0.2827181533961758,0.03298254787076652,-8.571749960128393,1.0192420169531067e-17,1.5514578110765085e-17
FAM65A,3350.3909,0.3405047815594031,0.01469858692675298,23.165817452808913,1.0071936441769817e-118,3.6973413995310444e-118
FAM65B,667.03076,-0.06471660318413282,0.034705806804631346,-1.8647197441177672,0.062220697764661735,0.0686883844371949
FAM65C,280.3005,0.4340574684205611,0.036575703987007574,11.867371536437057,1.7487593462221172e-32,3.1532186280875105e-32
FAM66A,6.3343825,0.5315137649738623,0.0395829240508023,13.42785500868244,4.152663341296286e-41,8.144901056401838e-41
FAM66C,67.090866,1.0160777502607232,0.02877287605925956,35.313736039735716,3.6142710763194246e-273,4.131552209027915e-272
FAM66D,55.073376,-0.5547924658726023,0.041525263690595206,-13.360359852410852,1.0306469206777907e-40,2.0148781119722627e-40
FAM66E,3.8850136,0.7141655305097632,0.04141954315003515,17.242235819038896,1.279896201404932e-66,3.126263559016558e-66
FAM69A,703.35956,0.6341566005556675,0.020832971806983416,30.440045060834382,1.6225119533819525e-203,1.1133374067712563e-202
FAM69B,1002.29865,-0.11934670298407633,0.030299390719999524,-3.9389142866592337,8.185116274057064e-05,9.99045456975586e-05
FAM69C,218.04121,2.0057173190787974,0.06465262098882314,31.02298543202969,2.6408107170477617e-211,1.925654204454706e-210
FAM70A,491.16644,0.86130478504347,0.045989102939543586,18.728453698601715,2.902237589960968e-78,7.802278501784674e-78
FAM70B,137.43161,0.4675345569409051,0.02540282046237112,18.404828614738204,1.2016417400474107e-75,3.166070167675066e-75
FAM71A,1.7006055,0.6446039701206201,0.07795786271467453,8.268620350456093,1.3551806049710628e-16,2.031523594478011e-16
FAM71B,0.15358514,-0.6394294705473828,0.21218938523303918,-3.013484721891827,0.0025826604484225123,0.003012684585425653
FAM71C,0.46898705,-0.21347757972675407,0.07975008362097871,-2.676832048745308,0.007432188034671523,0.008523174460534981
FAM71D,55.152,-0.6869806939787381,0.020860852427637258,-32.93157345136097,7.766688897001212e-238,6.907908224292166e-237
FAM71E1,167.07387,-0.6138861127506,0.027556771521228998,-22.277142018529947,6.156291162167968e-110,2.111810139352614e-109
FAM71E2,12.530671,-2.0408674528399477,0.08779483430967619,-23.245871683534986,1.5661022641345666e-119,5.7866199628885e-119
FAM71F1,7.472578,-0.9628649556988471,0.061537460232254426,-15.64681012288785,3.49294243203547e-55,7.740591593970843e-55
FAM71F2,20.62162,0.0823335941589715,0.030093240613426463,2.735949750863235,0.006220052331202146,0.00715284937928968
FAM72A,78.98248,-1.173036775998543,0.03327793576374694,-35.24968568742932,3.4691985710745135e-272,3.9347862790254054e-271
FAM72B,338.62442,-0.7666990893616984,0.028333786244515425,-27.05953531043203,2.9499330650246577e-161,1.4792533810550987e-160
FAM72D,178.93901,-0.8621003588340977,0.030109663430692442,-28.632015791824205,2.6848358394759335e-180,1.538867479050972e-179
FAM73A,912.42456,0.6919846631547882,0.017957964028959206,38.53358109187023,0.0,0.0
FAM73B,1228.4376,-0.24357228786269722,0.013312866645194033,-18.29600598835918,8.904216287155847e-75,2.3291910495979174e-74
FAM74A1,0.4363394,-0.5942455906914077,0.12715249593771413,-4.673487423970819,2.961278463938355e-06,3.7330444735183265e-06
FAM74A3,0.5852791,0.2871954412514441,0.10556243373714087,2.720621636732858,0.006515929458664575,0.007487599923742851
FAM74A4,0.19390307,-0.5696975842670648,0.20149927812427196,-2.8272934254171944,0.0046943291847775775,0.005423131582187295
FAM75A2,4.658536,-0.7668377467198066,0.09215754947114674,-8.320943331505282,8.726596703710411e-17,1.3109857016738508e-16
FAM75A3,1.5512632,-0.7848779457387522,0.10514901920194668,-7.464434301867661,8.365824209981776e-14,1.2023989769927214e-13
FAM75A5,1.000837,-1.2672652901194492,0.13056010641592672,-9.706374519045722,2.832326511125833e-22,4.556205391909832e-22
FAM75A6,0.45987612,-0.4995082118954721,0.14065621938475115,-3.551269997731966,0.0003833769104094165,0.0004594249525590271
FAM75C1,4.8632765,-0.46380793703098594,0.0731147575190593,-6.343561173817504,2.2451376121848996e-10,3.051726308350405e-10
FAM76A,500.58487,0.295115339697936,0.010434375824624326,28.282989290215756,5.5953542211428396e-176,3.109904902764048e-175
FAM76B,651.1265,0.0985378219580522,0.013371021691130858,7.36950580398904,1.712617101353775e-13,2.448709289027425e-13
FAM78A,598.0391,-0.35490200493699353,0.028053973146442143,-12.6506859860598,1.1090223671092356e-36,2.0894490442325495e-36
FAM78B,83.59835,0.2984340701082969,0.031369907540935896,9.513386984608033,1.8455369713849536e-21,2.9367896826970667e-21
FAM7A2,7.8782487,-0.20912410749837532,0.04429518563436623,-4.72114755821516,2.345177195814801e-06,2.962244852313782e-06
FAM7A3,22.412027,-0.32970029150460795,0.03713719953690168,-8.877898592676557,6.813531182597482e-19,1.0518401679291943e-18
FAM81A,239.77141,0.36948546298561463,0.03206947873238833,11.52140532338792,1.0291857877500995e-30,1.824396469551961e-30
FAM81B,62.31732,-0.45529059978335695,0.06676896573363142,-6.8188954970441875,9.17431043285851e-12,1.2771267425816507e-11
FAM82A1,228.49016,0.3265426018261966,0.021376475987545922,15.275792044322108,1.1087268718352992e-52,2.4051753205854936e-52
FAM82A2,2167.0774,0.2709520832020371,0.011307870379156024,23.961371515319755,7.0334391929425325e-127,2.7531972414750438e-126
FAM82B,1712.1416,0.21313214982342948,0.011570367008687188,18.42051766062451,8.99392575239808e-76,2.3724712929913514e-75
FAM83A,1744.4316,-2.096457174837164,0.06955731277438468,-30.139996661993095,1.4506211996864207e-199,9.626205020996036e-199
FAM83B,391.65527,-1.2483208324753026,0.05938168936330071,-21.021982463954526,4.128258121789398e-98,1.289858918071061e-97
FAM83C,298.129,-3.467077534270584,0.07912170384916783,-43.81955096518121,0.0,0.0
FAM83D,1135.5398,-0.383479098763064,0.0337654080122332,-11.357158741399768,6.833095607780781e-30,1.1990604506016973e-29
FAM83E,456.3889,-1.5452994828934998,0.05557818181273166,-27.804066856672666,3.873412408082442e-170,2.0746856936635213e-169
FAM83F,475.4051,-1.1944933112697322,0.04807914838216691,-24.844310921962652,2.9791746693197102e-136,1.2446750891171759e-135
FAM83G,597.9923,-1.0103049398686885,0.03465472827569152,-29.15345149531484,7.553473674021176e-187,4.551085247984526e-186
FAM83H,6246.593,-1.0785021601975107,0.029172045820482308,-36.97039853955911,3.4250618012145026e-299,4.698843208283428e-298
FAM84A,1702.0669,-0.9469657711935915,0.03786036924585941,-25.012058520722334,4.5197902565258046e-138,1.9083038123726432e-137
FAM84B,3580.6475,0.2519570101169936,0.02488942405138603,10.123055061330868,4.365717140209298e-24,7.187000505985373e-24
FAM86A,897.7012,-0.33718055151692794,0.012108257082940478,-27.847158282754595,1.1659613038774688e-170,6.271547208888082e-170
FAM86B1,236.23555,-0.15073490020528088,0.025078613688678385,-6.010495718642112,1.8495689403035357e-09,2.4756984914950484e-09
FAM86B2,32.99882,-0.3430688969371729,0.03736263817397496,-9.182137924514613,4.226160696145216e-20,6.619098196864626e-20
FAM86C,415.05457,-0.37715643004399874,0.01427260475989023,-26.425199631668313,7.035579908807194e-154,3.34276245888928e-153
FAM86D,402.30017,0.03617080469671822,0.018247877818956905,1.98219239823833,0.04745771116409607,0.05270806511318705
FAM89A,554.3328,-0.14037694731565487,0.026243889084615595,-5.348938446700916,8.847162268987363e-08,1.1487937791588349e-07
FAM89B,2482.034,-0.1898802945855433,0.013224530781896926,-14.358187652712086,9.467057468622548e-47,1.9531802087929313e-46
FAM8A1,2537.7727,0.506517518163336,0.015979144732621055,31.69866264051619,1.6210194828745403e-220,1.2654269805154436e-219
FAM90A1,56.96706,-0.30874934295109613,0.03484424344005256,-8.860842207186415,7.94122016123249e-19,1.224812888352517e-18
FAM90A7,2.2915263,-0.787845120427814,0.07474381352615535,-10.540606416236988,5.613574600072241e-26,9.440505970830229e-26
FAM91A1,3033.5515,-0.032833029006302035,0.01367784701700522,-2.4004530073689088,0.016374793101096713,0.018539340048116335
FAM92A1,356.93558,0.15940796570390703,0.02011096222539385,7.92642161609874,2.2555089880607097e-15,3.32223321429084e-15
FAM92A3,0.32125387,-0.5610837975994939,0.11553567322868796,-4.856368443787062,1.1955814916407678e-06,1.5198778387957785e-06
FAM92B,36.50056,-1.4270922088304656,0.06701543763299764,-21.294977086410636,1.2636811419844132e-100,4.018004743036181e-100
FAM95B1,123.06572,0.14537847457438138,0.03584896891161883,4.055304210639751,5.006909655569527e-05,6.139223902537943e-05
FAM96A,1967.4227,-0.15152770835894458,0.013913122199182254,-10.8909924163428,1.2724601800451793e-27,2.1782575301050873e-27
FAM96B,2366.3357,-0.39191414360280347,0.015265333066318458,-25.673474787623576,2.312718103206682e-145,1.0293971985829654e-144
FAM98A,2133.4736,-0.011029071634764945,0.009063840264139682,-1.2168210508299153,0.22367230888722966,0.23841594432644547
FAM98B,661.65295,0.1990220969692048,0.012393317689185664,16.058823146514698,4.958703889992702e-58,1.1273506699761188e-57
FAM98C,623.85095,-0.28534317506446805,0.01371859873777826,-20.79973184715217,4.352353705242878e-96,1.3370992769735892e-95
FAM99A,18.673283,0.21804344629794795,0.26302890514000166,0.828971424953811,0.4071205768415601,0.42481512090191803
FAM99B,2.4910119,0.6866665956915116,0.30525742723722055,2.2494672837489773,0.02448278203965546,0.02751711160126673
FAM9A,0.7526841,-0.2740159816420364,0.1418026122798025,-1.9323761194282705,0.05331309935505128,0.05904696930527087
FAM9B,3.1473777,-0.08730551315956761,0.13489019264143126,-0.647233957116849,0.5174805372757396,0.5344927329103943
FAM9C,11.960613,-0.24264419915052934,0.0937313632767267,-2.588719406909313,0.009633355549183766,0.011009626452555984
FANCA,850.15283,-0.9516641836226467,0.02589446483625221,-36.75164517361712,1.0943686318115334e-295,1.4590865078618866e-294
FANCB,65.951584,-0.6361271736575345,0.027155893037569438,-23.425013965752104,2.3767800960847948e-121,8.898283555754015e-121
FANCC,701.85486,0.012994717560302996,0.015916196125787894,0.8164461820904914,0.41424499231781164,0.4318728901371532
FANCD2,819.69086,-0.6720902004588007,0.022729935397763135,-29.56850464805727,3.797954581963701e-192,2.3733136075567524e-191
FANCE,501.97678,-0.49735886588477923,0.021214922840228502,-23.443821579292734,1.5283695760761021e-121,5.732512195897819e-121
FANCF,913.8291,-0.2056478298353916,0.012771026773970807,-16.102685670860193,2.4426779777652035e-58,5.571418434833271e-58
FANCG,892.0365,-0.4623595402836562,0.015490794690017157,-29.847373845940766,9.49540403750452e-196,6.1060306632834646e-195
FANCI,1894.6403,-0.6692494267738217,0.0232113879938245,-28.83280512789148,8.324823156829706e-183,4.8772683352488047e-182
FANCL,795.10315,-0.22396451429543232,0.014727126955553223,-15.207617546271035,3.147923921523827e-52,6.798407034931962e-52
FANCM,281.31934,-0.033655934863558834,0.016843866117907655,-1.9981122283902106,0.04570449430046302,0.050808004775752244
FANK1,220.03067,-0.21353637057922206,0.030580351556564314,-6.982796459492788,2.8936149790402598e-12,4.061714517255974e-12
FAP,967.9544,0.7370615676312904,0.03961505380053107,18.605592998624417,2.8947100756647588e-77,7.720870225397461e-77
FAR1,2878.1528,-0.1009880293833253,0.01690777496122525,-5.9728751781308915,2.331082567457739e-09,3.11284992725122e-09
FAR2,409.49823,-0.36109861235971996,0.03188420233520116,-11.325314290866102,9.832557246156369e-30,1.721691175492367e-29
FARP1,5493.2744,0.27932493853020224,0.021742073913545785,12.847207660175266,8.917126577372199e-38,1.6966708410160804e-37
FARP2,848.1498,-0.20445824549305733,0.019410948578460572,-10.53314033915556,6.077255227674365e-26,1.0217758624182212e-25
FARS2,558.1251,-0.05932626408118741,0.010444050984511802,-5.6803882103952175,1.3438936432030218e-08,1.7688344118160282e-08
FARSA,3475.534,-0.35218320939202236,0.01089531889308518,-32.32426814193928,3.190783234949439e-229,2.656897991015772e-228
FARSB,2325.789,-0.2594900605584527,0.01087002640204359,-23.872072703491128,5.974774632589553e-126,2.322268742743236e-125
FASLG,53.268147,-0.4844781276625424,0.03796990946056899,-12.759528124913322,2.7586711335048347e-37,5.225996613661946e-37
FASN,20074.846,-0.20048942412454557,0.02873750991384024,-6.97657607515911,3.024605922923511e-12,4.2447061408147625e-12
FASTKD1,797.4431,-0.3117509799423419,0.013005424961939053,-23.970841464596113,5.603123526511006e-127,2.196264764656095e-126
FASTKD2,1902.4866,-0.013075546549761815,0.008827254726530622,-1.4812698800299493,0.13853467136481964,0.14992703456923046
FASTKD3,399.85587,-0.0982032406149114,0.011803347391235895,-8.319948346841702,8.800165473044127e-17,1.3219403000494754e-16
FASTKD5,1000.9727,-0.12844049348875947,0.011233542722409583,-11.433658700788662,2.8388978040194344e-30,5.0084159785122765e-30
FASTK,3681.8801,-0.46589523171097363,0.013891047704302294,-33.539243520607734,1.291895266583878e-246,1.2267581964730023e-245
FAS,927.9304,0.28772931248097233,0.022700304456683855,12.675130108056925,8.122380590016607e-37,1.531853139714202e-36
FAT1,9725.522,0.13435533688019746,0.027646179559820447,4.859815678672025,1.1749509292937345e-06,1.4941177994685283e-06
FAT2,2082.0527,-1.9020606927387191,0.05586159405538371,-34.04952409437028,4.1251401715057146e-254,4.1289935472804743e-253
FAT3,302.83392,2.9647318021437643,0.0477202220500826,62.12736812146986,0.0,0.0
FAT4,684.12463,1.674938922385726,0.02841239327748297,58.950997405527524,0.0,0.0
FATE1,21.604998,-0.10532418244572668,0.05075727312242749,-2.0750559666923554,0.037981348086209496,0.04235196985908309
FAU,16945.39,-0.39326164710468176,0.01463936329695279,-26.863302667441822,5.897810733761343e-159,2.900326780885198e-158
FBF1,477.98206,-0.0626544846247282,0.019296610152748927,-3.246916641252799,0.0011666255345859867,0.001376729031917233
FBLIM1,3226.5894,-0.21616408834803416,0.025602564012970865,-8.44306407118132,3.091255487117564e-17,4.670837944354051e-17
FBLL1,125.46891,0.6024208802712557,0.050396919282210004,11.95352590696767,6.222797064713928e-33,1.1271345679760752e-32
FBLN1,12888.425,-0.04967299542307815,0.03859303961342979,-1.2870972569310843,0.1980603914342436,0.21204835450198598
FBLN2,3606.6257,0.9010848893427317,0.033948657222498624,26.542578206762183,3.128346326270157e-155,1.5007069476091926e-154
FBLN5,2262.7893,1.006884873020927,0.02901399467836534,34.7034210277747,6.995665823095425e-264,7.468524409669625e-263
FBLN7,371.9883,0.6959942638076644,0.03175899073434278,21.91487348037942,1.8741432928388888e-106,6.274573803470964e-106
FBL,7298.8706,-0.6651583957072904,0.016571649031261727,-40.13833472169829,0.0,0.0
FBN1,6317.158,1.4862599193825858,0.03193107091902867,46.5458838869347,0.0,0.0
FBN2,1070.2168,0.1250861307047846,0.048562694632436836,2.575765855901145,0.01000183502330831,0.011423694767996291
FBN3,331.73117,0.5171923746940819,0.07055826786024642,7.330003844743981,2.301461292239881e-13,3.2834933741213557e-13
FBP1,3318.7202,0.029456274004670525,0.039052783980042215,0.7542682237385188,0.4506881788115351,0.4680214553646541
FBP2,10.881633,-0.8755107743802142,0.0785507934733408,-11.145791603968355,7.507371062438597e-29,1.3008985229397173e-28
FBRSL1,1831.2386,-0.3985135397400774,0.015170944159647665,-26.268209515928547,4.427892465563383e-152,2.078567274761469e-151
FBRS,3883.6018,-0.2863508800323309,0.010372323413985779,-27.607207045455468,9.117350017749946e-168,4.80010677557205e-167
FBXL12,851.74445,-0.07617787146921054,0.011114214950060628,-6.854093771939779,7.1765996764089694e-12,1.0008109652168656e-11
FBXL13,37.19878,0.15336788892171072,0.03189357113276496,4.80873992703039,1.5188465564347482e-06,1.9255368978426453e-06
FBXL14,1683.4343,-0.03367821729665799,0.012825906000064426,-2.6257963606226977,0.00864465182162514,0.009893555929870493
FBXL15,738.37726,-0.4596202498316809,0.01855047731158524,-24.776734426377082,1.597411193413593e-135,6.642502958886304e-135
FBXL16,1347.506,0.9893471969694403,0.04185957672320956,23.634906858025744,1.6875150273197434e-123,6.43132131059578e-123
FBXL17,1329.9948,0.5636552516879182,0.015496885970613956,36.37216230130054,1.1730968168741014e-289,1.4983110473487975e-288
FBXL18,1130.374,-0.03335674106960195,0.01687319717481161,-1.9769069681350644,0.04805214703957404,0.05334498400014657
FBXL19,1410.3567,-0.3770200772743807,0.014820671852229562,-25.438797986588128,9.391834127185756e-143,4.0935206806973844e-142
FBXL20,384.48077,-0.03694022088932781,0.01676746739834254,-2.2030888751260873,0.027588485145432398,0.030944519259316745
FBXL21,19.374617,0.60056399404268,0.08745229356347137,6.8673326858694805,6.5413401049205684e-12,9.129714348123525e-12
FBXL22,91.39817,1.56652493689761,0.028372300208625224,55.21318065080194,0.0,0.0
FBXL2,369.44342,0.4701408464984752,0.027032241832287553,17.391855600260826,9.510468906433585e-68,2.3483764277268814e-67
FBXL3,2288.9597,0.5350715408101565,0.013949231383060583,38.35849632976389,0.0,0.0
FBXL4,628.08215,0.23653152277530606,0.012606267972061838,18.76300926646253,1.5157033481855007e-78,4.0855559996966253e-78
FBXL5,5281.267,0.6553591118518712,0.0153757220674838,42.62298115012164,0.0,0.0
FBXL6,1269.7971,-0.9387672108273423,0.017842520546068615,-52.614046788035694,0.0,0.0
FBXL7,921.144,1.094063914564841,0.02890366196925545,37.85208655320513,0.0,0.0
FBXL8,246.06279,-0.6840225026255911,0.022512626797832353,-30.383948917567125,8.951417057165112e-203,6.111398385876074e-202
FBXO10,607.2528,0.41295685507056457,0.018250941251672367,22.62660590355714,2.371698854120815e-113,8.368356494115369e-113
FBXO11,2826.8228,0.265717446549561,0.009264781399665387,28.680379502441127,6.703307032705313e-181,3.87266253912734e-180
FBXO15,58.71337,0.34178569899856615,0.035510748513973914,9.624852004008568,6.279725697517234e-22,1.0051016939917719e-21
FBXO16,110.381004,-0.17270357340718626,0.029533873436949954,-5.847643851250344,4.98584616525918e-09,6.6192919516473194e-09
FBXO17,927.9325,0.7032373924419778,0.03727241724156221,18.86750161343984,2.1104301950542203e-79,5.725779363154167e-79
FBXO18,3374.095,-0.032501868374163044,0.008193273232120948,-3.966896678941764,7.28145391029666e-05,8.898680602661006e-05
FBXO21,2915.1997,0.4767382982937889,0.014993435110609809,31.796469239823132,7.242955262226456e-222,5.724352724521289e-221
FBXO22OS,148.54008,-0.5368146827968923,0.015873756722659744,-33.817746622675074,1.0818043782495943e-250,1.0563287931311025e-249
FBXO22,1007.71326,-0.08814096823380757,0.01083005933935153,-8.13854896561307,4.000432562199265e-16,5.959230740748872e-16
FBXO24,27.028116,-0.1371200068299043,0.02231956741706804,-6.143488548306137,8.072849493336124e-10,1.0880123317544694e-09
FBXO25,1210.9683,-0.08510509815106229,0.017257259956583934,-4.931553350020278,8.157828031958227e-07,1.0408298608926336e-06
FBXO27,495.6411,-0.6372348095520445,0.034848357546410164,-18.285935246830245,1.071104962909628e-74,2.8007482583967528e-74
FBXO28,2278.4153,0.10292776010502407,0.011630949458895899,8.849471874052385,8.7934420223169e-19,1.3556389984276068e-18
FBXO2,1182.9628,-0.08983099285854791,0.03856566794758812,-2.3292995464419515,0.019843202393554995,0.02237911353480978
FBXO30,914.9823,0.48256984776667233,0.014970984636198361,32.233674637529596,5.9580764082313e-228,4.916922480550509e-227
FBXO31,1755.4442,0.2101222688579073,0.015170073225903566,13.851104456049315,1.2527100710002956e-43,2.51741430613908e-43
FBXO32,1416.7527,0.5915961929676224,0.02843211635459741,20.807321748033107,3.715290619139588e-96,1.1425921709224e-95
FBXO33,781.8617,0.1623521485052086,0.012528774742618518,12.958342043850726,2.107535093245331e-38,4.0322626598422794e-38
FBXO34,1819.5277,-0.014475175335684841,0.013981463521798927,-1.0353118837034587,0.3005232817869379,0.31709528343613724
FBXO36,270.1373,0.47085844244841296,0.022611381386150035,20.823957387089322,2.6257849888567733e-96,8.089945004257725e-96
FBXO38,1609.1577,0.22371980706095732,0.010008799230079607,22.35231239214076,1.1464989186871516e-110,3.960225905251395e-110
FBXO39,14.284132,-0.14895866073429898,0.03882925221831158,-3.836248504009336,0.0001249280012681317,0.00015167327674982966
FBXO3,1448.7104,0.4235225422034895,0.013344738290548,31.73704369335351,4.792576090601115e-221,3.7556603783120896e-220
FBXO40,11.916035,-0.06427638546238561,0.06918448261936386,-0.9290578324624988,0.3528591158919612,0.3701875059489043
FBXO41,849.7877,-0.1231370100444394,0.026957423605967732,-4.567833033464659,4.92792320929946e-06,6.182756431757422e-06
FBXO42,1191.3768,0.04812933766824578,0.00931265972955387,5.168162379594584,2.364068761936258e-07,3.0479435073307755e-07
FBXO43,47.8104,-0.30437131618211355,0.03032832333647334,-10.035876787691446,1.0601331516351576e-23,1.7341516016503432e-23
FBXO44,1274.4852,0.23509316557509283,0.02034280508771092,11.55657563258631,6.838164989726118e-31,1.2149245224350647e-30
FBXO45,1390.032,-0.3719816085123986,0.0175446418199491,-21.202006420526498,9.151077822684204e-100,2.8925134822547384e-99
FBXO46,1183.678,-0.4912716962376901,0.013352970321673888,-36.79119210205103,2.5535693907083e-296,3.4270348863170917e-295
FBXO47,0.6217468,-0.4005501826631197,0.06719493453474056,-5.961017529617961,2.5067207175132015e-09,3.345855050668804e-09
FBXO48,62.736423,0.030038145676286605,0.015495409998841306,1.9385189342219893,0.05255994307334125,0.058241325914665784
FBXO4,483.77515,-0.03784156502229632,0.013896427542384323,-2.723114621141221,0.00646696165174378,0.007432588476225111
FBXO5,468.2227,-0.09229341844544513,0.019321911970983777,-4.776619342021875,1.7826677284318673e-06,2.2570480275587305e-06
FBXO6,847.23126,-0.609992160973924,0.017563916372576406,-34.72984885798826,2.7928022132012334e-264,2.992561066240206e-263
FBXO7,5475.3735,0.14829454832950908,0.013068515092400916,11.34746735042143,7.634202218969668e-30,1.3385989404530487e-29
FBXO8,941.165,0.33025730921493923,0.012695965198024737,26.012776820333542,3.550357495024931e-149,1.6309054206049766e-148
FBXO9,1972.3304,0.15216771038665808,0.011088593059833746,13.722905112088187,7.403830468062577e-43,1.4738885743550014e-42
FBXW10,14.304979,-0.6053729532422151,0.04309231235891582,-14.04828193483943,7.892561018499496e-45,1.602839399258167e-44
FBXW11,2589.7913,0.560539615192229,0.011735590948734479,47.764072353993846,0.0,0.0
FBXW12,1.0448493,0.32235941622721836,0.06907185003905161,4.667015810999183,3.0560582173058655e-06,3.850379927355042e-06
FBXW2,3309.981,0.1767723556801039,0.009828163053837352,17.986306770834876,2.4943829707873315e-72,6.383801747612732e-72
FBXW4,2836.5037,-0.10427406857639542,0.014339897968901037,-7.271604637810867,3.552420391479271e-13,5.049834293403609e-13
FBXW5,5775.9,-0.4366565020829187,0.014407753329308817,-30.30705010715688,9.256150109908406e-202,6.271080202583203e-201
FBXW7,935.96533,0.19149965147100795,0.014924121451908596,12.831552737499178,1.0915438824003924e-37,2.0753401103651092e-37
FBXW8,967.0576,0.19395444167150921,0.011750114171817906,16.50660060280093,3.2889559554878134e-61,7.679763080373483e-61
FBXW9,631.6952,-0.4335723721355167,0.016104131527879234,-26.923052099079207,1.1799989224589478e-159,5.850851939196717e-159
FCAMR,120.18294,0.6371426703462976,0.07240642137647145,8.799532668981454,1.3738707422338511e-18,2.112266609359536e-18
FCAR,24.000347,-0.6442420479972065,0.0519093866377963,-12.410896944178504,2.2808324118361104e-35,4.240681924435742e-35
FCER1A,141.95564,0.13362866747933705,0.04263595328342259,3.134178016169597,0.0017233627139541098,0.0020218948592976268
FCER1G,1557.8552,-0.024866309160456897,0.027886645104569785,-0.8916923877796277,0.37255783479666327,0.390170008159736
FCER2,59.71587,-0.8105210093861875,0.058584252657912395,-13.83513440239676,1.5644378048872545e-43,3.1395159457564924e-43
FCF1,1613.1438,0.16082151248430587,0.009785997635178227,16.43383929566798,1.0950122876722258e-60,2.546938782670952e-60
FCGBP,10752.285,-0.30128552332191527,0.04906044731939335,-6.1411083629239265,8.194765393537818e-10,1.1042241620692066e-09
FCGR1A,329.25806,0.4453449327628829,0.033128330554288404,13.443023699400806,3.383244103492587e-41,6.63898474245837e-41
FCGR1B,285.3768,0.42653701719386333,0.03128389669735231,13.63439539902211,2.500545965497676e-42,4.955092010080513e-42
FCGR1C,105.8327,0.2981615431503437,0.03271675669009801,9.113419950963069,7.982511831552559e-20,1.2460013676192484e-19
FCGR2A,2149.103,0.36278243789956616,0.026414899178347544,13.734008047887654,6.352007691042648e-43,1.2657387156889231e-42
FCGR2B,455.30597,0.22789834959835067,0.033526657684619106,6.797526664964957,1.0643045507735052e-11,1.478955453497904e-11
FCGR2C,191.12946,-0.030977457341617907,0.03278575922434637,-0.9448448983488649,0.344738066035032,0.36215285275579034
FCGR3A,3360.599,0.6003074591027663,0.03131916686724304,19.167414690415427,6.926661860758778e-82,1.9149906141117323e-81
FCGR3B,134.64383,-0.19650813057001218,0.043583070650672066,-4.508817934033796,6.518982139671897e-06,8.158846583978617e-06
FCGRT,7481.9165,0.027907051973661803,0.020808538431034907,1.3411346532652104,0.17987673805212911,0.1931085483022198
FCHO1,473.2787,-0.6689265782474221,0.032657869735546644,-20.482860139506442,3.0614376366583716e-93,9.19696161203007e-93
FCHO2,1693.7588,0.49397675441537875,0.017105208421215125,28.878733439033272,2.208596381844266e-183,1.2999367949687021e-182
FCHSD1,784.00073,-0.43323977922593504,0.018143804796208807,-23.87811068803284,5.1713662823966256e-126,2.0107686429204146e-125
FCHSD2,1971.5763,0.7030739628721526,0.01657986642388758,42.40528511491462,0.0,0.0
FCN1,267.8021,-0.314550898518484,0.04280566873345403,-7.3483467920372,2.006733019031157e-13,2.86581632536864e-13
FCN2,19.952967,0.4617651857209045,0.08525950127420685,5.415996795897282,6.094819232901859e-08,7.932265215281528e-08
FCN3,356.88034,1.6543727062340507,0.04729385217023134,34.9807137781722,4.42041205070224e-268,4.875144579645012e-267
FCRL1,36.127197,-0.9628756323405225,0.060818702268832014,-15.831900327047443,1.874725688539525e-56,4.199773359702486e-56
FCRL2,53.276424,-1.3431627736164942,0.05717045186066277,-23.494003106536287,4.697123220745296e-122,1.7695916293699754e-121
FCRL3,82.60511,-0.8693669866184219,0.049998813777580586,-17.387752247199217,1.021629622975464e-67,2.5220513512983474e-67
FCRL4,7.2671676,-1.1722611619387142,0.06549226447860522,-17.899230867512063,1.1956170375389613e-71,3.043456772600114e-71
FCRL5,241.45479,-1.1897242003779993,0.0535350293408399,-22.223284735745956,2.0454878158635236e-109,6.989608332186217e-109
FCRL6,47.623234,-0.07868339646774505,0.03606380533562726,-2.1817829742446535,0.029125553714420428,0.0326344055075336
FCRLA,268.44156,-0.8997874793137344,0.054101983353023235,-16.631321507059944,4.133753832237123e-62,9.733876274637471e-62
FCRLB,138.37984,-0.48648521565505964,0.036677992874842164,-13.263681502832322,3.759754426208118e-40,7.316463426034323e-40
FDFT1,6670.202,-0.3809297159125811,0.016950943891137833,-22.472478132131393,7.716343060033694e-112,2.692784167967535e-111
FDPSL2A,25.173887,-1.1884273581758633,0.034509602587832276,-34.43758458681556,6.908321904030229e-260,7.183172913388735e-259
FDPS,5867.528,-0.3893949782921235,0.016951489906935787,-22.971135896013514,9.061164713557883e-117,3.2731769411519685e-116
FDX1L,699.9306,-0.24397402141003183,0.01665165626604672,-14.651636900979213,1.3150883488902285e-48,2.757067623834431e-48
FDX1,1473.8589,-0.30604518720793566,0.021587914962105256,-14.176690418929187,1.2772992513817153e-45,2.611683786168559e-45
FDXACB1,194.74991,0.08161336996541932,0.013039994587237829,6.258696613669907,3.882082482986477e-10,5.256405777542012e-10
FDXR,1513.1117,-0.98314791725289,0.02549463018534765,-38.56294090580406,0.0,0.0
FECH,1476.0294,0.2609913702020386,0.01620367437575218,16.106925142398346,2.2808720647631248e-58,5.2041100937478946e-58
FEM1A,2207.2646,-0.06494029867186411,0.010568043135428418,-6.144969114874028,7.997907544580096e-10,1.0780548179297284e-09
FEM1B,3712.8943,0.328651866020885,0.013044820849932904,25.194049791996598,4.654674893409049e-140,1.9916882336047675e-139
FEM1C,1718.8654,0.4269419597373273,0.014168251243615789,30.1337089804719,1.753635377109434e-199,1.16294015122381e-198
FEN1,1962.5936,-0.6159875711503553,0.01827974873916201,-33.69781389996248,6.223013736812592e-249,6.0073180022649385e-248
FER1L4,796.40314,-1.9181520659581346,0.04649239683278491,-41.257328006920844,0.0,0.0
FER1L5,12.479385,-0.1352110084873988,0.0469302127230132,-2.8811079396854153,0.003962799040116604,0.004590142120013672
FER1L6,121.478424,-0.5354178766593712,0.07200511737394118,-7.435830899056907,1.0391269873377368e-13,1.4911952023126088e-13
FERD3L,0.1884293,-0.003781091903540313,0.18015153560608774,-0.02098839674510408,0.983254911694385,0.9838831587135547
FERMT1,2286.0903,-1.2091865066716767,0.0479457344070951,-25.219897486704035,2.4237300413771182e-140,1.0392737976494682e-139
FERMT2,2641.588,1.8276703040336282,0.019893951622802736,91.87065187887187,0.0,0.0
FERMT3,1452.009,-0.4830989273854145,0.02814239044761875,-17.16623640357074,4.752539003835071e-66,1.1543419420076141e-65
FER,136.36496,0.576745937428094,0.019424561698448514,29.69158050419022,9.862558655718109e-194,6.237708346435695e-193
FES,912.10223,-0.05882159242963971,0.023550544938556652,-2.4976743673280253,0.012501096821841513,0.014216043690770896
FETUB,214.4133,-0.8901010530693352,0.10933137010670807,-8.141314356534554,3.9100971800295446e-16,5.82551544004548e-16
FEV,85.57199,-1.1997455159378203,0.09691368037756962,-12.379526928124976,3.3732523370191187e-35,6.263776389034316e-35
FEZ1,1880.4453,2.2494620971378514,0.040946401761243464,54.93674658531313,0.0,0.0
FEZ2,1810.5919,0.6588167451667641,0.012374388081092836,53.24034940955086,0.0,0.0
FEZF1,33.736454,-0.8940545044905096,0.08714614405494762,-10.2592548894279,1.0753325888187003e-24,1.784100413638654e-24
FEZF2,10.076232,2.799036699599624,0.14933509248779794,18.743328530287222,2.1945989822974565e-78,5.906125668287365e-78
FFAR1,1.6721522,0.10268598552864766,0.09093209415949828,1.129260097634314,0.25878812829948505,0.27465294813372343
FFAR2,94.39391,-0.8391136633417708,0.04191991299820497,-20.017065955687983,3.910837805677881e-89,1.1418434947052342e-88
FFAR3,14.289824,0.27014675881279476,0.04137291674232999,6.529555566392996,6.596513587952735e-11,9.039403657341976e-11
FGA,23567.963,-0.4512384352554435,0.1285614480432045,-3.509904735234468,0.0004482672657733994,0.0005360198087560577
FGB,14852.2,-0.43165149403937014,0.1282809941078662,-3.364890465975125,0.0007657405124117829,0.0009090210549382793
FGD1,995.7534,0.1041826252184044,0.024071443490793397,4.328058899261738,1.5042924584419842e-05,1.8685716999036215e-05
FGD2,421.83673,-0.004549262009589845,0.028163006248447035,-0.1615332528586397,0.8716734232445296,0.8788391632662496
FGD3,839.1178,-0.3922533956395273,0.029755109282661764,-13.18272407986391,1.1033370385677693e-39,2.137485847197756e-39
FGD4,1288.5964,0.27606687132258684,0.022250432803532248,12.407258490664564,2.386862735023748e-35,4.436605352172782e-35
FGD5,1154.49,0.9596516237769822,0.026551213409797506,36.14341871934436,4.720562524299099e-286,5.8744457476898146e-285
FGD6,1309.388,-0.01732622402952132,0.023745046390127998,-0.729677413337238,0.4655873904697976,0.48309941810175877
FGF10,17.744097,0.9581376185541802,0.07784545563174494,12.30820233215331,8.182544860298938e-35,1.5140273635447249e-34
FGF11,711.3706,0.37849194750188636,0.03750284029204223,10.09235419382886,5.971979229562837e-24,9.809078268226688e-24
FGF12,225.10869,1.0376141196405386,0.042490853340484455,24.419705373436695,1.0563189649185708e-131,4.2882547969645433e-131
FGF13,417.41626,0.7060347155435102,0.035590534090962175,19.837710604146285,1.4072267180110709e-87,4.064944488079937e-87
FGF14,282.65195,0.7537296069351558,0.04135924861476097,18.223967605304907,3.3310300244782913e-74,8.665530317959817e-74
FGF16,1.1061122,2.1835617307113098,0.09876319768847086,22.109062705714802,2.585835854086763e-108,8.766866303639035e-108
FGF17,40.93683,0.36334201434377555,0.0511054543605873,7.109652362742442,1.1633560844400424e-12,1.6429499530462557e-12
FGF18,115.56906,-0.333237108554145,0.04880602115188567,-6.827786832225107,8.623459227088404e-12,1.2011836781902902e-11
FGF19,91.69688,-1.6633457590946372,0.08849327025336934,-18.796296648685622,8.097671752837729e-79,2.1882200586145914e-78
FGF1,968.91113,2.5907494785992977,0.04294641163635116,60.32516757247321,0.0,0.0
FGF20,9.614724,-0.7128889989257639,0.0671187283924794,-10.621312649982244,2.3720185952605404e-26,4.0089595368511826e-26
FGF21,47.594963,-0.6528159608116109,0.14665876354442375,-4.451257770312984,8.5368792531552e-06,1.06587958245423e-05
FGF22,1.3042414,0.07102263309824346,0.05642106653431816,1.25879635853824,0.20810389597994194,0.2223101699158169
FGF23,3.0591643,-0.22905922553645355,0.09513464827084808,-2.40773713573127,0.016051733858264566,0.01818166516192324
FGF2,687.0751,1.7061004361489625,0.03256816246751036,52.38552951370681,0.0,0.0
FGF3,17.283016,-2.5592261213031744,0.13282873018056532,-19.267112753575237,1.0143964446037319e-82,2.820554113041161e-82
FGF4,2.1107626,-1.2188803304191633,0.21695336309792684,-5.6181674854655,1.9299337651796466e-08,2.5336291930160194e-08
FGF5,21.524433,1.6412891164008596,0.06358746153931052,25.811521275875986,6.58362624745295e-147,2.9706570649799336e-146
FGF6,0.18875585,-0.34474001463031373,0.23345778373663886,-1.4766696107216162,0.13976422202723002,0.1512014345210891
FGF7,465.81207,1.5520468738496631,0.03524419467141344,44.03695100199092,0.0,0.0
FGF8,7.211246,-1.0065007458785242,0.07474312919765344,-13.466130688974731,2.4750023138652003e-41,4.861884610959245e-41
FGF9,186.1901,0.12465814992407781,0.056655732945189316,2.200274243114573,0.027787443570041332,0.031164246330770203
FGFBP1,1668.8962,-2.995131541343403,0.07649392226681125,-39.15515707112477,0.0,0.0
FGFBP2,123.655464,-0.2647445085059891,0.050872441668789715,-5.2040849588002,1.949548076665564e-07,2.516857913305911e-07
FGFBP3,169.74681,1.2130841987043772,0.02992618303133417,40.535881152441625,0.0,0.0
FGFR1OP2,1128.2528,0.2884542099034313,0.012407734734165163,23.247934944092723,1.492626098410984e-119,5.516132644318247e-119
FGFR1OP,528.31714,-0.02893717878796302,0.015249071423344144,-1.89763546806295,0.057744118797747844,0.06385381101533585
FGFR1,4924.635,0.6338175562758411,0.028548964441605432,22.201069939761318,3.3537240799755885e-109,1.1440762155533346e-108
FGFR2,2454.3408,0.3169914897670445,0.03512243192285228,9.025328612304753,1.7915685150506777e-19,2.7870820965780355e-19
FGFR3,3048.167,-0.6774588377577202,0.04063077952433086,-16.6735377880712,2.041459681625762e-62,4.821586735292215e-62
FGFR4,1867.4753,-0.5561408285214593,0.046144032923395695,-12.05228050709646,1.8865701201423368e-33,3.434252599783426e-33
FGFRL1,2793.4292,-0.01569375766506616,0.028378004381075586,-0.5530254155409124,0.5802460069009394,0.5964168452817804
FGGY,568.4321,-0.3308971119332003,0.029786321369354617,-11.109029135556186,1.1338555028834167e-28,1.9617714101473173e-28
FGG,14395.276,-0.3898964115061981,0.12712130540388827,-3.0671208910844956,0.0021613142714613223,0.002528135435373804
FGL1,2669.0205,-0.6951720093565481,0.10442025999783937,-6.657443769733311,2.7863094863093755e-11,3.841955626940236e-11
FGL2,1969.7268,0.9420726719977013,0.030908199448846433,30.47970081715199,4.842117963387839e-204,3.334935034391509e-203
FGR,639.8545,-0.23094071426221727,0.029951722801606698,-7.710431743506552,1.2539280474692338e-14,1.825174885138066e-14
FHAD1,116.410706,-0.14437133400362445,0.03743012564807927,-3.857089216344452,0.00011474528976295346,0.00013946861816620712
FHDC1,972.59296,-0.040643501071579276,0.028138173097128974,-1.4444257248430339,0.14861925883559726,0.16049114149652174
FHIT,173.73387,-0.28844756510840625,0.026933123061065753,-10.709770435994594,9.158864265908393e-27,1.5547846042660635e-26
FHL1,7771.1587,1.7611233509638142,0.038878230825114095,45.29844371997979,0.0,0.0
FHL2,3094.8416,-0.17612487610396288,0.029513468844178305,-5.967610145518509,2.407537627481617e-09,3.2138914535373577e-09
FHL3,1153.3083,0.27546670979013194,0.020629185421197734,13.35325191789072,1.1338878902011621e-40,2.2158594314269017e-40
FHL5,111.72076,2.1783709827482043,0.0370272426075918,58.83157452025787,0.0,0.0
FHOD1,1508.2045,-0.06566991142914436,0.017926866680690056,-3.663211904168439,0.00024907232248933735,0.00030024651628636506
FHOD3,969.89813,0.5466860084018013,0.03310420892758665,16.514093709281564,2.904919891015797e-61,6.786924955381066e-61
FH,3777.5813,-0.25971429085761166,0.016338302019668065,-15.896039291290325,6.749964839604315e-57,1.517810185216526e-56
FIBCD1,186.2951,-0.3764006792103644,0.051573657197582085,-7.298312736836726,2.913987051661738e-13,4.148081553963174e-13
FIBIN,938.2535,1.7834943263967329,0.038080199424556996,46.83521497648987,0.0,0.0
FIBP,2840.5146,-0.19814654754392452,0.011241146237715586,-17.62689883698121,1.5313959649720457e-69,3.8363098869036393e-69
FICD,183.74419,0.4529502543782144,0.018694764279111216,24.22872241744834,1.1084421415299003e-129,4.4387831548794726e-129
FIG4,1010.7176,0.21614291349338888,0.012551791582633913,17.22008464452472,1.877134538775758e-66,4.573002521830281e-66
FIGF,117.89593,2.0534082754788976,0.050459055686000995,40.69454427084296,0.0,0.0
FIGLA,0.545504,-0.1678628877900722,0.0815219626332194,-2.0591124448918716,0.03948346793647792,0.04399320948548347
FIGNL1,699.9792,-0.2903380348924418,0.016657121871419614,-17.430264191715224,4.862084358567228e-68,1.2034914949066286e-67
FIGNL2,124.03821,0.37084852745886926,0.03552986651796929,10.43765608495354,1.668802588075554e-25,2.7942389909227906e-25
FIGN,149.9906,0.893518059481,0.034409320801686044,25.96732625530981,1.1588977802332704e-148,5.3008312531496633e-148
FILIP1L,2035.0016,1.2500357532346804,0.02703862078046024,46.231490998906004,0.0,0.0
FILIP1,317.95865,1.3133965241223706,0.033413601474318676,39.30724214604142,0.0,0.0
FIP1L1,1632.2341,-0.011389191898379546,0.01032399342179679,-1.1031769813349386,0.26995031551036175,0.2858883933351776
FIS1,4456.0117,-0.12328469093174985,0.01615697871096814,-7.630429744148776,2.3397244595820205e-14,3.391559293174109e-14
FITM1,39.731785,-0.4874494416700427,0.03565422322072904,-13.671576538137678,1.501073756834688e-42,2.979173388126088e-42
FITM2,155.29588,0.16578657257788776,0.019902352745250155,8.329998704170992,8.084323970251959e-17,1.2148564489988162e-16
FIZ1,958.76434,-0.15106944065710545,0.01136235739385333,-13.295607189651433,2.4547239024253453e-40,4.784655234990676e-40
FJX1,672.125,0.6727431363675692,0.02946069898247432,22.835274097460243,2.047066344394479e-115,7.323181111496609e-115
FKBP10,6279.2485,0.21054302189390203,0.028996470685822517,7.2609878690114025,3.8427341340325537e-13,5.4594713352944e-13
FKBP11,1629.3801,-0.7152681522428652,0.02295236253327027,-31.163160271891776,3.3645380576131346e-213,2.499950011494373e-212
FKBP14,428.8378,0.5187341637348966,0.019487316586146924,26.619065864802163,4.084156979834141e-156,1.9675663027080755e-155
FKBP15,2342.1968,0.07502697624772454,0.010171918777262298,7.3758921881518935,1.6324808333494086e-13,2.334949928773402e-13
FKBP1AP1,47.295986,-0.6887723172190899,0.029678719929386012,-23.207615384284505,3.8144640855240945e-119,1.407880245054116e-118
FKBP1A,11135.393,-0.12955380208418427,0.011585990038492672,-11.181936256958762,4.9987290730165507e-29,8.681890905779214e-29
FKBP1B,265.69037,-0.10408509368692488,0.027434743478455436,-3.7939153237814356,0.00014829026254946953,0.00017977975675844996
FKBP2,3175.1538,-0.4341105270028247,0.01941332550831957,-22.361471599329384,9.338246640902174e-111,3.2272511180126866e-110
FKBP3,2809.0237,-0.14103926383361134,0.01228321206354516,-11.482278666522088,1.619550768838355e-30,2.8646771592337158e-30
FKBP4,9628.735,-0.49848706088801453,0.017793098086482367,-28.0157541123612,1.0445313941332863e-172,5.690557841359265e-172
FKBP5,5307.567,0.4319043386077078,0.02807269975440666,15.385208490320224,2.0571281599909826e-53,4.491749486192236e-53
FKBP6,7.792053,-2.061523019886431,0.050826302946909666,-40.56016078997096,0.0,0.0
FKBP7,525.90625,0.6888406541670504,0.018777953672046207,36.68347819988995,1.3396003909376689e-294,1.7732720649609884e-293
FKBP8,13577.647,-0.14886878699469874,0.01405453346186424,-10.592225448012297,3.238007476900306e-26,5.462594814568555e-26
FKBP9L,277.02625,-0.7754233343285651,0.03390507034485451,-22.870423993862754,9.153948082675476e-116,3.2839687932192074e-115
FKBP9,6893.2915,0.17140237219172202,0.0182698456744043,9.381708813876486,6.491203724268375e-21,1.026761064582238e-20
FKBPL,386.43442,-0.39160756751662945,0.014528467892814196,-26.95449860272735,5.052100935840815e-160,2.509900511292903e-159
FKRP,725.11926,0.10307063108132224,0.011598482998144689,8.886561380295129,6.302923902334254e-19,9.736056731989611e-19
FKSG29,1.6165638,-1.816048652617308,0.07927201986397814,-22.9090750523759,3.772696629620324e-116,1.3572774462350268e-115
FKSG73,0.09452232,-0.5123354892386411,0.32415005936228625,-1.5805503483373713,0.11398088621001336,0.12401992744105937
FKSG83,0.205219,-0.38798645975816176,0.1448198183619405,-2.679097820634519,0.007382082441522789,0.008468098739405142
FKTN,1040.7655,0.3062937798947989,0.01281405707532545,23.902951118002548,2.853795082530495e-126,1.1111190301250402e-125
FLAD1,2199.501,-0.5476556346082785,0.012572192740930454,-43.56086848917869,0.0,0.0
FLCN,1597.7305,0.3518190203555942,0.011902478038721884,29.558468346762297,5.1115844379793984e-192,3.1902742971435494e-191
FLG2,19.174988,-2.8011127268205085,0.07690893696964751,-36.421160364314765,1.9689926998866306e-290,2.524352794520901e-289
FLG,218.97595,-0.9767687114050405,0.04999643136471409,-19.53676862013822,5.346147545419859e-85,1.5114875416914722e-84
FLI1,939.8619,0.45075012765376266,0.025451894501033592,17.709885118196517,3.5178971023028205e-70,8.85082391322085e-70
FLII,7337.6016,-0.0476326596311767,0.012279083219073532,-3.879170682481182,0.00010481319374128541,0.00012751833461090175
FLJ10038,622.83887,0.2069413676295856,0.01741789457931646,11.880963378623612,1.4864426974107813e-32,2.683082443176354e-32
FLJ10213,38.22719,-0.5130264214900924,0.03094422341274962,-16.579069206135436,9.874640471822287e-62,2.3153035283407803e-61
FLJ10357,2864.408,0.7186364675240052,0.02107909726612352,34.09237399738815,9.568655661826637e-255,9.620161018228569e-254
FLJ10661,39.74869,-0.4197726645510955,0.023980862452332437,-17.50448572837994,1.3241755832219642e-68,3.293292291572926e-68
FLJ11235,57.867992,0.42909621320736535,0.02754835159920348,15.576112119164764,1.0579686581116404e-54,2.3358837339220135e-54
FLJ12825,27.106998,-0.1422770676870532,0.03616980385077719,-3.933586929971588,8.368755299104914e-05,0.00010212148713406673
FLJ13197,90.68988,0.3340002812005363,0.029548706224988033,11.303380887725197,1.2626156507851603e-29,2.2068674480026681e-29
FLJ13224,8.292929,-0.5260801495731308,0.03409967063067945,-15.42771938388803,1.065699987027309e-53,2.3337190530159177e-53
FLJ14107,5.474422,-1.1473183394678015,0.04578649213436731,-25.058009163506657,1.4279788443362057e-138,6.05041025844762e-138
FLJ16779,574.849,3.5141457214027514,0.06427850816199332,54.670617316545,0.0,0.0
FLJ22536,70.830795,0.57102839375199,0.033182023972707315,17.208968151601265,2.274483672144572e-66,5.537695895861199e-66
FLJ23867,2108.224,-0.8631630395412588,0.030266961351443293,-28.51832496558491,6.943029457564862e-179,3.94180526287125e-178
FLJ25328,0.13166706,-0.38086420521784403,0.20984052694348315,-1.815017388516295,0.06952123731767738,0.07649064367437278
FLJ25363,0.7227944,-0.6467508999664008,0.18172718969004403,-3.5589110307021556,0.0003723956441106665,0.0004465019386601331
FLJ25758,0.73161703,-0.5591097453902977,0.11015828634124106,-5.0755123736976495,3.8645320535924563e-07,4.960156857841937e-07
FLJ26850,14.968461,-0.1323790082499022,0.048991636918749894,-2.7020735900179442,0.006890850899380769,0.007913517230397848
FLJ30679,2.5152812,-0.31785866142022867,0.036736334655279944,-8.652432650205736,5.041310876515264e-18,7.699050944038277e-18
FLJ32063,29.008167,-2.18790154533663,0.10919381732563993,-20.036862882188903,2.6281906304493963e-89,7.680110958133954e-89
FLJ33360,8.909387,-0.03545780460848093,0.03761916688567413,-0.9425462481994443,0.3459130447292408,0.363312199630758
FLJ33630,851.96326,0.08334485515100355,0.013135380691320106,6.34506582714257,2.223303600859517e-10,3.022653623365536e-10
FLJ34503,2.6424675,1.0227517396914894,0.04868591721563281,21.007137139096326,5.64362612852955e-98,1.7603582710392694e-97
FLJ35024,31.957085,0.24963145197972408,0.036628723352591944,6.815182980218705,9.414386044596685e-12,1.310188567106049e-11
FLJ35220,536.59357,0.11128120189320329,0.018179676402082345,6.12118716703103,9.288072442923581e-10,1.249890057938272e-09
FLJ35390,203.9371,0.027966210932219758,0.025768992512188598,1.0852659807709553,0.2778038685090022,0.29397624403424166
FLJ35776,317.32904,-0.2399609696087031,0.01929145534845592,-12.438717829959339,1.6106861894812354e-35,3.0001793350090096e-35
FLJ36000,6.162147,-0.5355239428502262,0.14545697425603726,-3.6816656306048454,0.00023171517866976227,0.0002795052329978487
FLJ36031,928.3484,0.05730927972388376,0.01865576417647997,3.0719341851531197,0.00212676611846506,0.002488295581048799
FLJ36777,19.760544,0.5033320136611846,0.030885538453800446,16.296688963803707,1.0418532252495512e-59,2.4018899119981446e-59
FLJ37201,26.755934,0.22027164025532256,0.022348379341001517,9.856269078590435,6.439794193399217e-23,1.044184214585972e-22
FLJ37307,16.548958,0.16104868668160627,0.03560766348714934,4.522865892049561,6.100789738394968e-06,7.643444817475886e-06
FLJ37453,264.2732,0.15749019445678109,0.01734779171237331,9.07840012538606,1.101824440540915e-19,1.718009020829631e-19
FLJ37543,5.757859,1.8582268811178504,0.0552413914360376,33.63830694361559,4.622415378360093e-248,4.4265171537174564e-247
FLJ39582,142.34573,-0.01566698874614292,0.02007348201430801,-0.7804818683164075,0.43510729594001163,0.4526494347492436
FLJ39609,2.0869782,-1.0613549835828289,0.0705610839739923,-15.041647942568845,3.9167688138707576e-51,8.385897179681855e-51
FLJ39653,200.73918,-0.48338988454590887,0.018596711256067894,-25.993299454395963,5.895950935079965e-149,2.700464906350799e-148
FLJ39739,46.892845,-2.5799500467960366,0.04632938831200152,-55.687116553785934,0.0,0.0
FLJ40292,7.0706143,-1.2604762165460244,0.04328655022877603,-29.119350234292522,2.0425073052139703e-186,1.2277356429539775e-185
FLJ40330,110.108444,-0.8260803129869982,0.04178363171690331,-19.77042873113427,5.351923734492222e-87,1.537894358652465e-86
FLJ40434,0.43783906,0.02826175775072983,0.17663055442261527,0.1600049201176672,0.8728771984612913,0.8799656788053196
FLJ40504,0.7225471,-0.46657081202099915,0.07262783015156797,-6.424132609322162,1.32623552491518e-10,1.8087372087183913e-10
FLJ40852,68.923546,0.5787931973881902,0.024171075280697948,23.94569503700943,1.0245463679806616e-126,4.0035968341109955e-126
FLJ41941,3.3230634,-0.3399841118712868,0.06273930753814017,-5.418996881095721,5.993436305005032e-08,7.801813921585514e-08
FLJ42289,46.21154,-0.1801299756140349,0.02998392628326531,-6.0075513097352236,1.8834621081519897e-09,2.5204025936549466e-09
FLJ42393,11.002968,-0.8443312963011951,0.06310043340737856,-13.380752725582143,7.834986201528813e-41,1.5330368484086988e-40
FLJ42627,142.78816,-0.4160575045040634,0.024991518421676854,-16.647948215230823,3.131560451349439e-62,7.38337454881566e-62
FLJ42709,279.99445,1.3810205357823375,0.02998001045556426,46.064711612734655,0.0,0.0
FLJ42875,97.31641,0.9946616393563894,0.05642255974661481,17.6287932313469,1.48094268956006e-69,3.7103756112174824e-69
FLJ43390,37.696278,3.021329172100125,0.08162165569395197,37.016269106680234,6.268651398018689e-300,8.675966948488274e-299
FLJ43663,267.27258,0.3249944228029355,0.02242931088653651,14.48971947675921,1.407163246816584e-47,2.9221171503405585e-47
FLJ43859,0.33062252,-0.8388855545713968,0.15991832376959156,-5.245712528728435,1.5567948298912532e-07,2.0132621445566934e-07
FLJ43860,1.1798434,-0.2750904910789006,0.08015823046462417,-3.4318433613664276,0.0005994937048258967,0.000713998615686816
FLJ43950,0.69362855,-0.2115202961920305,0.08342727580238953,-2.5353853899418843,0.011232367685851565,0.012809756537993053
FLJ44054,2.3646245,0.3600107096301808,0.05883142848991227,6.119360329520322,9.39517379541809e-10,1.2641355052601736e-09
FLJ44082,0.23505136,-0.7000410312580168,0.2997426836206083,-2.3354732892966155,0.01951870968957259,0.022019250322491735
FLJ44606,88.54084,-0.3654191392584899,0.021663552505070006,-16.86792317063277,7.747270008974241e-64,1.8506003767770336e-63
FLJ44635,71.13958,-0.2568184409443816,0.026666702180382328,-9.63067870961986,5.933625167299986e-22,9.50154748946519e-22
FLJ45079,1.5296656,-0.27496028993732174,0.05888886560862891,-4.669138844763757,3.024649162305434e-06,3.8112788447964555e-06
FLJ45244,143.73477,-0.1449063824600992,0.02415772840565492,-5.998344712997893,1.9933901587458844e-09,2.665578341011984e-09
FLJ45340,2114.421,-0.2922569774062528,0.01906942247216265,-15.325948010899992,5.130058183725346e-53,1.1166775854000247e-52
FLJ45445,665.34045,-2.46438918251548,0.04112713588247534,-59.921244930784965,0.0,0.0
FLJ45983,131.45511,-0.963363306103924,0.07646002329164704,-12.599568567083704,2.1230259094778634e-36,3.9869647164523405e-36
FLJ46111,9.952021,-0.9141092195315252,0.03899622725023539,-23.440965549456003,1.6343989115337881e-121,6.125686200279159e-121
FLJ46321,0.65345836,-0.9087789787446567,0.17717750059167875,-5.1292008054624185,2.9097483171525015e-07,3.7431799563318446e-07
FLJ46361,0.28814283,-0.3860128628143625,0.13831135719889354,-2.7908978021180935,0.0052562065719477715,0.006059862370365518
FLJ90757,1550.3162,0.3651654700565658,0.01880458203953621,19.41896231933332,5.335716418271879e-84,1.49792954439599e-83
FLNA,55983.297,0.9795302170909695,0.025049735077035576,39.10341622690281,0.0,0.0
FLNB,17362.482,-0.08139882257882781,0.02090325727198746,-3.8940736134894496,9.85747141181455e-05,0.00012000733150339797
FLNC,4088.8484,2.099724684995197,0.044417171638451755,47.272813813689,0.0,0.0
FLOT1,9107.878,-0.03663853305155992,0.01330572202857911,-2.7535922494746776,0.005894515559912893,0.006783474211987259
FLOT2,7080.5566,-0.27695990501174667,0.013076407903424613,-21.18012125785805,1.4565704397685848e-99,4.594007371533481e-99
FLRT1,223.1975,0.8195887174205769,0.047438690080408324,17.27679908596503,7.034519786116077e-67,1.7230003407788405e-66
FLRT2,840.6861,1.0310691603138464,0.03563171768405323,28.936835699483986,4.1096157022988785e-184,2.426556440925257e-183
FLRT3,1146.4478,0.5761271033152211,0.04075053832625935,14.137901656724102,2.2179981189262142e-45,4.5246717137493784e-45
FLT1,3531.111,1.4755817444196606,0.028669239775760042,51.46916192968852,0.0,0.0
FLT3LG,293.9159,-0.13850355271560605,0.020689259621399846,-6.6944663680640115,2.1646005958885287e-11,2.989357178923793e-11
FLT3,238.10349,-2.10925485913594,0.055526112495396115,-37.9867194792509,0.0,0.0
FLT4,851.7397,1.0902848961325287,0.026723970105199724,40.79801361252048,0.0,0.0
FLVCR1,390.97913,-0.3395503242823121,0.020436240814455782,-16.615106827383233,5.4178252732913906e-62,1.2741308159748114e-61
FLVCR2,511.5395,0.3342853980660332,0.025892169717269726,12.910675378551584,3.918490105034868e-38,7.479518099419172e-38
FLYWCH1,1907.569,-0.09485899191755637,0.01526346184290315,-6.21477571037803,5.139801237683686e-10,6.949210612166433e-10
FLYWCH2,1127.3971,-0.2763098203281738,0.016358497952286815,-16.89090411198465,5.2492416858227385e-64,1.2549238079105817e-63
FMN1,179.75758,0.10974322887820508,0.03977465683976099,2.7591244676308446,0.005795645596328576,0.0066715791414482355
FMN2,344.91162,2.393074782765023,0.06464283991427522,37.019951257379006,5.469327463899219e-300,7.579988961029557e-299
FMNL1,1621.267,-0.3273511859738184,0.025881222658257323,-12.648211805765602,1.1445014395562459e-36,2.1552959770535204e-36
FMNL2,3031.0725,0.8333699210788746,0.022856978016752676,36.4601969896488,4.742272420086229e-291,6.106763074037668e-290
FMNL3,2283.7605,0.7099666672457567,0.017926452201077567,39.604415825406896,0.0,0.0
FMO1,489.40726,1.3592421707205622,0.053323433424070345,25.490522335851626,2.5109787599470054e-143,1.0989040536062142e-142
FMO2,878.78033,1.1221292003208747,0.04843087452599196,23.169707574011465,9.202362928397925e-119,3.379955021815864e-118
FMO3,1155.575,0.185078972129718,0.055861222416718204,3.3131923026862973,0.000922375366129977,0.001092035361656211
FMO4,321.19662,0.4067908663301885,0.02769433046494025,14.68859725080435,7.627649501389654e-49,1.6030898750778566e-48
FMO5,1146.6954,0.21025900218125118,0.04581393452891323,4.589411591544412,4.444972068023378e-06,5.5833653956618924e-06
FMO6P,11.39576,-1.7269327832731047,0.0751652313164752,-22.975154243882226,8.260699923896747e-117,2.985083240159991e-116
FMO9P,19.828753,-3.189406085093755,0.12339884021407273,-25.846321404324083,2.6761858535039204e-147,1.2113043083923145e-146
FMOD,4342.421,0.5532279427302499,0.03541973719042104,15.619199537140146,5.387777227274055e-55,1.192539210372608e-54
FMR1NB,1.7505124,-0.9483011420181477,0.09750557606402815,-9.725609347668843,2.3449713722436865e-22,3.7755059049038526e-22
FMR1,2650.7695,0.2286079257964948,0.012080420904814133,18.923837803150793,7.257256795660532e-80,1.9747459382899328e-79
FN1,136178.25,1.1071475443897782,0.037615129843006155,29.43356965696164,2.0433244562746019e-190,1.2598438099725809e-189
FN3KRP,2024.4568,0.004772152403502352,0.011502571944639679,0.41487698807449985,0.678231956537005,0.6920671813921854
FN3K,1555.6868,-0.1284135230961332,0.025555947177698934,-5.02479998895097,5.039574752816565e-07,6.452062784089577e-07
FNBP1L,3368.4976,0.2899774754162528,0.018957353597523853,15.296305674971887,8.092149478128761e-53,1.7575002264265355e-52
FNBP1,3437.8247,0.3017738399861145,0.01919463250241512,15.721782636273165,1.0726276130860182e-55,2.3884529776679695e-55
FNBP4,2509.1536,-0.07682007338023786,0.012783512937729086,-6.009308533142884,1.863162554585215e-09,2.4937299617908353e-09
FNDC1,1955.4703,1.3205800828674719,0.045953024499200266,28.737609705982557,1.2938092000475863e-181,7.510881523743602e-181
FNDC3A,3831.8967,0.44345700559635404,0.016620903280914024,26.6806802314758,7.888293697643073e-157,3.8192097833606494e-156
FNDC3B,4701.635,0.1595036661220143,0.018601695754148544,8.574684170202163,9.935907211243311e-18,1.5128646691623855e-17
FNDC4,706.0457,0.627514329092751,0.036079265092281376,17.39265828967781,9.378189708233138e-68,2.315994229377953e-67
FNDC5,328.4615,0.5258753282896269,0.0450311628690685,11.678031274001276,1.6507455818457494e-31,2.9519129820639095e-31
FNDC7,2.1958683,1.3758942284790059,0.06926161544393789,19.86517668783931,8.146496310619911e-88,2.356222736012371e-87
FNDC8,23.523586,-0.04109944400053059,0.019934324261754253,-2.0617425231405244,0.03923225579901281,0.043720482555810486
FNIP1,1456.8607,0.32928606571586333,0.013862779537406153,23.753249831849786,1.016980001475261e-124,3.913191428848014e-124
FNIP2,1433.8375,0.6876249599016464,0.025160009316947604,27.330075726103452,1.863249812163802e-164,9.593804483015389e-164
FNTA,3260.5413,-0.036178650660370064,0.011334729957559832,-3.191840546341405,0.0014136935186228597,0.0016635677906272931
FNTB,1493.1328,0.11490386850911762,0.011658765704959965,9.855577461363195,6.484287258396319e-23,1.0512311219437066e-22
FOLH1B,64.84581,-0.0619045739190592,0.07547682442091043,-0.8201798948752391,0.4121135615755124,0.4298048255783954
FOLH1,1795.8724,-0.14670146799431874,0.05319219597213001,-2.7579509609113106,0.005816492295183707,0.006694819461648863
FOLR1,1710.0784,0.031176429575037842,0.061454377304909755,0.507310153357409,0.6119372155522429,0.6276287038502828
FOLR2,776.56476,0.7826496914613934,0.03288803095172583,23.797401936594905,3.5531741252631114e-125,1.3723974960393035e-124
FOLR3,26.127892,0.10091610529722043,0.06577546681329728,1.5342514494601664,0.12496780477971504,0.13566276727685928
FOLR4,0.79326236,-0.1922748198474098,0.07547520557368764,-2.547522969774343,0.010849071059060175,0.01237956718369051
FOSB,6427.7275,0.966827201755065,0.04560339234588977,21.200773714857313,9.39393837667067e-100,2.9688170042011512e-99
FOSL1,928.8794,-0.7424334727074973,0.040986076828334134,-18.114284902580497,2.458462371450477e-73,6.344509496813318e-73
FOSL2,5064.1646,0.04956712521224621,0.023601211416243974,2.1001941102959956,0.03571176926782183,0.039864892560784335
FOS,18160.414,0.5520148355997992,0.033288258992021764,16.582868924809233,9.269591952278561e-62,2.1744397114464713e-61
FOXA1,3368.8496,-0.32377167718844435,0.06219754420342666,-5.205537957085559,1.9343540154572833e-07,2.497559195883741e-07
FOXA2,581.975,-0.9480130978180132,0.07519027656544795,-12.608187402966037,1.9031990047027883e-36,3.5761170776875e-36
FOXA3,497.38556,-1.0132760126581477,0.061696458694396085,-16.423568452725213,1.297089423957489e-60,3.014548354149603e-60
FOXB1,4.688922,-1.4266692990957193,0.08965135991765492,-15.913526581260117,5.105481527773429e-57,1.1490437588319614e-56
FOXB2,1.7215809,-0.5806774520494469,0.15026557340215121,-3.8643412386641436,0.00011138941076203479,0.00013543818763164515
FOXC1,993.6784,0.21329213399744143,0.032047215323463114,6.655559050751012,2.8222521249577825e-11,3.8909887595324366e-11
FOXC2,55.063267,1.0833654164660016,0.0420865943838103,25.741341924371678,4.029685527470054e-146,1.8058632545402342e-145
FOXD1,216.79648,0.23769245757020313,0.047172897146576534,5.03875046791467,4.685809220168626e-07,6.003674632688047e-07
FOXD2,147.4472,-0.5109801640782395,0.03208385942469953,-15.926393309305713,4.1565068362172184e-57,9.365020216749264e-57
FOXD3,63.565155,0.07504540718672496,0.06751433738108527,1.1115477111643783,0.2663326653014051,0.2822774081353171
FOXD4L1,18.127615,-0.4539268536700596,0.026465706248014267,-17.15151106931514,6.123914993291549e-66,1.4860165119001506e-65
FOXD4L2,13.114747,-0.4843409285742373,0.03570936568301726,-13.563414507936253,6.599118759851242e-42,1.3023600119407855e-41
FOXD4L3,2.9785082,-2.3364754828130976,0.06911407287822482,-33.80607429878772,1.6058264559416075e-250,1.5657577019403827e-249
FOXD4L5,1.9477537,-2.576237304676078,0.08933825854101118,-28.836887429291487,7.399319400892837e-183,4.337539409236316e-182
FOXD4L6,8.329982,-0.48913834871551726,0.0361926861317969,-13.51483962627983,1.278339727207885e-41,2.516750653343519e-41
FOXD4,34.018696,-0.4122770662214767,0.02747117568743861,-15.007623660242299,6.545085195025604e-51,1.3983774738747642e-50
FOXE1,1128.2899,0.5824448523132588,0.08676533949120462,6.712874700067314,1.9082697303380286e-11,2.6380432837612495e-11
FOXE3,9.041272,-0.8556431071086978,0.053166561201319615,-16.093632685189736,2.827490238450499e-58,6.444791061868978e-58
FOXF1,402.80704,1.214008306554075,0.03820227890251186,31.778426351268063,1.2860147379592608e-221,1.0140191343963048e-220
FOXF2,288.68207,0.5778073657024256,0.038642719301557035,14.95255448234317,1.4988746876309182e-50,3.193009288006473e-50
FOXG1,208.40047,2.14315133462274,0.09632437475803268,22.249314776310225,1.1452908183366046e-109,3.9201371503891954e-109
FOXH1,47.326946,-1.2674456883868694,0.04369621888727661,-29.005843541211345,5.55272446118845e-185,3.303562750009809e-184
FOXI1,131.03725,0.6175473296029295,0.0882456101311108,6.998051559566637,2.595465844277168e-12,3.646476373172235e-12
FOXI2,21.368418,0.422726062108488,0.06249251368200876,6.764427244189866,1.3383759427094771e-11,1.8557512645659772e-11
FOXI3,13.92565,-0.6948246979137169,0.10632913941449493,-6.534659282862563,6.375451150451419e-11,8.738827844343933e-11
FOXJ1,1023.66406,-1.1315779350059176,0.05807877764676134,-19.483501217746756,1.5155242441003659e-84,4.268754577426583e-84
FOXJ2,1664.3741,0.27083937736766245,0.011868234347344093,22.820528264027043,2.86815121453166e-115,1.0246129246648546e-114
FOXJ3,3081.5535,0.3286173821541167,0.013523603939933022,24.299542016589417,1.9822957924009735e-130,7.969502377071765e-130
FOXK1,3008.0073,0.016449499632600024,0.016529355900935478,0.9951688215309746,0.3196541630155546,0.33649633427268233
FOXK2,3495.8113,-0.2510112751781193,0.010576629714668532,-23.732633357675027,1.6606323463669027e-124,6.3814295846892735e-124
FOXL1,154.10242,-0.1615982058609841,0.038647723402506634,-4.181312419828152,2.8983130211234295e-05,3.575516863421918e-05
FOXL2,68.74258,-0.3319949840617665,0.06158618374591339,-5.390738049811316,7.016889595297247e-08,9.122987117354662e-08
FOXM1,2624.737,-0.6535431821824194,0.03149886799510566,-20.748148228182927,1.2740469542727903e-95,3.896398068505293e-95
FOXN1,142.9898,-2.6769731505659276,0.06865337786007093,-38.99259197445644,0.0,0.0
FOXN2,1127.5476,0.13125372717912157,0.018095782309441644,7.253277307090433,4.0680599005424105e-13,5.777178537607627e-13
FOXN3,3528.435,0.5692253658826694,0.01604809159127174,35.46997240421163,1.4278335393187565e-275,1.6516626719881003e-274
FOXN4,36.407433,-0.7466911126906973,0.07093057877496481,-10.527069221578726,6.48213055035845e-26,1.0893082614506618e-25
FOXO1,1762.0835,0.6281698164143854,0.018164022270699298,34.58318906752813,4.5213828655888854e-262,4.754691826473354e-261
FOXO3B,1573.5116,0.35793855091128085,0.013467648127735292,26.577658364428288,1.230541519810797e-155,5.912814444613646e-155
FOXO3,3558.8914,0.345466754271192,0.01464031478663604,23.596948515515574,4.142419873384294e-123,1.574305137245302e-122
FOXO4,1144.8118,0.3577609322906329,0.016214974801826338,22.063613213283393,7.070357982024193e-108,2.3907227728953756e-107
FOXP1,2723.9385,0.07611886836910461,0.019668804373840155,3.8700302734386853,0.00010882183926902734,0.00013235580534548823
FOXP2,116.6813,1.1195651949810592,0.04521769409792962,24.75944908991546,2.4527374925394546e-135,1.0186716158835324e-134
FOXP3,152.47949,-0.49908461864528747,0.03159811710460748,-15.794758181097867,3.380872119969574e-56,7.55556262244353e-56
FOXP4,4746.845,-0.2084576262898573,0.021007164165977914,-9.923168336422306,3.301077509024535e-23,5.366227803116458e-23
FOXQ1,1278.111,-0.9724042047077087,0.04794908710889753,-20.279931555303115,1.9340021495100435e-91,5.733850263852479e-91
FOXR1,2.499308,-1.4254308099712838,0.136072849093485,-10.47549764311896,1.1194725358567597e-25,1.8784588607523096e-25
FOXR2,2.219357,-0.12483437381167761,0.21963558607046313,-0.56837043598039,0.5697834606264067,0.5861954355901265
FOXRED1,1252.7739,-0.24671601433126658,0.014545939168562578,-16.96116087605273,1.591684709246666e-64,3.819555515741734e-64
FOXRED2,1996.1512,-0.0353017658620816,0.021048241948855316,-1.6771835836864963,0.09350658818122626,0.10227801153933194
FOXS1,164.01506,0.44766872347327497,0.02998305904974644,14.930722136474623,2.0800127068718333e-50,4.426821942212383e-50
FPGS,2611.4514,-0.4556866245208925,0.012898048741581498,-35.329888547546176,2.0419347847117597e-273,2.335491588873411e-272
FPGT,753.1172,0.14194936876943892,0.01292105302770714,10.985897857167764,4.467738082729041e-28,7.673247817300535e-28
FPR1,441.0318,0.8174537441228485,0.03377695449592858,24.201523089400588,2.1440789353902132e-129,8.557401106765212e-129
FPR2,69.12029,0.5005426112917516,0.045332287953163956,11.041635749973576,2.4061249361810032e-28,4.14575978128885e-28
FPR3,839.2112,0.40888383289518954,0.03020013844445669,13.539137697901552,9.186089717342597e-42,1.8101006635247574e-41
FRAS1,1202.944,0.6780407588068441,0.0382561679301802,17.72369778500317,2.7521227225669314e-70,6.929318143549364e-70
FRAT1,332.45926,-0.1548034709947949,0.01917912126350176,-8.071457960349255,6.94636403400242e-16,1.03099092635602e-15
FRAT2,959.4479,-0.6790296211431527,0.019301427979470154,-35.18027898585527,4.0046735315921356e-271,4.504483338656591e-270
FREM1,297.13016,1.0287597888144004,0.045718919480889936,22.501839511854868,3.9820070023275082e-112,1.392471325324386e-111
FREM2,782.77496,0.7422165727572048,0.049707153325690666,14.931785932178844,2.0470906251839156e-50,4.357210458768357e-50
FRG1B,536.75854,0.26631670860185286,0.015204083100816149,17.516130820644957,1.0792001186022512e-68,2.685666203963236e-68
FRG1,1289.6793,-0.03491113670155556,0.011141907563801812,-3.1333177466824425,0.0017284222091996971,0.0020277139424395895
FRG2B,2.0628574,0.7591031640386259,0.10027163080872885,7.570467917158324,3.718822703765613e-14,5.37685614842441e-14
FRG2C,4.246183,0.633186479191842,0.07112103300113097,8.902942666507291,5.438527467816032e-19,8.408488815102263e-19
FRG2,1.5883603,-0.3235915463017395,0.13557908297312035,-2.3867365024580827,0.016998669905645823,0.01922964497466485
FRK,225.40204,-0.08465359860934522,0.03155753297743992,-2.6825163636797282,0.007307057691731211,0.008383453792389728
FRMD1,56.844856,-0.902667436216857,0.07752466922887735,-11.643615447773108,2.473053040696646e-31,4.413085007936105e-31
FRMD3,232.74242,1.9681101136823254,0.04067887128583206,48.38163035186754,0.0,0.0
FRMD4A,1454.1492,0.6873882606454584,0.019975374020508103,34.41178422690549,1.6804458171369587e-259,1.7419651930290906e-258
FRMD4B,1481.4713,0.33543237044212104,0.02085302542683621,16.08554939037507,3.221815333312881e-58,7.337017714867668e-58
FRMD5,162.4204,1.3008279016692057,0.04659953648657984,27.915039499241153,1.7525986661638983e-171,9.472035106034193e-171
FRMD6,2330.6611,0.3179602815048372,0.03094534465794098,10.274898697024026,9.144045084272728e-25,1.518091934034971e-24
FRMD7,8.011861,1.9114461098217537,0.06603465994964039,28.94610362617856,3.141758364516323e-184,1.8588508730946766e-183
FRMD8,2523.697,-0.3511107597467591,0.014212317520580706,-24.704680235177644,9.525371357943423e-135,3.939204458183428e-134
FRMPD1,69.910576,0.6070685895247067,0.04677340288375586,12.97892717007208,1.6112159116748075e-38,3.088770691693729e-38
FRMPD2L1,3.52085,-1.0300369198687038,0.15236745651920341,-6.760216015937003,1.3778615076006741e-11,1.909850383526833e-11
FRMPD2,23.815401,0.49012881987178036,0.06173928947011644,7.9386857879052295,2.043346775946341e-15,3.012127797515861e-15
FRMPD4,25.980042,1.7048829640932435,0.0720095950012235,23.675774930608565,6.406880086003642e-124,2.4513751488620216e-123
FRRS1,263.6318,-0.3372029657973887,0.0322203521776557,-10.46552700411616,1.2438245568004258e-25,2.0857445146116355e-25
FRS2,1834.2544,0.5367957351281867,0.01951805921394362,27.502515964533096,1.6381157917839423e-166,8.542622798393771e-166
FRS3,328.4448,0.09323483087526052,0.01568380895800664,5.944654842767886,2.7703998171038135e-09,3.6951369153836833e-09
FRYL,2662.9238,0.15139626766942482,0.01555560353089924,9.732587190763462,2.1895198419496244e-22,3.528012224950725e-22
FRY,1435.0082,1.0162822081882918,0.026699247693115942,38.06407655637156,0.0,0.0
FRZB,1152.4125,1.0209148993024622,0.03591631511486699,28.424822981906367,9.979946697714243e-178,5.615857789352247e-177
FSCB,0.33392307,-0.40078425968264225,0.11145447662210996,-3.595945823167914,0.0003232150673849743,0.00038824329204617926
FSCN1,8687.99,-0.3049118887206603,0.031970472193249146,-9.5372970057366,1.4660350415019019e-21,2.3354465891969657e-21
FSCN2,45.395817,0.2161924972647469,0.03693237452901856,5.853739436517405,4.806414514995664e-09,6.383156758695154e-09
FSCN3,4.978672,-0.2896932136844809,0.0310974121384884,-9.315669496688946,1.2118581905538832e-20,1.9127235368235143e-20
FSD1L,184.38002,0.5036700247638177,0.024260799834177758,20.760652089230184,9.822480301271363e-96,3.007141878013342e-95
FSD1,188.16794,1.1642209860076793,0.053954532342060046,21.577816273650015,2.9025612848931017e-103,9.454919231862185e-103
FSD2,2.8884768,0.378207153347129,0.052326678779636336,7.227807347373891,4.908543603747772e-13,6.966887843607145e-13
FSHB,0.28533897,-0.4442193872298147,0.16015638111408387,-2.7736602446916234,0.005542953394330976,0.006385028185763513
FSHR,1.3631824,1.0324123427647642,0.11330312760649361,9.111949198352004,8.091493759849987e-20,1.2628188689673123e-19
FSIP1,102.102425,0.022200588745726915,0.04425492812761157,0.5016523511621185,0.6159120873608123,0.6315782304109386
FSTL1,15031.516,1.1142694616479665,0.026158070478171692,42.59754031084971,0.0,0.0
FSTL3,2281.6125,0.32492143476631746,0.029935126214030865,10.854186230690548,1.9049598958838925e-27,3.254979313495608e-27
FSTL4,260.59924,-0.8031592805467674,0.046198422019655835,-17.384993803577334,1.0719891855428638e-67,2.646050900638599e-67
FSTL5,95.77202,1.4388929658457568,0.08400327224615017,17.129010898878413,9.017474546751983e-66,2.184256565107955e-65
FST,706.1135,-0.7225678249702436,0.0503878116956767,-14.340131088333019,1.228232321787821e-46,2.5306731949477027e-46
FTCD,878.5373,0.056261873262585894,0.0768554211718805,0.7320482069412003,0.4641391446165226,0.48162124593515715
FTH1,82381.414,-0.15298783402626762,0.016947318133373832,-9.027259228998208,1.7602507214000344e-19,2.738989944740393e-19
FTHL17,5.204984,-2.8772945729574757,0.23291367691981735,-12.353480529818825,4.6648690680660096e-35,8.650338770084332e-35
FTHL3,1285.2174,-0.8736191291872081,0.030888279061686407,-28.28319206267593,5.56331674129878e-176,3.092942805464278e-175
FTLP10,0.12515989,-0.7095520831366376,0.2732415715886506,-2.596794034711626,0.009409832946221858,0.010758397762235682
FTL,141670.08,-0.2809140057074894,0.024124018104578124,-11.64457780166311,2.4452961091690955e-31,4.36470134022213e-31
FTMT,0.47314382,-0.6857000211280533,0.20318596243754097,-3.3747411135197707,0.0007388516070812314,0.0008774590135079502
FTO,2520.1594,0.6998424396187869,0.015376679422586253,45.51323601055332,0.0,0.0
FTSJ1,1811.7362,-0.2578057721111158,0.011353242044834039,-22.70767866068907,3.761963419728613e-114,1.333852547235368e-113
FTSJ2,1558.0311,-0.14306968522413915,0.009284951840742801,-15.408769768340932,1.429065257789861e-53,3.1260706547054666e-53
FTSJ3,2929.8472,-0.08411400775927251,0.011145685874563632,-7.54677717512523,4.461609609991939e-14,6.442578200569252e-14
FTSJD1,1152.3079,0.13147031747392052,0.013163792236934976,9.98726773467611,1.73292456661268e-23,2.826972055422079e-23
FTSJD2,2711.4802,0.04084277527280768,0.009611799363365642,4.24923302378487,2.1450369090980692e-05,2.6523417207608616e-05
FUBP1,3028.7769,-0.026814040071345344,0.011893009459258919,-2.254605124396848,0.024158125521488886,0.027159714920315436
FUBP3,2655.0374,0.3381393739477442,0.009942581960528952,34.00921162029375,1.6282495098893364e-253,1.621797053416683e-252
FUCA1,3634.6775,0.049667329643519074,0.02126800252336464,2.33530768058521,0.019527353228867426,0.022026560163250702
FUCA2,3413.4077,-0.09740927313037848,0.015466024074879944,-6.298275022640854,3.009761579039935e-10,4.083143598832147e-10
FUK,1133.241,-0.24873417307528028,0.014967452099793246,-16.61833767142747,5.133642293262217e-62,1.2077169337708051e-61
FUNDC1,768.36945,-0.09884980863631081,0.012429773311329995,-7.9526638306595,1.8254319112462115e-15,2.6932363418408304e-15
FUNDC2P2,11.358147,-0.3762653611583982,0.03250309798253784,-11.57629224637434,5.4346137337958265e-31,9.664858578472154e-31
FUNDC2,3022.7717,0.15585927818838272,0.012939278828236271,12.045437791190068,2.0498522062841572e-33,3.7308189761969566e-33
FURIN,9073.662,-0.2829272073502996,0.020543883710648587,-13.771846226117843,3.764677856100985e-43,7.517171093797562e-43
FUS,11127.049,-0.06983878285831914,0.010764670678603117,-6.487777001588849,8.711208416491703e-11,1.1917181303007297e-10
FUT10,286.72458,0.17268047111530443,0.01591535010567366,10.849932296101086,1.9957312190096274e-27,3.40922066519693e-27
FUT11,467.19608,0.5334453554601724,0.01772964421185395,30.087764260013383,7.005130993258979e-199,4.618441123437809e-198
FUT1,354.69855,-0.505975456020918,0.02628841866131773,-19.247086047265327,1.493294128481081e-82,4.1476091625847655e-82
FUT2,736.07654,-1.5943354079459073,0.04110510049743181,-38.78680233479831,0.0,0.0
FUT3,1061.775,-2.0210118602801015,0.05369428826592655,-37.63923362333866,4.90807607548675e-310,7.304350937195523e-309
FUT4,891.3029,-0.824077718930373,0.029039748469618955,-28.37757771189077,3.824678579501401e-177,2.143905044054764e-176
FUT5,40.150867,-3.6659359733106225,0.06971564768099181,-52.58411985334178,0.0,0.0
FUT6,577.1257,-0.8937191651281925,0.0595062065348498,-15.018923523629185,5.51968256486967e-51,1.1800400854581707e-50
FUT7,55.598793,-1.396690755375665,0.0356290410220518,-39.200907891717165,0.0,0.0
FUT8,1624.0387,0.13872742264936022,0.021750235379404254,6.378203280536636,1.7917758539078924e-10,2.4397247598789984e-10
FUT9,270.44427,2.2886232709259064,0.076501335854698,29.9161216644998,1.2143480932757843e-196,7.866023808781958e-196
FUZ,812.6549,0.12928914576525816,0.020913691828195354,6.182033608765025,6.32810485112978e-10,8.541661915013671e-10
FXC1,1770.6583,0.09939405520783996,0.010757075426995886,9.239877128536376,2.4678045923837674e-20,3.879693721725183e-20
FXN,563.4855,-0.13525712686379499,0.013936002905026255,-9.705589743742964,2.854208867713235e-22,4.591043559909437e-22
FXR1,5032.057,-0.05197657942210393,0.012350828885337142,-4.20834746433985,2.5724509095797036e-05,3.176980774530372e-05
FXR2,2037.1246,0.18551203270658057,0.0114051541874632,16.26563128015398,1.7307410189047591e-59,3.982386573675632e-59
FXYD1,458.1845,0.828779467947184,0.05061128157902779,16.37538987533981,2.8666462355611643e-60,6.641107272393007e-60
FXYD2,3409.6653,0.4239008521056038,0.07603562459738948,5.575029525306978,2.4748788729375062e-08,3.2435984919618054e-08
FXYD3,7919.911,-1.6787968567101645,0.05417572846172412,-30.987988613688085,7.824859261964116e-211,5.687479818433682e-210
FXYD4,77.53727,2.0013601533465364,0.10204068880881659,19.613354013086724,1.1892468549876623e-85,3.38249185815784e-85
FXYD5,4697.822,-0.514572868421279,0.02594782759034632,-19.831057788156482,1.606261041345475e-87,4.635932597214704e-87
FXYD6,4824.405,2.0281789732116025,0.03806140597069068,53.28702189229186,0.0,0.0
FXYD7,63.278713,1.9212035545442,0.055093148746073746,34.871914172106855,1.9820704220891385e-266,2.155607463852178e-265
FYB,1299.3268,-0.17494558522279313,0.0318222497891963,-5.497586951950437,3.850234776000559e-08,5.027703790943197e-08
FYCO1,2671.8164,0.48281654730570633,0.01814606795572094,26.607226892561478,5.599242078318625e-156,2.696191330948176e-155
FYN,2995.738,1.4033064099322272,0.026231138809016136,53.497731080203216,0.0,0.0
FYTTD1,3526.2815,0.1047866860129409,0.012839104159889403,8.161526280026967,3.30817391953519e-16,4.933063270183619e-16
FZD10,401.16153,-1.4132535277953704,0.04782198283874196,-29.552382479850948,6.120141717972159e-192,3.8185708009866744e-191
FZD1,2935.0002,0.8418258425163484,0.027328991602319556,30.80339936307413,2.3596790906181037e-208,1.680920455069768e-207
FZD2,432.56134,-0.03967207442074286,0.029541403692749484,-1.3429312578833146,0.179294233868607,0.19251364945577606
FZD3,372.3231,0.31643767808091977,0.023978844841347068,13.196535536827936,9.186370412247517e-40,1.7813631319453967e-39
FZD4,2568.0776,1.2070008233079044,0.027655368656927828,43.64435847090195,0.0,0.0
FZD5,1695.982,-0.123381760713522,0.02868669439762062,-4.301010043309686,1.700213532183491e-05,2.1087205179240748e-05
FZD6,2361.9495,-0.2869951059045652,0.025390498403960893,-11.303248220593977,1.2645250801227845e-29,2.2098254168428987e-29
FZD7,1525.8691,0.5912017577142938,0.028656953306863728,20.63030746442585,1.467143323026232e-94,4.449511531877113e-94
FZD8,707.07837,0.16202171668124216,0.029269745038087595,5.5354673049051,3.103996356224227e-08,4.060544998802868e-08
FZD9,92.643036,-0.5230194979113265,0.04306743637340817,-12.144198539624776,6.158307081380274e-34,1.1288104246855227e-33
FZR1,2551.1394,-0.20762137620362783,0.010716120813057442,-19.374676697433657,1.2625196479411186e-83,3.538009292833205e-83
G0S2,1100.9167,0.43154629503757785,0.040750919337783735,10.589854218023827,3.3210866080335646e-26,5.600430899772661e-26
G2E3,844.3809,0.029855554403881854,0.015865113398923908,1.8818368109431152,0.05985817609660501,0.06614843441083328
G3BP1,4955.039,-0.06528438594236134,0.011015212672994035,-5.926747660752741,3.089932322776696e-09,4.118628529488723e-09
G3BP2,6555.249,0.2467100703456268,0.012175749048221897,20.262414194686077,2.7608785645194483e-91,8.175814792007483e-91
G6PC2,7.7704086,0.9617474045498335,0.08432401162460015,11.405380104914974,3.930566620236746e-30,6.919958995278443e-30
G6PC3,3544.5044,-0.15300616325435398,0.01593173377508279,-9.603861413605557,7.700426455724703e-22,1.2307503706398117e-21
G6PC,923.17786,0.6331340034753431,0.13428312036486983,4.714918760861466,2.4180720754983893e-06,3.052994070392044e-06
G6PD,4214.6733,-0.7428143411592947,0.02205370338819273,-33.6820681807568,1.058241029107143e-248,1.019627501731771e-247
GAA,7134.1455,-0.1012868164568076,0.01753349817810058,-5.776760314910534,7.615264581269234e-09,1.0074020247567272e-08
GAB1,1434.6492,0.8515882213279593,0.018230306365039833,46.712776202217086,0.0,0.0
GAB2,2397.0413,0.49095891990389706,0.025513825596169784,19.24285787928257,1.6202395525098e-82,4.4995849201400926e-82
GAB3,296.3007,-0.08513403693697282,0.029056482049015557,-2.9299499090550496,0.003390166480221318,0.003935477213526389
GAB4,2.2388935,-0.34684040220329443,0.12268097440918867,-2.827173519558518,0.004696087385591613,0.005424854918478192
GABARAPL1,3923.8135,0.5673699939549244,0.023938229998041793,23.70141794114839,3.4863202767304704e-124,1.3374410121340804e-123
GABARAPL2,3999.2388,0.43571717717825414,0.014697237266510548,29.646196035161587,3.796932578414129e-193,2.388067666479248e-192
GABARAPL3,4.803069,0.4571899082951338,0.028691547284300734,15.934655031494108,3.642050520702791e-57,8.20953349767362e-57
GABARAP,14096.554,0.0515871649412458,0.01333817714195375,3.867632315287231,0.00010989720098591976,0.00013364775789214146
GABBR1,2337.2996,1.8499686185583875,0.035075343076354196,52.742709159857974,0.0,0.0
GABBR2,625.7383,2.225641366848927,0.06619986342807935,33.62002958309577,8.551548266057576e-248,8.166086826860516e-247
GABPA,1552.4956,0.41165965797721443,0.011378090832834874,36.1800291477062,1.2548560967140844e-286,1.567338360306874e-285
GABPB1,896.67694,-0.08937282248831173,0.010386273058151646,-8.604898214010236,7.638451332958581e-18,1.1641804962397347e-17
GABPB2,242.60248,-0.1600162132747769,0.015906058406657892,-10.060079573692372,8.293128913649725e-24,1.3587623656284786e-23
GABRA1,66.04544,3.161191272652767,0.11766545055654923,26.86592587459239,5.495955153377799e-159,2.7033619465479244e-158
GABRA2,58.47919,1.5625160824836883,0.07699780670940057,20.292994687248964,1.482820359382146e-91,4.401974292309873e-91
GABRA3,127.009895,0.8189841718787414,0.07759565382005576,10.554510872193498,4.841545905046478e-26,8.150916487293579e-26
GABRA4,35.01787,2.5239910367750005,0.09144589862451477,27.600921142879667,1.0847371298317977e-167,5.707977055116456e-167
GABRA5,57.7535,1.5267508539320185,0.08147757569266428,18.738295057906065,2.4123412953943597e-78,6.490399951491182e-78
GABRA6,0.5283545,1.0736576843837848,0.12818801168225014,8.375648161585858,5.492076067065027e-17,8.272040885505429e-17
GABRB1,16.803576,2.4348356789434957,0.07931452489393029,30.69848406959098,5.963092446963129e-207,4.2007819767377976e-206
GABRB2,330.12234,2.0925901165852547,0.06039336258871889,34.64933937916114,4.570481375016731e-263,4.8514301519273004e-262
GABRB3,698.09467,0.9675669674453976,0.052272728228772575,18.509976429981283,1.7157571103132983e-76,4.551876336834564e-76
GABRD,228.95068,1.290385114278996,0.03965162250107623,32.54305959974204,2.6249976989456685e-232,2.2407684760098477e-231
GABRE,745.56396,-0.8940312002666031,0.04052906196732892,-22.059015355136886,7.826797880508632e-108,2.6456214187161753e-107
GABRG1,95.664406,4.700047091954324,0.08818525217762291,53.2974275844614,0.0,0.0
GABRG2,139.84479,1.7183587872635528,0.11586441185495759,14.830772967756863,9.265980776787704e-50,1.9626103062278493e-49
GABRG3,30.701338,0.24710887597747272,0.08316237354785617,2.9714023955229316,0.0029644308533457353,0.003449325469695709
GABRP,2056.6113,-0.3180002111078645,0.06572687592553439,-4.838206694444819,1.3101585587062438e-06,1.6636635749205025e-06
GABRQ,40.538925,-0.14174856165250738,0.06569667512062377,-2.157621544655752,0.030957268230184794,0.03465246447648627
GABRR1,22.56742,-0.5604409889480619,0.06252350052401584,-8.963685402303913,3.14003963664441e-19,4.871823423444867e-19
GABRR2,6.4372525,0.09064203192255599,0.03694998090416056,2.4531009138451196,0.014163059967576327,0.01608264475876437
GABRR3,0.28784788,-0.5133323523286165,0.1666422487427035,-3.08044542246429,0.0020669123172137207,0.0024195186215590007
GAD1,385.885,0.8769608722681641,0.05408589000330727,16.214226524044243,4.000826675560662e-59,9.180887092847106e-59
GAD2,24.035938,2.422084136977229,0.13521908456831874,17.91229503371977,9.455518188075141e-72,2.408719904792565e-71
GADD45A,2078.5376,0.4323400694109867,0.022165404628977443,19.50517378986967,9.921936467394904e-85,2.799732564652708e-84
GADD45B,3114.0444,0.7257866657890771,0.02719465694423257,26.688575894795452,6.387812948944754e-157,3.095679215128928e-156
GADD45GIP1,2785.762,-0.5996010751996361,0.01832756731601854,-32.71580264095261,9.309579588077397e-235,8.07901665957663e-234
GADD45G,1095.5657,0.13098913558761316,0.03899826407577419,3.3588452894492784,0.0007826887268445696,0.0009288155624754367
GADL1,8.592288,1.0335106706868924,0.08521657561646095,12.128047427515417,7.501681092577216e-34,1.3734417748541323e-33
GAGE10,0.92596066,-1.5146877898843807,0.1251136019897636,-12.1064997393993,9.75696314728126e-34,1.7836222745398144e-33
GAGE12D,100.17164,-0.8901266207143946,0.2097048017792621,-4.244664944064338,2.1892028539317492e-05,2.706459855671392e-05
GAGE12F,0.35957763,-1.1701938354031505,0.4957808777707598,-2.3603044971497007,0.018259940147199873,0.020620929745775583
GAGE12J,20.315174,-1.5334728861126834,0.19580119905610055,-7.831784960996669,4.809917052381268e-15,7.0439577952402695e-15
GAGE13,2.6185803,-1.2689989574227527,0.2797419857017641,-4.536319259475214,5.724450345843613e-06,7.1741510982474684e-06
GAGE1,19.933756,-0.9741026635547833,0.23260738919581142,-4.18775459766144,2.817279008517402e-05,3.476602214474833e-05
GAGE2A,18.270681,-1.1856423842308261,0.2136604722187496,-5.549189196853142,2.8699746638215573e-08,3.757061097012801e-08
GAGE2B,20.426193,-0.9769528002321873,0.3321625369964432,-2.9411890006206467,0.003269549746787136,0.003799141789557634
GAGE2C,3.9728472,-0.5663078039934807,0.23307875638691788,-2.4296843383418105,0.015111977980056888,0.01713627936370604
GAGE2D,66.6524,-1.0497190070166158,0.20677399048165096,-5.0766491693246465,3.841492301325427e-07,4.930896019335752e-07
GAGE2E,2.6631188,-1.3345161541532369,0.33813107382897517,-3.94674212884743,7.922180183496735e-05,9.67242376946387e-05
GAGE4,52.531322,-1.0446297554233384,0.1777502257361775,-5.876953185836236,4.178863220031795e-09,5.555535868919114e-09
GAGE8,5.1540504,-1.2808213326947526,0.21744767634371323,-5.890250722524142,3.856101295182629e-09,5.129793927641345e-09
GAK,4653.29,-0.3664736660006672,0.010985107977981301,-33.3609525491449,5.053652317341655e-244,4.69805057208944e-243
GAL3ST1,653.7199,0.6423064784589284,0.056807539730640975,11.306711776367948,1.2156020091952873e-29,2.1252418467330917e-29
GAL3ST2,50.32884,-1.0749376551974108,0.0586536018792945,-18.326882250293277,5.050360854125379e-75,1.3232985409155546e-74
GAL3ST3,157.08649,1.4795495832094163,0.08164144979869636,18.122529509918643,2.1163748314810077e-73,5.465847417749821e-73
GAL3ST4,746.695,0.45536188224271873,0.026333971195509225,17.291804523594692,5.422779341873241e-67,1.3301489713397267e-66
GALC,1677.2837,0.5518076729684681,0.01881719992092066,29.324643160908188,5.032189724953147e-189,3.082140511742513e-188
GALE,2400.325,-0.7095704246779544,0.02162631587636776,-32.810508675374535,4.1698297659023075e-236,3.65290723769385e-235
GALK1,1280.8268,-0.31907515636967626,0.023545625927036237,-13.551355880639326,7.778002831765899e-42,1.533827582835354e-41
GALK2,886.7454,-0.046924641448504584,0.012988577140556568,-3.612762271086903,0.0003029524310242364,0.00036446307056800975
GALM,1628.1337,-0.10282622943548969,0.02495172604408974,-4.121006669189762,3.772205044006564e-05,4.641223332986622e-05
GALNS,1245.2029,-0.13243318996886563,0.015392877600645094,-8.603536869760829,7.72964074889065e-18,1.1779023653193468e-17
GALNT10,2527.3574,0.426688041553581,0.021597171055569152,19.756663521149136,7.0300822722104275e-87,2.017840758211365e-86
GALNT11,3240.9785,0.30717915457746486,0.021499808284503298,14.287529940389025,2.6172908083767146e-46,5.381278889895125e-46
GALNT12,1039.3855,-0.285566135945536,0.03389355200063288,-8.425382383652316,3.595740165335749e-17,5.4270645730647574e-17
GALNT13,465.86887,2.7789262000297894,0.059634972778749865,46.598934661038754,0.0,0.0
GALNT14,1334.479,0.44611908783133963,0.04884201319330689,9.133920955831403,6.606227111524059e-20,1.0322039736263878e-19
GALNT1,4823.6763,-0.05080347986315024,0.01591850731957347,-3.1914725949638534,0.0014154953862000415,0.0016655918719018982
GALNT2,6649.097,-0.10368852068757893,0.015549858094990687,-6.668132921481881,2.5907809479100535e-11,3.573315447361343e-11
GALNT3,2155.5317,-0.6339922637890625,0.03643964728080191,-17.398419334401158,8.48110922904704e-68,2.0957264570235307e-67
GALNT4,1572.727,-0.6437803589228247,0.02763097297093095,-23.299228716994918,4.513786757930656e-120,1.6726644449346602e-119
GALNT5,422.892,-0.37371573563405736,0.05082423350006964,-7.35310126484338,1.9366010489794748e-13,2.7660488814489356e-13
GALNT6,2186.7202,-0.5487301640678615,0.03732619152057475,-14.700941663587438,6.356951822103803e-49,1.337133816987409e-48
GALNT7,3159.1216,-0.2167711337344966,0.02782105381033352,-7.791621956964899,6.6154416553692395e-15,9.668612825675689e-15
GALNT8,31.260279,-1.5888483727838227,0.0667929199153245,-23.78767652017693,4.4800804459199404e-125,1.728770996938667e-124
GALNT9,182.64182,1.5342907381350293,0.0663933488536911,23.109103014461535,3.7503084084290135e-118,1.3712738665087335e-117
GALNTL1,600.0248,0.694203085220107,0.04298370717231664,16.150377221702357,1.1286933723060748e-58,2.5810477779152394e-58
GALNTL2,863.6099,2.9815834957542675,0.040042790061463815,74.45993376529648,0.0,0.0
GALNTL4,1153.2347,0.40886350746472266,0.02622323560174331,15.591649851078696,8.296291812704041e-55,1.8337227772754486e-54
GALNTL5,0.9220164,2.2121391450042247,0.17451909423284392,12.67562815821621,8.070952415305614e-37,1.522294980759746e-36
GALNTL6,14.438046,0.1425319544139072,0.05751226087818269,2.478288146518976,0.013201448338144312,0.015003253696342528
GALP,1.7624568,-1.2394820914828781,0.14128690168606273,-8.772802550635499,1.7427347278101897e-18,2.675943609886692e-18
GALR1,28.14873,0.9775387550880107,0.0863260639548075,11.323796201339162,1.0004377784261303e-29,1.7514758561335958e-29
GALR2,12.247475,-1.2744506873045829,0.04211901966483983,-30.258317915420776,4.055404477224841e-201,2.7339066142986934e-200
GALR3,2.3672001,-0.06965708662214716,0.05649739181517637,-1.232925704783346,0.21760348423687192,0.23212938619745746
GALT,1104.0905,-0.20538017546591922,0.0192314712695342,-10.679379262639936,1.2711879504474342e-26,2.1545217684947814e-26
GAL,186.62332,-1.163211182511591,0.06119772276169403,-19.007425930555847,1.4804070307245846e-80,4.049933719231634e-80
GAMT,2138.7153,-0.2189709671810767,0.0382883870115584,-5.71899169100475,1.0715803433961235e-08,1.4135223669302628e-08
GANAB,21592.385,-0.011866706624081961,0.009543867953647813,-1.2433854577321894,0.2137258265003441,0.22813632368901093
GANC,776.48096,0.017862790491842043,0.014358084624581187,1.244092854924449,0.21346539042942647,0.22787027494508671
GAN,160.00427,-0.1407158293559984,0.02421291534161191,-5.811602088004931,6.187777995812246e-09,8.201625795360775e-09
GAP43,849.4693,3.1474163399955173,0.06419887957807875,49.02603224044785,0.0,0.0
GAPDHS,127.11827,-2.9798647986458313,0.06442144054133417,-46.255792692712085,0.0,0.0
GAPDH,169020.69,-0.49632167309249436,0.017286186684389682,-28.712039396213303,2.699270183866506e-181,1.5634265056426227e-180
GAPT,170.71823,-0.6724207701963895,0.04041394441823359,-16.63833560114001,3.676969849914705e-62,8.661278395743778e-62
GAPVD1,2361.3108,0.20371512992442053,0.011148198844396214,18.273367094346415,1.3486656932832126e-74,3.521996517387497e-74
GAR1,903.49664,-0.3978183915285031,0.01111436985837729,-35.7931575606739,1.4111921268175894e-280,1.6880411580422623e-279
GARNL3,306.67368,0.615127416810392,0.028182241914624307,21.826773706430735,1.292260085375462e-105,4.292563726245559e-105
GARS,5824.6567,-0.2486339291786134,0.013481248953780037,-18.442944717588528,5.941551200268963e-76,1.569331096085571e-75
GART,3121.8586,-0.19998018571813653,0.012601926283320769,-15.869017261497516,1.0385427144470525e-56,2.3311677093084387e-56
GAS1,1036.7013,1.2770258983620884,0.0362010855031782,35.2759007254071,1.3754293219456478e-272,1.5652524072382025e-271
GAS2L1,1723.7485,0.07823606451189538,0.017981765384811988,4.3508555938548845,1.3560734255925637e-05,1.6860029845275727e-05
GAS2L2,44.1543,-0.9150849018535797,0.056856320744700616,-16.094690790185744,2.7795663245242942e-58,6.337685160823172e-58
GAS2L3,169.08533,0.6371484762991414,0.03506714305463445,18.169386519639392,9.020119868709445e-74,2.3381795315387774e-73
GAS2,125.33663,0.356873942517544,0.04306747559275766,8.286391008660765,1.1673657038052072e-16,1.7515217306927713e-16
GAS5,5018.667,-0.6070243692890142,0.02061603295364035,-29.44428594259822,1.4899446557185446e-190,9.20041954679219e-190
GAS6,6652.5957,0.3043884264717767,0.026737990498799956,11.384117534391308,5.017358233672079e-30,8.821866852001886e-30
GAS7,3193.936,0.917590316519643,0.035417269466789525,25.90799150623567,5.412735952433245e-148,2.4614226324679123e-147
GAS8,1192.1615,-0.07400439225733722,0.016729930954921066,-4.4234726644564555,9.71269260418747e-06,1.2112012050021605e-05
GAST,19.751005,-2.403025135690225,0.11223301524346407,-21.411036052781853,1.0544238918852594e-101,3.3811649102050706e-101
GATA1,9.525774,-1.6078568498840975,0.05434077366104632,-29.588405566567683,2.1067636196869997e-192,1.3193356054508652e-191
GATA2,1261.9895,-0.3266812779701592,0.03950226050199059,-8.269938829290469,1.3402776245385587e-16,2.0096267607880774e-16
GATA3,3333.2253,-0.3680702193828214,0.05537469942762163,-6.6469023432608125,2.9932548064124234e-11,4.124791837264825e-11
GATA4,448.0532,-0.3471090251394457,0.08372417555250897,-4.145863758571748,3.385350857758267e-05,4.169531646285576e-05
GATA5,90.04934,0.31403885848265123,0.06635101273707614,4.732992693375578,2.2123345585330393e-06,2.7960096391566294e-06
GATA6,882.2435,-0.14510109044830427,0.04133794901250788,-3.510118279075726,0.00044790740554028255,0.0005356209614916071
GATAD1,2218.9573,0.07717384224894384,0.012473214894061056,6.187165290136152,6.125572702628908e-10,8.271026306726484e-10
GATAD2A,4380.5522,-0.23931604879988908,0.01061926763675413,-22.536021973078178,1.8413913827906017e-112,6.450255877879192e-112
GATAD2B,2380.4263,0.20768385868464312,0.012819884322681673,16.200135153887228,5.031636846257389e-59,1.1539832663394636e-58
GATC,97.46693,-0.11946715338669255,0.016732226916002003,-7.1399434149700145,9.336934733421473e-13,1.3203490604829324e-12
GATM,7068.691,1.213440698400782,0.04616828284937778,26.28299394109122,3.000842290999913e-152,1.4102988966405177e-151
GATSL1,52.78907,0.2248329689756726,0.026380248602134764,8.522776732190405,1.557728903828496e-17,2.3628224372704776e-17
GATSL2,27.476353,0.3611483278069446,0.06839889715422394,5.280031445428679,1.291617176328373e-07,1.6718185576240922e-07
GATSL3,565.55,0.3018131976545535,0.021202499779395395,14.234793104342149,5.572761508710066e-46,1.1426714830882086e-45
GATS,733.1573,1.1956659365019457,0.027577921108013763,43.35591257292058,0.0,0.0
GBA2,2789.625,0.06303206342628001,0.01355737080111554,4.649283725506243,3.3308974901575292e-06,4.193021826631864e-06
GBA3,480.26178,1.3762225571033788,0.08070006947442336,17.05354860369174,3.289422274564926e-65,7.94040171779314e-65
GBAP1,1360.2714,-0.46232675913028765,0.020448421677833194,-22.609410467677613,3.5018462681040273e-113,1.2328218601474993e-112
GBAS,3689.3235,0.3498416627787423,0.01753851544068256,19.947051046706335,1.5899381162753266e-88,4.6176248372680985e-88
GBA,3676.3867,-0.12706392578654235,0.016158225865090973,-7.863730018841828,3.7286071613305285e-15,5.473409272299966e-15
GBE1,1653.7622,0.48676538009822645,0.018680623151100355,26.05723460941153,1.1139217470457831e-149,5.137818950635501e-149
GBF1,4803.542,0.045867639453384734,0.010048959762870395,4.564416669560139,5.008851023794858e-06,6.28312988252862e-06
GBGT1,335.4839,-0.11746737640650917,0.02352845897600094,-4.992565663834,5.958244681475308e-07,7.615764908975125e-07
GBP1,3593.4023,0.10720209743282726,0.03029594535721618,3.5384965271365205,0.00040241257482689853,0.0004818962185107245
GBP2,4402.9624,0.0335309572549842,0.02486971370517648,1.3482647067225761,0.1775732593106052,0.19076639682890673
GBP3,1852.8445,0.09391072668137644,0.02686392644959691,3.4957930240605446,0.000472655171238327,0.0005647838144876804
GBP4,2610.338,0.08751166473189018,0.03012930740328434,2.9045362231708878,0.003677976413466998,0.004264718179848195
GBP5,1349.7549,-0.8386870817992446,0.04039319148544579,-20.76308038451071,9.338459494271712e-96,2.859832985016212e-95
GBP6,1068.2311,-3.6374945191368533,0.06771331181954031,-53.7190460988081,0.0,0.0
GBP7,67.52309,-0.24198757811339297,0.0819168288845304,-2.9540642796915098,0.0031361867448550847,0.0036460499051224685
GBX1,1.9674195,-1.2998202882364371,0.09641158322868208,-13.481992979550464,1.9964033284496535e-41,3.9243772679257013e-41
GBX2,25.173416,1.0615516772168836,0.0636926000436735,16.66679765763976,2.2851362508856543e-62,5.394606787080361e-62
GCAT,1035.4363,-0.3676601875882564,0.024189890741568708,-15.198918900301479,3.59505151344474e-52,7.758284265658412e-52
GCA,1009.5946,-0.05298370308292198,0.01626817601850358,-3.2568926610246787,0.001126390187488146,0.00133048142417447
GCC1,1418.2198,0.04148948458661105,0.010240661980439216,4.051445567274899,5.090216886498623e-05,6.239492178471038e-05
GCC2,2237.1038,0.2771718062704089,0.01676700284164854,16.530790200734362,2.20237371477929e-61,5.150847381871518e-61
GCDH,1321.6853,-0.05264627462208864,0.01750084078773169,-3.0082140201512115,0.0026278800115474895,0.003064555456243289
GCET2,118.40115,-1.1293100146435766,0.03515164554998374,-32.1268036524139,1.8626980180143317e-226,1.5187292330297868e-225
GCFC1,1405.6458,0.04603322621719221,0.01500384377096038,3.0680955440424236,0.002154277282607393,0.0025201937135323742
GCGR,181.34323,0.14974043837840945,0.08675216059781563,1.7260715738551857,0.08433453707971345,0.09236466944999118
GCG,136.85614,0.19597866791325225,0.19885397573315733,0.9855406068231521,0.32435859558084457,0.3413250967814346
GCH1,992.2366,-0.5025977763677189,0.028123670521215276,-17.87098792771665,1.984485881448097e-71,5.0464836448166134e-71
GCHFR,809.1944,-0.599507794613185,0.02782726370694976,-21.543900288818556,6.040082257576172e-103,1.9628098113646173e-102
GCKR,122.179436,-0.17686908455208988,0.07489996990264197,-2.3614039469173553,0.018205887545862325,0.020563310099651098
GCK,56.01643,0.5445517552072174,0.048837448797100544,11.150290783402822,7.137274435775389e-29,1.2370830090069058e-28
GCLC,3135.3496,-0.35457507899569274,0.024591820837266774,-14.418415022704009,3.9633999174443193e-47,8.2019576051279625e-47
GCLM,1125.9774,-0.2990240444424654,0.02534870279554528,-11.796423937520586,4.072531862060529e-32,7.316039546429922e-32
GCM1,11.422989,0.1278487574204513,0.052237351869744264,2.447458625759721,0.014386764193828932,0.016331203357801128
GCM2,0.66308933,-0.16504858470642877,0.0829444698105902,-1.9898684636037745,0.046605427157600715,0.05178409056931687
GCN1L1,6577.9185,-0.1628251511523694,0.010562118841428122,-15.415955226115742,1.2786608457288246e-53,2.7982646628177084e-53
GCNT1,1356.9789,-0.19548517127707773,0.03357272606978215,-5.822737506354253,5.789144359346299e-09,7.678253420972723e-09
GCNT2,996.42096,0.1412497080167843,0.03181939676580731,4.439107034504479,9.033288677310683e-06,1.1270298086859186e-05
GCNT3,1143.2749,-1.0961217295550707,0.06057100483586313,-18.09647590502039,3.397203170225837e-73,8.752677719897218e-73
GCNT4,98.95187,0.402015258351544,0.0353758368716827,11.3641200859716,6.3097046546725014e-30,1.1079806543425691e-29
GCNT7,3.398398,-0.8865015517387311,0.04644413272987416,-19.087482091543258,3.2086682784878917e-81,8.836098671951167e-81
GCOM1,522.9121,0.445142970767984,0.0401886328080949,11.076340240126857,1.6341653967801123e-28,2.822359459878377e-28
GCSH,124.66028,-0.6001685097967298,0.03475190975166555,-17.270087142994075,7.902299560475294e-67,1.9339213457352626e-66
GC,6238.2007,-0.2581309060175629,0.18467627652692012,-1.3977480533615554,0.16218873857052918,0.17469053690389397
GDAP1L1,175.46732,2.2707148626278326,0.068812685376142,32.9984922142729,8.537118482776414e-239,7.653333121569574e-238
GDAP1,818.10406,0.47754279884343026,0.027297695623197827,17.493886862655547,1.5949834742228605e-68,3.962448877572083e-68
GDAP2,775.2805,-0.01048570575127916,0.012422082209571996,-0.8441182061409369,0.3986033550236774,0.41633524694643653
GDA,1173.7264,0.010258365190240917,0.06462268952893246,0.1587424674679952,0.873871778176087,0.8808810977812029
GDE1,4408.779,-0.06100264133562685,0.011689564716908766,-5.2185554221182855,1.803240221000435e-07,2.3301915366136372e-07
GDEP,50.775467,0.2268819543045654,0.21131003658221492,1.0736922768753194,0.2829606239655751,0.2991999243437802
GDF10,151.01422,0.8710244494372228,0.05636027289133305,15.454581831365953,7.026610721388572e-54,1.5408742748465095e-53
GDF11,842.5395,0.254121784409872,0.025948299608895536,9.793388709091156,1.2019849431023796e-22,1.942622168502131e-22
GDF15,4745.1665,-0.5537712867086434,0.04379262107800676,-12.645310398804945,1.187546192173691e-36,2.2359431172166998e-36
GDF1,337.12607,2.550631228812278,0.06519572350283945,39.12267694523233,0.0,0.0
GDF2,3.6525245,1.9664562767363347,0.22976087458092243,8.558708180072422,1.141392231226862e-17,1.7355743099221513e-17
GDF3,35.92824,-1.1661296730331097,0.06431475693024427,-18.131603518270197,1.7944918868816565e-73,4.6374790968549946e-73
GDF5,81.02403,-0.054257066192438815,0.05265610103060462,-1.0304041721756743,0.3028203155230944,0.3194031086796539
GDF6,92.6405,1.7800329418330487,0.04879538884164643,36.479531859244176,2.3416293619285665e-291,3.0268718844129325e-290
GDF7,7.0601373,0.7415381429147969,0.056610546349038934,13.09893987496176,3.338886978943228e-39,6.440818647366418e-39
GDF9,45.478653,0.27646483666052873,0.026134291929645222,10.578623572614305,3.7441805385212323e-26,6.311290907745799e-26
GDI1,8772.497,0.37950820053221396,0.016440218289796457,23.08413391127257,6.683334133746359e-118,2.4388958528220494e-117
GDI2,11876.177,-0.0895377447081584,0.010375931035459852,-8.629369682793982,6.169099534785961e-18,9.415044784760672e-18
GDNF,9.382508,0.8890161634314966,0.0603193395243678,14.738493001441965,3.6483530288666276e-49,7.689907787006489e-49
GDPD1,133.38052,0.63493067980165,0.027025905682850508,23.49340988800053,4.7631647093085805e-122,1.7938081819610319e-121
GDPD2,134.67035,0.019921482394610585,0.06448222796648187,0.3089453175371957,0.7573631234715128,0.7688051371537958
GDPD3,274.24887,-1.197610770577233,0.03577735435104654,-33.47398912804744,1.1524881286875107e-245,1.0827644583271357e-244
GDPD4,4.6205497,-0.708477905132506,0.056447867088096106,-12.551012849197837,3.9245767152740045e-36,7.349195855984498e-36
GDPD5,865.08673,-0.2941506112043146,0.028246568877594684,-10.413675815954988,2.147654361495218e-25,3.5915964469920435e-25
GEFT,969.4775,1.3071839111050096,0.028791039506854715,45.402456232738274,0.0,0.0
GEMIN4,1533.4437,-0.25867211640676746,0.013084386503455508,-19.769525788500186,5.448567171528394e-87,1.565444242804778e-86
GEMIN5,1324.1466,0.1888359683022673,0.010046379203924236,18.79642052815463,8.078785450473214e-79,2.183406252305644e-78
GEMIN6,460.10715,-0.3999661334779584,0.013267236996343029,-30.14690501030507,1.1776509568907988e-199,7.824998639471206e-199
GEMIN7,730.3105,-0.5156291327855549,0.012676233865440565,-40.676839687481895,0.0,0.0
GEMIN8P4,70.80351,-0.5105713305352737,0.018715200872248264,-27.28110342071571,7.108765194010136e-164,3.63636559258423e-163
GEMIN8,882.998,-0.012134043458422759,0.01220913261203508,-0.993849755261213,0.32029601882211534,0.3371371444110974
GEM,1303.2601,0.911989207439581,0.03046672251005643,29.93394537724077,7.11939668459807e-197,4.621932305539927e-196
GEN1,762.9196,-0.6433846451769296,0.018770896321747447,-34.27564854383228,1.8098635563928754e-257,1.8562726521210355e-256
GET4,2418.6162,-0.5122117905697529,0.01344061930978227,-38.1092402637249,0.0,0.0
GFAP,56023.086,4.1641737631082565,0.08896351319606036,46.80765870757746,0.0,0.0
GFER,1145.6741,-0.24112907438058698,0.012872161700857416,-18.73260140637647,2.6847109570569326e-78,7.218440355879832e-78
GFI1B,23.738379,-2.2119392905625808,0.0650224991547975,-34.018060199388366,1.2047516782841264e-253,1.20174127477641e-252
GFI1,184.55392,-1.6001572913708302,0.03706629773222097,-43.170140782089675,0.0,0.0
GFM1,2645.4368,0.03713034312757635,0.012217932234929377,3.039003852176053,0.002373618192834342,0.0027731259490367476
GFM2,1383.4417,-0.05313120277738531,0.012161099683573916,-4.368947230088904,1.2484692687110918e-05,1.553452257773446e-05
GFOD1,180.10619,0.0591574770272319,0.026486861200947887,2.233464983956454,0.02551829696719882,0.02866039653308329
GFOD2,1386.7408,-0.039107324987970635,0.01205861710705666,-3.243101977679113,0.0011823588343620737,0.00139497238692498
GFPT1,6269.555,-0.1486335096721541,0.018137227806662784,-8.194940883829721,2.507163525076203e-16,3.7454756535828015e-16
GFPT2,984.92645,1.2625989798346713,0.036948330655808964,34.172016906430045,6.298812339548118e-256,6.379976140341299e-255
GFRA1,2507.8406,0.5512111061372826,0.053612608455773696,10.281370782247793,8.550276246797047e-25,1.4200936050623355e-24
GFRA2,282.8719,1.113727739918078,0.04577214814941285,24.33199631100042,8.992216782256689e-131,3.630230844139678e-130
GFRA3,219.57086,-1.2260561401884784,0.05848667435519447,-20.96299975516708,1.42798098814082e-97,4.439869416242968e-97
GFRA4,1.6921991,0.6456779651232678,0.12469589130728308,5.17802117097948,2.2425178809865249e-07,2.8923295241688094e-07
GFRAL,0.18209577,-0.024025779687767798,0.16615709771578138,-0.14459677027378565,0.8850292473826569,0.8916424409869117
GGA1,2932.1685,-0.21920320727417503,0.01143280625084702,-19.173176074591044,6.200510599485443e-82,1.7146997459239898e-81
GGA2,4622.8057,0.002264244607071946,0.014246543975463048,0.15893290407636232,0.8737217364670963,0.880773461711904
GGA3,1979.4486,-0.11550567641177015,0.010903188665250538,-10.5937519709163,3.185617279509473e-26,5.374656682981135e-26
GGCT,2915.6355,-0.5186353816445535,0.017442418516078927,-29.734143872678,2.780516963013678e-194,1.7684643814431574e-193
GGCX,1930.3883,0.025373351019796094,0.018749185660083895,1.3533041637010788,0.1759584795783854,0.1891114757818903
GGH,2234.232,-0.6852909962651612,0.03190918304260304,-21.476293998194993,2.593945252272882e-102,8.378570742665969e-102
GGNBP1,0.6055878,-0.42137024289483765,0.08589921861064223,-4.9054025136688875,9.323593966032153e-07,1.18859768036599e-06
GGNBP2,2783.8406,0.041469583692659434,0.007824068230543706,5.300258442375273,1.1563887081077255e-07,1.4984989948676203e-07
GGN,33.442497,0.19757153879399225,0.02743179328065414,7.202283014188745,5.921262682529289e-13,8.396669704925387e-13
GGPS1,1905.6263,0.029231563058278832,0.011310416798724535,2.5844815074874385,0.009752553426794893,0.011143976832020949
GGT1,2098.568,0.05402032594422081,0.03854208113722481,1.4015933844331712,0.16103670364250156,0.17348641387753674
GGT3P,207.83284,-0.008223813148526642,0.04395988151695345,-0.18707541660127242,0.8516015025838718,0.8596665505307937
GGT5,1693.9948,0.5047363113533202,0.025953113015925157,19.448006527910838,3.0298292183333115e-84,8.51640108464005e-84
GGT6,976.3677,-1.0146757331018175,0.05698187657675374,-17.80699046889171,6.237473194420004e-71,1.5806412343191048e-70
GGT7,1150.4324,0.20535565494330307,0.019130990184057183,10.734188506062601,7.033417725857717e-27,1.1955694370939072e-26
GGT8P,21.81242,0.5454947264666719,0.054097155321543446,10.083612035131098,6.528123216900933e-24,1.0716502223261256e-23
GGTA1,502.1437,1.2529823674376808,0.029864718255904782,41.95527165872205,0.0,0.0
GGTLC1,67.281204,0.3890179619826263,0.05870836593173952,6.626278142964143,3.4425623262757415e-11,4.737537271910762e-11
GGTLC2,401.58365,-0.48902720596488375,0.04101417010620438,-11.923371963849798,8.9414907845056e-33,1.616694590424063e-32
GH1,1.0109992,-0.4327643245138933,0.06486199693133675,-6.672078335362075,2.5220587547252435e-11,3.4797095545846594e-11
GH2,0.6712379,-0.7603809850541846,0.15838736482983382,-4.800767951857226,1.580583330440324e-06,2.0026821025911472e-06
GHDC,2139.1448,-0.00046292728229579955,0.017297229624307724,-0.0267630882141525,0.9786486940029703,0.9793702694261931
GHITM,9150.785,-0.018290933889697623,0.012701961208363852,-1.4400086403707173,0.14986495455077922,0.16179343566122145
GHRHR,5.178932,-1.1357987594438732,0.10570290962087012,-10.745198628095471,6.242740603065319e-27,1.0615213892742573e-26
GHRH,8.936835,-2.8038079757628815,0.14942171574073257,-18.76439419707827,1.476714617012293e-78,3.981516737882833e-78
GHRLOS,33.665874,-0.7217588535970721,0.025852165015850248,-27.918700548079972,1.5821169741710257e-171,8.559744745455197e-171
GHRL,27.579485,-0.3236036291765679,0.039234367694894044,-8.247963410372014,1.6111668089753105e-16,2.4120703775224904e-16
GHR,771.1919,1.0880823736052898,0.04180558628140511,26.027200438742863,2.438037009885849e-149,1.1219709648342224e-148
GHSR,0.39866558,-0.266971163225556,0.11296998292093641,-2.363204422296845,0.018117672746296012,0.02046821482946787
GIF,29.731089,-2.195840969039696,0.1620672849826154,-13.548946471678343,8.037542549884458e-42,1.5847020024510716e-41
GIGYF1,3309.6287,-0.12326796868378186,0.014208996715778533,-8.675346412523103,4.122934956957662e-18,6.303607148445557e-18
GIGYF2,3533.2727,0.28199607386896997,0.01031043285136421,27.35055626996863,1.0635693120241542e-164,5.4832128699670184e-164
GIMAP1,282.54822,0.4871367596813883,0.0246165427402305,19.788999812929333,3.7031774640619906e-87,1.066228114705672e-86
GIMAP2,420.61404,0.06408177454412162,0.023242501286947104,2.7570945894756034,0.005831747902426758,0.006711999295918728
GIMAP4,1316.8594,0.6647397319141584,0.024332483888104644,27.319024846416436,2.5210761296830896e-164,1.2964533701494827e-163
GIMAP5,973.47174,0.6139029909882164,0.025959784983927287,23.64823096063036,1.2308349618707124e-123,4.6952536984683966e-123
GIMAP6,1009.93207,0.9575333233623738,0.02467194722834807,38.81061006251537,0.0,0.0
GIMAP7,576.2677,0.7178242167465686,0.02699733698678381,26.58870454882161,9.170413118515551e-156,4.410593921092798e-155
GIMAP8,735.4052,1.0836164035997138,0.025313644522604338,42.80760135633872,0.0,0.0
GIN1,251.22046,0.3014327883302003,0.011718248397263448,25.723365652548686,6.404216608471159e-146,2.865570240260754e-145
GINS1,782.0058,-0.643854570168541,0.02545908063857398,-25.289780856933753,4.138117565541939e-141,1.7826478103442306e-140
GINS2,721.28064,-0.8958694745459383,0.02389608911704895,-37.490213154033206,1.3297632134937623e-307,1.9420838783012558e-306
GINS3,490.42493,-0.43879254855781513,0.018681115231020194,-23.4885628149863,5.338690641393982e-122,2.0090647461763416e-121
GINS4,474.41644,-0.6308988298816803,0.02508268007219986,-25.15276788866477,1.3180165218760852e-139,5.6207579323157136e-139
GIPC1,6503.442,-0.6717562250364543,0.017117563350670408,-39.243682717852764,0.0,0.0
GIPC2,393.92368,0.3066452911934306,0.04418843792053559,6.939491541766496,3.935136801473309e-12,5.509624519716327e-12
GIPC3,357.16656,0.8077703600694018,0.028062567377476425,28.784620779841205,3.3416152825402574e-182,1.948781023696279e-181
GIPR,35.29372,-0.6641096533960174,0.037374630122713054,-17.768996006529818,1.2287015722179526e-70,3.1039999142307105e-70
GIP,12.152025,-2.6154072448820678,0.1649503219175124,-15.85572683022691,1.2833419676524555e-56,2.8787526574962914e-56
GIT1,4309.037,-0.13937188060119557,0.013342214787067829,-10.445932914847402,1.5294415223467454e-25,2.562368330600509e-25
GIT2,2711.6892,0.32877968157719206,0.014210412458804526,23.13653333640473,1.9865308788193022e-118,7.280608850023794e-118
GIYD2,1634.727,-0.8570336681301821,0.019237178906782233,-44.55090178674938,0.0,0.0
GJA10,2.6979725,-1.8921182241142245,0.16756029439802556,-11.292163402504263,1.4346142346304372e-29,2.505344930763516e-29
GJA1,9437.107,0.685410593654397,0.0347237592751918,19.73895131061126,9.982844899874652e-87,2.8613366087082646e-86
GJA3,104.191444,-0.26416060912628614,0.050031390567118084,-5.279897403049581,1.2925624251249986e-07,1.672935690598846e-07
GJA4,752.24176,0.8934424776238054,0.029194973322572093,30.60261325647591,1.1297917177274009e-205,7.882600953122739e-205
GJA5,705.44135,0.9798461367646057,0.03151129477249263,31.095076982363466,2.807406248280328e-212,2.068620478057879e-211
GJA8,1.0080026,1.1554682424652785,0.13283763936210485,8.698349714839209,3.367453977102805e-18,5.155124108567261e-18
GJA9,20.718225,-0.8605723214293173,0.02384363553791615,-36.09232828864689,2.9922720398434073e-285,3.687631141596364e-284
GJB1,2383.666,-0.47799980388270796,0.0632633993443067,-7.555708495543005,4.1658591060684934e-14,6.017647618876718e-14
GJB2,6349.8755,-2.0623380184026243,0.05095014179388758,-40.477571716003354,0.0,0.0
GJB3,1089.6697,-1.981333780778591,0.05257229349726147,-37.68779425386492,0.0,0.0
GJB4,192.46165,-2.0120291404313333,0.059513760017166274,-33.80779738754499,1.51487862328642e-250,1.4777869617387746e-249
GJB5,457.42404,-2.5483951122948576,0.055347249213640745,-46.04375372763397,0.0,0.0
GJB6,1690.3722,-2.6525107789355014,0.07340102742359833,-36.13724319726242,5.90195704697579e-286,7.326703873132934e-285
GJB7,30.494867,-1.529546497387154,0.06716733849858633,-22.772176649806454,8.653994663737181e-115,3.080725255447198e-114
GJC1,728.9388,1.1178572896051053,0.02738482853643324,40.82031363161135,0.0,0.0
GJC2,151.04999,0.6643768209528562,0.03166530442348201,20.981223236248912,9.735672668129903e-98,3.0311754067970134e-97
GJC3,16.066828,-0.025414479464358253,0.044295910470997214,-0.5737432461400338,0.5661415590447658,0.5825075049574159
GJD2,7.133418,0.3581322837361114,0.1465582938322308,2.4436166277022506,0.01454086891925003,0.016504295608352086
GJD3,226.57202,0.1332696761811018,0.027319152688493352,4.878250716656894,1.0703082304298291e-06,1.3625816197674394e-06
GJD4,1.9271301,0.6135142677831588,0.04734389275369626,12.958678133522515,2.0983224773915192e-38,4.0153912319967985e-38
GK2,0.19973482,0.48039469096850146,0.1792595054762127,2.6798840579879246,0.007364766428480262,0.0084487113155705
GK3P,77.28683,-0.12096071578098407,0.02678304144380328,-4.516317388179616,6.2924331140572464e-06,7.878492962460362e-06
GK5,1273.5071,-0.04968038315691638,0.017659634943315277,-2.813216882250556,0.004904855693617078,0.005660561026378895
GKAP1,263.6771,0.43665421244537744,0.023528681407617522,18.55838008431737,6.977711378101427e-77,1.8564979867585855e-76
GKN1,154.12953,-1.7012904098632307,0.18635878701949124,-9.129112917467598,6.90628585120371e-20,1.0786733689655261e-19
GKN2,101.98857,0.1124041991067671,0.16119074200948202,0.6973365697401837,0.48559218715078845,0.5027292823901807
GK,620.194,-0.002769648340485471,0.02598542539855147,-0.10658468345258885,0.915118470193286,0.9187738896668858
GLA,1371.0189,-0.4725648555931994,0.01693254211155003,-27.90867741417594,2.0936409043044834e-171,1.1306216225659146e-170
GLB1L2,1558.4618,-0.29015199654918333,0.03773934052585568,-7.6883165552507915,1.49083578595283e-14,2.167685028296934e-14
GLB1L3,108.02235,-0.3285031914826789,0.0741770316855023,-4.428637598704073,9.48302105837276e-06,1.1827778332868409e-05
GLB1L,639.6621,0.3630187072717721,0.025603995587006222,14.17820535229277,1.2500257895272403e-45,2.5564314464073415e-45
GLB1,3722.6194,-0.0984572558486709,0.014615286398280474,-6.736594355089385,1.6214201688637334e-11,2.2437801262844445e-11
GLCCI1,1109.2203,0.7025613710150461,0.02586531773909081,27.16229423902456,1.8124851994349346e-162,9.17235549970068e-162
GLCE,1685.0721,-0.06408965793249798,0.018690310352909703,-3.429031231817962,0.000605739818724975,0.000721268977039523
GLDC,981.3888,0.5129848266780729,0.05335097302622527,9.61528529996837,6.891802687243934e-22,1.1023743786109306e-21
GLDN,324.1624,1.0855532525469427,0.04103561625207625,26.453928360147817,3.288138402654388e-154,1.5662894183350654e-153
GLE1,2053.1997,-0.1620290106386528,0.010032675851015678,-16.15012914249088,1.1332418772793964e-58,2.5911580614927257e-58
GLG1,10609.772,0.2879940546045184,0.010613567773040612,27.134518831268824,3.8565667363077826e-162,1.9458696947829032e-161
GLI1,150.30663,0.43578278476237414,0.03813651951982304,11.426915467098615,3.068148292449583e-30,5.410986753809863e-30
GLI2,387.77115,0.5661178357390343,0.03692823334879309,15.330217137439544,4.803780836418462e-53,1.0458793075461819e-52
GLI3,1126.4307,0.6636947258670656,0.03254560144878391,20.392762656775698,1.938825559369389e-92,5.7937104892413605e-92
GLI4,489.0434,-0.6091576223191797,0.01982120979330655,-30.73261565118427,2.087798257337502e-207,1.47486067734678e-206
GLIPR1L1,1.1645571,0.02983739327806316,0.043858346539185494,0.6803127712852732,0.4963064396278358,0.5135082992520765
GLIPR1L2,43.992332,0.981319107508449,0.029341602593967467,33.44463222026614,3.0804045140785373e-245,2.8900440323559882e-244
GLIPR1,1452.4331,0.3495947687972557,0.027737801952785777,12.603549819568347,2.018511429980901e-36,3.791389814833579e-36
GLIPR2,1692.4412,0.6890113544266327,0.02488657083641568,27.686070489809133,1.0273933830729884e-168,5.457005448991122e-168
GLIS1,101.81871,0.8565840532644958,0.044880419057744494,19.085919232670022,3.306093373482089e-81,9.103158640887457e-81
GLIS2,2165.27,0.6895448994870734,0.025370618530721152,27.17887617332258,1.154363875944013e-162,5.847647213322757e-162
GLIS3,889.4268,1.0110526346891522,0.03244944875326757,31.1577753562714,3.979911660712776e-213,2.955033606872772e-212
GLMN,304.309,-0.18988671388809536,0.014879440813558954,-12.761683470998474,2.6833839771091618e-37,5.085739563392796e-37
GLO1,7150.699,-0.06575546006391296,0.015331211894765938,-4.2889929716751105,1.794850519868064e-05,2.2247404404258093e-05
GLOD4,2823.5903,0.06226383332758701,0.009665507471922732,6.441858692723253,1.1801913865876964e-10,1.6107472306454993e-10
GLOD5,36.512638,-0.2480398384663804,0.04778289024808009,-5.190976041394788,2.091945459978617e-07,2.699151886666117e-07
GLP1R,27.508734,0.8375837221423023,0.059450379278983174,14.088786855534895,4.4514285661568806e-45,9.061757242114581e-45
GLP2R,8.752079,1.9922042088281773,0.07676500884867464,25.951983054615035,1.72696037474946e-148,7.883225620969564e-148
GLRA1,1.6276635,0.3284670238892481,0.09566166396415805,3.4336327665418427,0.0005955504624710918,0.0007093437000789187
GLRA2,16.000097,0.6498791163968053,0.08639212317381932,7.522434829958524,5.376541934484551e-14,7.755492223619878e-14
GLRA3,23.242579,1.378954125962657,0.08250175516600011,16.71423987511649,1.0322780027755891e-62,2.4480079043108003e-62
GLRA4,3.0652184,0.6002158905251147,0.07888130634999811,7.609101804956721,2.7600728501413177e-14,3.9974619873391965e-14
GLRB,361.3315,0.9175188320766985,0.038977553174925766,23.53967238423108,1.6016241765251283e-122,6.061994164319592e-122
GLRX2,330.72208,-0.3618790611193473,0.016707372417691324,-21.6598428569268,4.9090564763315737e-104,1.609395826113277e-103
GLRX3,2139.3025,-0.4724130128220831,0.012932210407988979,-36.529951022931556,3.7117907863435597e-292,4.828648474068277e-291
GLRX5,2190.495,-0.09923277319769434,0.012726179237969799,-7.797530691821759,6.313028644249518e-15,9.231931487449788e-15
GLRX,1619.2947,0.09305016848270174,0.02580745683638948,3.60555358370289,0.00031148820788264313,0.000374532744169781
GLS2,507.32977,-0.2585482488223948,0.04111011584209966,-6.289163713754927,3.191807280425847e-10,4.3283823634310146e-10
GLS,4664.4155,0.45878803148013636,0.02313865437708249,19.827774943323394,1.7145844763307158e-87,4.946468096020553e-87
GLT1D1,164.2164,0.6409286150890604,0.04787049724687828,13.388802121349523,7.030549678797213e-41,1.3761653774697863e-40
GLT25D1,6108.469,-0.16773539385319242,0.01671456817594625,-10.035281323903932,1.0665493710274753e-23,1.7445070012652342e-23
GLT25D2,732.1761,1.7150638150842208,0.0460921390687902,37.20946455803612,4.797434828576789e-303,6.806339768292324e-302
GLT6D1,0.16390735,-0.4645430048460319,0.18518524169345854,-2.5085314607035523,0.012123417182090816,0.013799656178585874
GLT8D1,2293.9985,0.22012672058065708,0.011565201088632113,19.033540263906715,8.996444612057881e-81,2.4677797878858312e-80
GLT8D2,460.3968,1.0609990071420696,0.030730007862758167,34.52648017145153,3.213747538852955e-261,3.3622140875389165e-260
GLTPD1,1839.7517,-0.46098102192160517,0.015257021350494959,-30.214352548353112,1.534597004235942e-200,1.0290797236244909e-199
GLTPD2,72.30265,-0.11906256529485655,0.1018184814634676,-1.1693610392095282,0.24225820009219512,0.2576738255930725
GLTP,3911.894,-0.5705753956126375,0.021594161284339303,-26.422669910613056,7.52266728302639e-154,3.571688041397721e-153
GLTSCR1,859.30066,-0.24481828290455682,0.013969304528961807,-17.525445336021438,9.16213619756249e-69,2.281736157139752e-68
GLTSCR2,13765.725,-0.3052259655916135,0.017287867442652153,-17.6555012701317,9.231046989826495e-70,2.3153244507315215e-69
GLUD1,9962.524,0.5645251976242264,0.019408936668841765,29.08583851120962,5.422760525318091e-186,3.252857440629081e-185
GLUD2,1225.6031,0.6577531950298774,0.021256519809060334,30.943597585034503,3.097993495811513e-210,2.2397744879696945e-209
GLUL,38264.477,0.5412261520091146,0.0260226540187021,20.798268755375346,4.487149520803659e-96,1.378302309807509e-95
GLYATL1,818.6451,0.9738621910712605,0.0725726082026755,13.41914277562588,4.670847650485169e-41,9.155077242344041e-41
GLYATL2,172.91475,-0.6098523316617168,0.06324496293145557,-9.642702017592615,5.278005738858612e-22,8.459019037819609e-22
GLYATL3,7.0939074,-1.4246760957290865,0.13915797333311442,-10.237833029651249,1.3420859410138663e-24,2.224318436429608e-24
GLYAT,704.5879,1.0977665785062432,0.12388100938760596,8.861459750230873,7.897346164851711e-19,1.2181382723707553e-18
GLYCAM1,0.03112124,-0.3854452802469555,0.4816764679796054,-0.8002161323423332,0.4235855845653723,0.4411591424271749
GLYCTK,1010.5452,-0.2528592520511995,0.03788717850741652,-6.674005877785322,2.489136404454181e-11,3.434519014454942e-11
GLYR1,5013.2236,0.16416583300640497,0.009550333537400335,17.189539230594452,3.1804991081787523e-66,7.73525042926905e-66
GM2A,5968.5933,-0.3663348255864996,0.018384684426843104,-19.926087230065345,2.4173888616508556e-88,7.010772056175181e-88
GMCL1L,11.370961,-0.30861129119257424,0.025887327262702802,-11.921326912616674,9.163730386886166e-33,1.6562889466141285e-32
GMCL1,704.104,0.09728827237421725,0.016602643987473662,5.859805971122381,4.634083034375367e-09,6.156701676902121e-09
GMDS,1535.592,-1.0595536239834518,0.025957660460881923,-40.81853314863234,0.0,0.0
GMEB1,353.85577,-0.0881872615948214,0.0119136569215186,-7.402199188356385,1.3394737325380984e-13,1.919365549038791e-13
GMEB2,1331.5378,-0.23924063288276268,0.009847782029627779,-24.293859486632584,2.2763094949437168e-130,9.149730504947508e-130
GMFB,3033.2263,0.537118720954022,0.013266829530557838,40.48583873915484,0.0,0.0
GMFG,914.8116,-0.32849595907444556,0.028586942237402605,-11.491119139165844,1.4620544150634627e-30,2.5867702994939637e-30
GMIP,1224.1138,-0.5626920770218002,0.017113644596426576,-32.87973370320507,4.2829933449136835e-237,3.7796905725660026e-236
GML,0.12520236,-0.5404949907763268,0.15431441279825173,-3.502556766897474,0.0004608155777391863,0.0005508628000230224
GMNN,1048.2615,-0.3099667674087008,0.01962684588656943,-15.79299950690548,3.4764806104423007e-56,7.767522909130246e-56
GMPPA,1988.2499,-0.42431241615834525,0.013265960036297366,-31.98505159048965,1.7599107555817946e-224,1.4178877353735558e-223
GMPPB,943.63794,-0.35378825630772653,0.01505785298632739,-23.495265668284063,4.5595925598901044e-122,1.718414382206639e-121
GMPR2,2646.885,0.1915507052652894,0.010677361964055157,17.93989057504428,5.756837623173735e-72,1.4685309756947007e-71
GMPR,1299.2732,-0.2823047551092276,0.03773687174947753,-7.480873268546329,7.383035055586146e-14,1.0621199173027017e-13
GMPS,2741.2644,-0.40270121409354387,0.015783207200548422,-25.51453636619249,1.3597697011493079e-143,5.959860354294674e-143
GNA11,1327.3195,0.3339654516739035,0.019382825470850518,17.2299674356635,1.5824039145401894e-66,3.8596095957977377e-66
GNA12,3848.4785,0.5304975893022869,0.01478081606170051,35.890953996572094,4.227688517155201e-282,5.111134829023915e-281
GNA13,4459.2666,0.28231059984718815,0.013392258276239122,21.080134061338306,1.2104023330180006e-98,3.79174966885882e-98
GNA14,252.65872,0.6260521983351623,0.032675006328524346,19.15997175457734,7.991659558869797e-82,2.208527174684813e-81
GNA15,1302.9364,-1.6142023435262076,0.03381636588702418,-47.73435291417876,0.0,0.0
GNAI1,1584.4141,0.43410476803179554,0.02452812222652487,17.698247098685435,4.325626125410239e-70,1.0877646033501365e-69
GNAI2,14962.191,0.2940073457872864,0.012628853515361221,23.280604643142617,6.970495455721206e-120,2.580693162084525e-119
GNAI3,4553.3965,0.0010408869883931009,0.010678730309379122,0.09747291655815023,0.9223508412512482,0.9255787054926145
GNAL,247.89363,1.0042981880443163,0.0321284633354667,31.2588304506823,1.6935979814420334e-214,1.2690453185196303e-213
GNAO1,1376.5887,1.9171300914994154,0.045696752460642934,41.95331152143852,0.0,0.0
GNAQ,3792.0466,0.4646252689987916,0.014368956822856892,32.33535146126307,2.2291105325514638e-229,1.8568928532002968e-228
GNASAS,8.397576,0.20130230986728562,0.042567812055628644,4.728979483470254,2.2565118224721093e-06,2.850957192113049e-06
GNAS,72108.91,-0.027118842839642276,0.02013061328473418,-1.3471443942648058,0.1779337325845377,0.1911435659396688
GNAT1,2.51453,-0.4647687646389341,0.061290866929024856,-7.583001969561611,3.376497187321593e-14,4.88433325541284e-14
GNAT2,4.3406234,-0.32917664417199166,0.030569333295578285,-10.768198344044539,4.8642646569375146e-27,8.280923501178264e-27
GNAT3,1.2186552,-0.3008330287238712,0.17380093767588403,-1.7309056714347844,0.08346858993699718,0.09143102456296813
GNAZ,570.1552,1.081602475840695,0.03284957194801335,32.92592297861304,9.356564761605475e-238,8.314722914950933e-237
GNB1L,330.21912,-0.6430679305282837,0.018448146651837232,-34.85813196656485,3.206094514665732e-266,3.481220171950914e-265
GNB1,17832.68,0.1682931088909036,0.00844864191011046,19.919545730717715,2.7547860312329466e-88,7.985859149917636e-88
GNB2L1,57594.637,-0.3359186557287616,0.014402875298524638,-23.323027434888054,2.5891879220011315e-120,9.610442461991074e-120
GNB2,11656.801,-0.27847235245759466,0.011717736520555877,-23.765029361181114,7.683360493262585e-125,2.959802011018599e-124
GNB3,79.71499,0.48427677791810847,0.03585926676664312,13.504926943140697,1.462587675491614e-41,2.8778218309977555e-41
GNB4,2277.9072,0.6941679335106818,0.02339181116457101,29.675681315436623,1.5819220637320685e-193,9.974094548009038e-193
GNB5,1390.93,0.2465172536140871,0.018051553751733566,13.656290034890379,1.8518062674390375e-42,3.672764130422929e-42
GNE,2012.0929,0.21892019291462925,0.022818759719381937,9.59386906242242,8.484241292047424e-22,1.355175493996497e-21
GNG10,1249.1262,0.09119224818064299,0.013386362007099794,6.812324971659731,9.60338635850902e-12,1.3360348699800818e-11
GNG11,1758.5048,0.7414934540674295,0.02901264446692876,25.55759627195139,4.520572862258531e-144,1.9886418086154157e-143
GNG12,5738.6206,0.41353026564812284,0.021187572013610528,19.51758631817172,7.782905172210923e-85,2.197367444196951e-84
GNG13,12.9327135,-0.49676929054619917,0.07143475181935992,-6.954168354954193,3.5464788583253376e-12,4.969219757511738e-12
GNG2,1385.4779,1.1423976096685542,0.02978691293625796,38.35233319119743,0.0,0.0
GNG3,121.15441,2.022681116963621,0.05223762149539389,38.72077363135634,0.0,0.0
GNG4,1128.0994,0.12045174627253742,0.050390804586621714,2.39035171715667,0.016832244657043395,0.01904666901804949
GNG5,4114.912,-0.27284111736992667,0.01281487077198542,-21.290976883386485,1.3762911090240094e-100,4.374693315943764e-100
GNG7,1054.8193,0.979721959540657,0.03619519314890803,27.067736743662444,2.3620258356808065e-161,1.1856135105676908e-160
GNG8,3.2992642,-1.7302823857596858,0.09110434326216105,-18.992315007207075,1.974299452422061e-80,5.396718924793332e-80
GNGT1,10.577385,-0.9712891299927088,0.06404105991296707,-15.16666231496961,5.879135960406478e-52,1.2665960742636558e-51
GNGT2,64.75451,0.045213270374614555,0.02470396030368789,1.8302033284867676,0.0672195402733458,0.07402621411938373
GNL1,3289.7737,0.03603123161753487,0.013220995997030624,2.7253038746571985,0.006424233080128502,0.007383896645307749
GNL2,2882.4685,-0.24813233589578154,0.011661292951252381,-21.278286801733508,1.8041500602785736e-100,5.7266434482712e-100
GNL3L,1767.964,-0.1704379297125802,0.014748404864760043,-11.55636363901468,6.8550622624144896e-31,1.217820354280075e-30
GNL3,3539.2715,-0.345542140975102,0.014074789197951864,-24.550430995114628,4.279401972379037e-133,1.749836207183467e-132
GNLY,406.3589,-0.8673192893846567,0.03897069139004909,-22.255681345343568,9.937213613138206e-110,3.40420211929801e-109
GNMT,289.63635,-0.25097673300478407,0.05699848337010594,-4.403217737832199,1.0665702380019613e-05,1.3289047414615624e-05
GNPAT,2703.131,-0.011443730879213267,0.009840967422439971,-1.1628664528569193,0.24488369025272527,0.26038476261843807
GNPDA1,2607.4055,-0.0014555278920933873,0.012532672695199606,-0.11613866630785775,0.9075426448596605,0.9117973108319103
GNPDA2,732.34406,0.5124050290883817,0.014358781732234361,35.68582896821057,6.558209613557096e-279,7.740208088255591e-278
GNPNAT1,2375.4265,-0.17739032377075237,0.018380052441966784,-9.651241438556552,4.856420558366393e-22,7.786412517544604e-22
GNPTAB,3126.3914,0.07590425531461557,0.01615923191933948,4.697268762123083,2.636634167077842e-06,3.3268816242663645e-06
GNPTG,3149.994,-0.04627103905296715,0.016250922364327187,-2.847286942588433,0.0044093598338309165,0.005099997548969642
GNRH1,61.060333,-0.19325176056990118,0.0244516064557202,-7.903438202306415,2.713136950431634e-15,3.9902300927427315e-15
GNRH2,1.4135572,-0.442494983977737,0.08135095164495332,-5.439333837285081,5.348016128700649e-08,6.968336663309856e-08
GNRHR2,987.4578,0.35893970593545316,0.016039811929449553,22.378049537877036,6.440047001920095e-111,2.2282956647194293e-110
GNRHR,15.16146,-0.734639521444252,0.038266509067652686,-19.19797596758715,3.8479698928095464e-82,1.065426615635925e-81
GNS,11346.495,0.28588769568850814,0.017239243098461966,16.583541055466302,9.16647712750178e-62,2.1504990532243458e-61
GOLGA1,1285.3906,0.1416399515274065,0.010243201769148976,13.827702970179235,1.7347192600789158e-43,3.4795221099454824e-43
GOLGA2B,423.01147,-0.47294967102313484,0.026578406807983828,-17.794507941727588,7.794905484990245e-71,1.9728553054315813e-70
GOLGA2P3,0.3808892,-1.1595577269856976,0.20040788287051559,-5.78598860672009,7.2087100089947e-09,9.543021462586846e-09
GOLGA2,4199.749,0.006020720982064778,0.011974045909544505,0.5028142557283553,0.6150948698709435,0.6308037706882198
GOLGA3,4680.1035,-0.07502384572207371,0.010321364994850358,-7.268791071675635,3.6271888637753677e-13,5.155759134092209e-13
GOLGA4,4978.4287,0.2751044034191006,0.01606155827443314,17.1281265938569,9.155570317230759e-66,2.217442970360469e-65
GOLGA5,2685.6167,0.15045538920851578,0.01092835192662492,13.767436317818325,4.0016313712209415e-43,7.986394773717003e-43
GOLGA6A,2.5372527,0.45439533721568365,0.06564185331684719,6.9223416807316385,4.442381569516123e-12,6.2151213835746805e-12
GOLGA6B,7.205973,0.6813674283709318,0.048290210680305944,14.10984584187809,3.302992266402278e-45,6.729272445880515e-45
GOLGA6C,0.8843687,-0.3871147044214622,0.12044715784736833,-3.2139795686338837,0.0013090898791516697,0.0015421687796348133
GOLGA6D,0.6126561,-1.1958187251380714,0.15585245183688243,-7.672761711760773,1.6833203334776838e-14,2.444939621122363e-14
GOLGA6L10,272.1307,-0.4127121061541735,0.02261351601593878,-18.250682727236217,2.043395788965133e-74,5.326695885728699e-74
GOLGA6L1,6.334809,-2.926480950554188,0.0958736791246495,-30.524341793010198,1.2389345936081633e-204,8.564845294148929e-204
GOLGA6L5,117.68456,-0.7730808370960273,0.03189320751603807,-24.239670365775208,8.497531298793322e-130,3.406206727941194e-129
GOLGA6L6,9.9731245,-2.7322649066170848,0.0837596220107492,-32.620310849378505,2.113452056403071e-233,1.817818775509511e-232
GOLGA6L9,427.96378,-0.8552397701130086,0.023848488488723747,-35.86138259946288,1.2223823585568176e-281,1.473444786137256e-280
GOLGA7B,567.5223,-0.32540900935902045,0.04041678136230999,-8.051334084274096,8.189638189916493e-16,1.2138384093514113e-15
GOLGA7,2707.6455,0.24574071731818684,0.012356154629674826,19.888122533527564,5.156988363221954e-88,1.4924111739422284e-87
GOLGA8A,2978.1362,-0.12185064124966277,0.02939981566449972,-4.14460562066712,3.4039903512937654e-05,4.1919815849255845e-05
GOLGA8B,1553.4967,-0.1635489230935095,0.031235671574876726,-5.23596627981753,1.6412391767157636e-07,2.1216577813674665e-07
GOLGA8C,6.1848745,0.04615701970576182,0.05402962606474904,0.8542909338378041,0.39294380929891215,0.41059038254550156
GOLGA8DP,1.9064445,-0.2748757107187951,0.06649656155243466,-4.13368307024487,3.5699568322386464e-05,4.395038468134886e-05
GOLGA8E,1.0559225,-0.21159674676710724,0.13760826802378034,-1.5376746601486242,0.12412818239765855,0.13478003548980963
GOLGA8F,0.26176587,-0.1763658983137621,0.22413962008316315,-0.7868573090662175,0.4313654007902453,0.4489631508966109
GOLGA8G,2.7719815,-0.6548900217874657,0.06593962393065118,-9.931661461645803,3.0316140696455913e-23,4.9301566294364244e-23
GOLGA9P,6.2207274,0.45985979178079445,0.05024628998926658,9.15211435270202,5.582994467921477e-20,8.730638633720973e-20
GOLGB1,7623.033,0.214190039047913,0.01384679316484131,15.46856636753754,5.655250884881109e-54,1.2410828151912742e-53
GOLIM4,2512.0105,0.5620051441077745,0.02367131746876573,23.742030617828494,1.3280850397308468e-124,5.10738256967894e-124
GOLM1,11768.985,0.05316234335140578,0.027614434610342388,1.9251650124857156,0.054208717675197506,0.060025850274629935
GOLPH3L,2105.8286,-0.1393853080122779,0.014787421065726811,-9.425937585244991,4.262798925235147e-21,6.754325108480221e-21
GOLPH3,5968.8594,0.006799472991341556,0.013152478758483582,0.51697274074332,0.6051751878279645,0.6211000478393673
GOLT1A,563.7158,-0.6409831167480524,0.04954314551054019,-12.93787687767392,2.751280695548067e-38,5.25699893765022e-38
GOLT1B,2218.5398,0.00044528992655173987,0.014374636967854536,0.03097747286053381,0.9752875051025236,0.9762465370166812
GON4L,2302.8242,0.02319070221073441,0.012151059759555998,1.908533302413929,0.05632232314326541,0.06231542725252651
GOPC,2044.1506,0.31662605319436166,0.011169997509119341,28.34611672346961,9.345292211622152e-177,5.2197751477754564e-176
GORAB,566.53723,0.110366640040316,0.01431272349155603,7.711085881413708,1.2475167402982614e-14,1.8162323595346326e-14
GORASP1,2293.0723,0.18657793936933717,0.010542876259481042,17.69706243128393,4.417567706271462e-70,1.1107479428427899e-69
GORASP2,5505.1914,-0.13623706673789526,0.008786453475772192,-15.505353452739037,3.191555472632868e-54,7.01997384046376e-54
GOSR1,2387.955,0.10428039427738575,0.008291932277471594,12.576127106188004,2.856963545930941e-36,5.356872428772152e-36
GOSR2,2380.5627,0.13204324302841958,0.008409497863531363,15.701679835253712,1.4728959151010647e-55,3.274370816285496e-55
GOT1L1,0.07173409,-0.4045343853392061,0.274015187319821,-1.4763210364214143,0.13985772945182232,0.15129455440540118
GOT1,3768.7107,-0.06410625206884982,0.02438282428790024,-2.629156135151332,0.008559705049200264,0.00979854006728525
GOT2,6661.228,-0.2713486030990409,0.01633894173818492,-16.607477243454866,6.152680074437646e-62,1.4452799542572522e-61
GP1BA,62.329857,-0.6228684686348173,0.03752259502577007,-16.599823871644233,6.989572130067051e-62,1.6409213445114748e-61
GP2,709.7976,-0.9340778385218639,0.11283933761863044,-8.277945069819712,1.2531900767854253e-16,1.8798774516117354e-16
GP5,9.349002,0.26692782969079504,0.03833354914838941,6.963295484524945,3.3240359112393615e-12,4.660747046619984e-12
GP6,17.155807,-0.33875462328939976,0.03799730684253516,-8.915227194738684,4.86817096505374e-19,7.533527871505708e-19
GP9,2.3413265,-0.26511594983946113,0.06886596084972348,-3.8497386309324355,0.00011824393433480458,0.00014367820108160468
GPA33,887.2631,-3.609264864595569,0.06789900816568359,-53.15637094121361,0.0,0.0
GPAA1,6653.198,-0.3390562297231134,0.014988746494184723,-22.620719474751215,2.710242939133899e-113,9.551295827908439e-113
GPAM,1743.6412,0.9308659451999584,0.030499034285289047,30.52116130932558,1.365380170208519e-204,9.432566978376396e-204
GPAT2,222.24083,-0.3720642878152018,0.04213690792146992,-8.829890615339261,1.047781414718792e-18,1.6138433819231265e-18
GPATCH1,599.1311,-0.06364819630890164,0.010028597398992487,-6.346669806018537,2.2002566851000366e-10,2.9915203587519464e-10
GPATCH2,665.9974,0.014347022791756299,0.014203507633146688,1.010104205405902,0.31244536763100317,0.32914598155850117
GPATCH3,706.6252,-0.12894682319662226,0.011407882590660053,-11.303309108580287,1.2636483861661625e-29,2.208482916469817e-29
GPATCH4,1623.9988,-0.23037787498260642,0.013394933542128092,-17.19888152173733,2.7070651919617034e-66,6.588540375749948e-66
GPATCH8,2753.3384,0.20812101984315498,0.011052020433130928,18.83103827959503,4.2043628672415875e-79,1.1379503272290812e-78
GPBAR1,78.18908,0.35911978558504193,0.034131401337400676,10.521683010756545,6.863645318867373e-26,1.1532306267790777e-25
GPBP1L1,5145.9673,-0.03264728258688009,0.010278173902287604,-3.1763699366493316,0.0014913064486981528,0.001753480103323459
GPBP1,4078.7632,0.19726190337670838,0.00903657375412761,21.829280515372943,1.2233091802237401e-105,4.065516095359961e-105
GPC1,6548.7573,-0.3208612676129537,0.028330426919680858,-11.325677107606687,9.791928400461199e-30,1.714724499440818e-29
GPC2,163.04704,0.6728707245163504,0.039332476622379216,17.107255436173155,1.310297876240837e-65,3.1704723630125033e-65
GPC3,2335.3638,0.15557392461235714,0.052891579267677784,2.9413741613767406,0.0032675957744655003,0.0037973047760912794
GPC4,2525.3062,0.2088593752210321,0.03244776466965063,6.436787783300972,1.2202835634581536e-10,1.6650193062425137e-10
GPC5,56.80869,1.6845696387629994,0.06093472537409093,27.64547847587852,3.162926863276899e-168,1.671703738563198e-167
GPC6,1050.418,1.2571220672468963,0.0340532600226209,36.91635004730282,2.5262322800638745e-298,3.444846817804448e-297
GPCPD1,2465.841,-0.18896861357117467,0.019559053647057335,-9.661439504237213,4.396422254325718e-22,7.053886096289487e-22
GPD1L,2531.2678,0.31904201129881876,0.0228815150733266,13.943220554950571,3.4596950676038917e-44,6.993936240824906e-44
GPD1,1374.5034,1.6036795662233545,0.05301244696909614,30.251000621763925,5.061556212495738e-201,3.409934577438806e-200
GPD2,2839.2234,-0.03716076832899272,0.016464007707943238,-2.2570912859245147,0.02400237128109703,0.026987589159543517
GPER,454.7807,0.7677682167599461,0.03424930788819792,22.417043265990024,2.684348069996069e-111,9.33082505669284e-111
GPHA2,9.424521,-1.4905937573729706,0.06983331988811518,-21.34502211496109,4.337581760246419e-101,1.383717127183592e-100
GPHB5,0.0772073,-0.5855572383840764,0.4191975472433141,-1.3968527302575138,0.16245786173893395,0.17497114781478898
GPHN,989.3419,0.4002792729126269,0.018173123444616163,22.025893024526322,1.626714557009765e-107,5.48406717439341e-107
GPIHBP1,233.32646,1.9916989680940793,0.040137629644460326,49.62173864616761,0.0,0.0
GPI,18887.504,-0.4444126319637489,0.015679833951798956,-28.34294249096695,1.0226235718520199e-176,5.710255978972922e-176
GPKOW,1256.7826,0.07571911555119772,0.010821778664807102,6.996919628142053,2.6165127889792046e-12,3.675285212558827e-12
GPLD1,140.12378,0.522155524502359,0.0432408144908285,12.075524724750727,1.4225390015908618e-33,2.5944165128897567e-33
GPM6A,3245.5342,3.6470671916928237,0.06822059366096843,53.459915781698164,0.0,0.0
GPM6B,4146.1997,2.9962925779936302,0.04981081187940021,60.153457953026845,0.0,0.0
GPN1,1966.0997,-0.12447990582624872,0.010061756189949879,-12.37158836651048,3.7238379607523743e-35,6.911625220435553e-35
GPN2,688.1007,-0.27095894539305,0.009824409172015568,-27.580177153539736,1.9240370854006087e-167,1.010615867432172e-166
GPN3,923.7326,0.06400581239188916,0.01059200784867794,6.0428403477701504,1.5142447575602732e-09,2.0287252579079757e-09
GPNMB,17879.195,-0.2771331110384824,0.03836108981557336,-7.22432841118021,5.035842615395969e-13,7.147070045789231e-13
GPR101,0.55418015,1.6312727007606416,0.14343178089806025,11.373160749639014,5.688948549770892e-30,9.99752296286453e-30
GPR107,5779.4863,0.23509687315205222,0.010676750527872673,22.019515445107523,1.8725522237485226e-107,6.307625864211809e-107
GPR108,2920.4014,-0.04012173862247968,0.0112394139169222,-3.569735834897218,0.00035734139191781445,0.0004288560126181787
GPR109A,474.73666,-1.427582098030845,0.04846676785869425,-29.454864871389542,1.0907173686745915e-190,6.743369240463409e-190
GPR109B,200.47435,-1.6889656824469528,0.04720747513732085,-35.777505099223276,2.4719320829332443e-280,2.9482170636460413e-279
GPR110,654.9127,-0.2895147621988819,0.06523316778165238,-4.438152738005027,9.073422579634887e-06,1.1319677081854689e-05
GPR111,8.529538,-0.346216707224817,0.06406456906519857,-5.404183814496152,6.510415486144218e-08,8.468281937286619e-08
GPR112,2.2747598,1.0982050273406005,0.08756792956953008,12.541178405601235,4.4433854709671433e-36,8.316896644609734e-36
GPR113,27.113802,0.30132149377621187,0.02824733133690864,10.667255259702994,1.4484180844249012e-26,2.4536814595445632e-26
GPR114,184.24191,-1.254069327421832,0.03649219522247206,-34.365412104601766,8.290229133615169e-259,8.57190324689036e-258
GPR115,229.4211,-1.95507907100765,0.061205002246304145,-31.94312554944326,6.73083963522587e-224,5.3971313168004526e-223
GPR116,3083.9185,1.1595181583013598,0.034775720112992244,33.342750474580754,9.278768964137391e-244,8.606216735347296e-243
GPR119,0.6150207,0.01842194146935207,0.16464446267274044,0.11188922585248973,0.9109112394823884,0.915001081735837
GPR120,42.99124,-0.7240830802774645,0.04750538785028076,-15.242125431319579,1.8572885353283948e-52,4.017481650101019e-52
GPR123,213.53993,1.3582242542209688,0.09894221617928119,13.727449279687605,6.953883873505127e-43,1.3848588651148476e-42
GPR124,2540.0544,1.0728381487387695,0.024518506736536404,43.756259721154755,0.0,0.0
GPR125,2149.6072,0.3906644759633184,0.018225199746303843,21.435401608838166,6.249231880011848e-102,2.008336414288259e-101
GPR126,1518.0037,0.17009473601837788,0.03673233677533885,4.630653831219775,3.6451285084917845e-06,4.584049126220535e-06
GPR128,105.98235,-0.789233436852599,0.09868294749896044,-7.997667853008879,1.2679785751093856e-15,1.8753923582021054e-15
GPR12,36.31916,1.3327530780739723,0.08198058853214384,16.256934744392716,1.9947072750123293e-59,4.58717332113137e-59
GPR132,263.53656,-0.27281034135696797,0.026405126103231594,-10.331718935573651,5.064477330970025e-25,8.436927745783383e-25
GPR133,538.8506,1.1731812475338974,0.04384935161304779,26.754814025227375,1.0853743071836215e-157,5.29272707064703e-157
GPR135,41.81673,0.694557445489962,0.024874909270830865,27.922009199222398,1.4423401405655072e-171,7.8097348196205215e-171
GPR137B,1521.3185,0.4582609489006065,0.02396292869880216,19.12374545952364,1.6018100855956782e-81,4.41886877136076e-81
GPR137C,154.62738,0.9740607499189438,0.029367695361501123,33.16776267012989,3.140840490599165e-241,2.855934414832889e-240
GPR137,1430.101,-0.11742122686593652,0.014486911861011753,-8.10533176376597,5.260178286970667e-16,7.821499397051986e-16
GPR139,1.7066585,0.31145415653702085,0.18838926444158416,1.6532479038029086,0.098280420767863,0.10736698252913301
GPR141,23.025503,-0.279568507617999,0.039417993953394743,-7.092408303389121,1.3179796955883568e-12,1.859769103304918e-12
GPR142,2.674809,0.293821225151465,0.06062293226712747,4.846700978711786,1.255314129705884e-06,1.5948168715558248e-06
GPR143,720.0146,-0.9673467081919328,0.048352665169984516,-20.006068016958547,4.8762889974056404e-89,1.4229090970070436e-88
GPR144,4.5892677,0.20057162984665586,0.08821374565439852,2.2737004120928055,0.022984005387086788,0.025861134391273348
GPR146,323.14792,0.7178998642824808,0.023562464028782773,30.4679452626656,6.930790255307384e-204,4.767025635398751e-203
GPR148,0.4977427,-0.5494707941917204,0.11235817425054666,-4.890349971035125,1.0065685355944587e-06,1.282478804441303e-06
GPR149,3.1089113,-1.3994702815144298,0.13046397175113483,-10.726871662193258,7.612996674772955e-27,1.2935486504899233e-26
GPR150,4.3217926,-0.698498645886607,0.048540270544437,-14.39008555271967,5.972199145182034e-47,1.2350228785856885e-46
GPR151,0.7453774,0.944322829373669,0.08878320080055868,10.636278269522885,2.020390230249577e-26,3.417791831961042e-26
GPR152,2.4985292,-0.5593947950380337,0.04525299631703596,-12.361497371776103,4.2221784640282906e-35,7.833712872427956e-35
GPR153,1298.2281,-0.4621562970336829,0.029118571691139756,-15.87153044235025,9.977789716365735e-57,2.239914222466534e-56
GPR155,825.5421,0.7170930318310724,0.027981467798730023,25.62742730256697,7.548523933077967e-145,3.3452415923712304e-144
GPR156,21.03146,0.30058252185337936,0.04335396585728883,6.933218585880404,4.1137180905673276e-12,5.757282367901301e-12
GPR157,109.03143,-0.7408630521700312,0.031812438125139834,-23.288471297161063,5.801858447421334e-120,2.1492000751646824e-119
GPR158,350.9635,1.3632284369242786,0.05369712632641108,25.387362978002997,3.4777838301749e-142,1.5103285195932336e-141
GPR15,17.413332,-0.7511705397523747,0.05886751883038358,-12.760356724337928,2.729482541924488e-37,5.171664501725514e-37
GPR160,1497.9236,-0.48366250368056,0.033904752959089075,-14.26533041736561,3.598833484341706e-46,7.391913933385067e-46
GPR161,421.26007,0.2696915127428348,0.02863780001216305,9.41732649254801,4.6271955249739845e-21,7.329422990192589e-21
GPR162,529.79193,1.284989242851251,0.04064642309358306,31.613833273661783,2.3833904282947385e-219,1.8492166817702966e-218
GPR171,76.97551,-0.3098791700384886,0.035776708626726696,-8.661477870186078,4.6568693773837785e-18,7.113535688337061e-18
GPR172A,3452.2415,-0.7924390645044853,0.017051615044342848,-46.47296238178858,0.0,0.0
GPR172B,111.78329,-1.3516082477747737,0.04165578199387589,-32.44707416544198,5.956578945138536e-231,5.038221468387016e-230
GPR173,118.28491,1.5154086021301083,0.03956162818277036,38.305010985116375,0.0,0.0
GPR174,33.49113,-0.6420604752354961,0.04532173890791789,-14.166721990521982,1.4721355398869197e-45,3.009761744984716e-45
GPR176,293.78683,0.8388276315346568,0.02953555867368907,28.400601485215955,1.9878257644766383e-177,1.1161098935184743e-176
GPR179,21.43623,1.292552954507918,0.040975868301723783,31.544248067918122,2.1502241694475682e-218,1.6556888754078306e-217
GPR17,267.58133,4.4489821434676236,0.05225918427228027,85.13301930408217,0.0,0.0
GPR180,706.3782,0.07354459608463887,0.015235893777029372,4.8270614878872085,1.3856235057600468e-06,1.7585032386092004e-06
GPR182,8.885376,1.0521357670617022,0.04184289572087754,25.144908088584753,1.606574642292827e-139,6.8455950486479e-139
GPR183,559.60535,0.35459516446400546,0.028884331913492427,12.276384495442224,1.2129889993147592e-34,2.2397281912796285e-34
GPR18,44.602634,-0.8510183410555772,0.03610875706935667,-23.568198136007986,8.170277318778974e-123,3.0975544866484383e-122
GPR19,103.677734,0.4094135088605463,0.036979938779722346,11.071232737817427,1.7300418434763771e-28,2.9864271571422388e-28
GPR1,90.437775,0.3493288305811912,0.047360298471854335,7.375984566245781,1.6313491389302947e-13,2.3334951956356266e-13
GPR20,15.029397,0.8300102408157023,0.03917482562015438,21.187337216599747,1.2496763616304885e-99,3.944521092470561e-99
GPR21,10.151246,1.3856767709907507,0.037149189384470246,37.30032320893697,1.621419049348798e-304,2.3181510130401813e-303
GPR22,22.309105,0.45164746719508275,0.07077698547630104,6.381275836427257,1.7561865005605727e-10,2.391745331788929e-10
GPR25,8.652031,-1.1152268618102708,0.05547094987940255,-20.10470100538834,6.7123772967377495e-90,1.9691252072663376e-89
GPR26,22.589176,1.5811672229316995,0.0790857148533177,19.993082516410592,6.326423426203031e-89,1.8439463784404795e-88
GPR27,51.322258,0.21047985864034274,0.04668021902998564,4.508973244215891,6.514212272199282e-06,8.153378067730554e-06
GPR31,1.665634,0.08735832913879574,0.05014018044320718,1.74228190578103,0.08145912799296413,0.08929232686204473
GPR32,0.9009052,-1.899867609401298,0.13411524700517116,-14.165933045092508,1.4887631939265182e-45,3.043451136173309e-45
GPR34,395.3454,1.4617077714933346,0.029687078876918512,49.237170741975625,0.0,0.0
GPR35,632.64417,-1.7968632290102873,0.04259600659502007,-42.1838423985116,0.0,0.0
GPR37L1,506.61075,3.222137117324497,0.05896758112912076,54.64251806885233,0.0,0.0
GPR37,460.2986,1.025227950585218,0.04503034945637456,22.767488215441446,9.630941696558838e-115,3.42730889705019e-114
GPR39,398.04782,-0.5787074542743841,0.036620573182272916,-15.802796187650106,2.9761730051423212e-56,6.654794751421474e-56
GPR3,107.83829,0.3084494819719976,0.029159605529356765,10.577971696546534,3.7703170120152484e-26,6.354821098403712e-26
GPR44,53.232086,-0.038197271532635656,0.04047676644505885,-0.9436838682379121,0.3453312199659122,0.3627385361307402
GPR45,6.595041,1.6345847837771197,0.04479943804701401,36.48672516967138,1.800772345739036e-291,2.3321834724491755e-290
GPR4,513.95984,0.9981838243209001,0.026795252387072352,37.25226431539358,9.738105275813998e-304,1.3864201769950851e-302
GPR50,13.911411,-1.1754624112701426,0.11165693084139058,-10.527446907347784,6.456181167894722e-26,1.0850370843418246e-25
GPR52,2.1599104,-0.9946479791789314,0.07881006122207061,-12.620824850982123,1.6211428866708622e-36,3.048946700206197e-36
GPR55,42.4257,-0.3916275832901078,0.033855220662340514,-11.567716163957602,6.006014231575917e-31,1.067823279544617e-30
GPR56,13314.28,0.40622336524557445,0.027455709761591708,14.795587831200333,1.5641186187735116e-49,3.3060518022850832e-49
GPR61,15.186402,0.8733892495874052,0.06174656098907359,14.144743214799547,2.0124991036725995e-45,4.107927536762628e-45
GPR62,26.301338,1.6430605246327201,0.043324752106526594,37.92429142105129,0.0,0.0
GPR63,28.947891,0.19797661910826786,0.03246907751014079,6.097389710146078,1.0781445480404422e-09,1.4497024538376172e-09
GPR64,315.0112,0.5401433110221012,0.04901154701500949,11.020735804496962,3.0356738206454733e-28,5.222518448075139e-28
GPR65,177.09418,0.3302866089870235,0.028058621834966404,11.771305480706943,5.486877481945595e-32,9.848130005724267e-32
GPR68,465.5307,-0.5493875205329027,0.033442633378312894,-16.427758972150002,1.210504873811137e-60,2.814925040082346e-60
GPR6,2.4041793,1.3062992511110465,0.12553340172964658,10.405989426816788,2.32824698100412e-25,3.89073137045579e-25
GPR75,94.82715,1.5315146014436014,0.0323480150982713,47.344932812444696,0.0,0.0
GPR77,69.38348,-0.01906722133437669,0.03795369425597259,-0.5023811702170776,0.6153994217980883,0.6310843111059931
GPR78,8.685442,-2.271956309209919,0.11205041524274591,-20.276197141152533,2.086528070139869e-91,6.18335152546981e-91
GPR81,223.12918,0.25399003790251445,0.05012589467592787,5.06704248462001,4.040441299299018e-07,5.183976834662762e-07
GPR82,27.20019,0.3096898676414807,0.03311777148075832,9.351168686619294,8.668453433460222e-21,1.3704072328918826e-20
GPR83,61.73065,0.3882284925673825,0.048482386710459284,8.007619238836453,1.169503338161433e-15,1.730623525340065e-15
GPR84,75.46799,-0.12491590692159577,0.031888374943885356,-3.9172866959013413,8.95512237657503e-05,0.00010913284835669282
GPR85,124.51682,1.1821817384723514,0.03378937730303362,34.98678676053065,3.5737086918537414e-268,3.945614710273879e-267
GPR87,551.1331,-2.062930462671118,0.07351979831548364,-28.059522875985017,3.05696793546599e-173,1.674382840951092e-172
GPR88,66.76339,0.5975008730313563,0.05481201292405999,10.900910971088976,1.1410906459308657e-27,1.9546877964246105e-27
GPR89A,1624.6473,-0.10786661134367595,0.011495399114208334,-9.383459440773365,6.384288287510099e-21,1.0100064126615753e-20
GPR89B,106.32111,-0.8914289767415925,0.033665983524426624,-26.47862570522584,1.7087195271768123e-154,8.148939061558379e-154
GPR89C,292.84937,-1.039519420931853,0.02697489583976022,-38.53654995025528,0.0,0.0
GPR97,79.6434,-0.6562760063331472,0.038024081373806695,-17.25948353311778,9.495642138972955e-67,2.3216257752774155e-66
GPR98,782.74854,1.291109772963295,0.04656367911259278,27.727829878763266,3.225478792711763e-169,1.7190450979271932e-168
GPRASP1,792.3933,1.1623372099987328,0.033960708841280544,34.22594079031317,9.946595605873214e-257,1.0135272269267907e-255
GPRASP2,757.0216,0.8956310133778599,0.024125872020378622,37.123259736325345,1.1842940835914638e-301,1.6651272961214512e-300
GPRC5A,5749.272,-0.3065347219829133,0.046538929815886185,-6.586630229693784,4.499209294958821e-11,6.181213444636388e-11
GPRC5B,3829.6355,1.6715507138974275,0.03584865285656185,46.627992426540004,0.0,0.0
GPRC5C,3379.8848,-0.060383043604996633,0.03153817855217569,-1.9146014886402203,0.05554334514995358,0.06147694704294362
GPRC5D,35.246357,-1.198468314839988,0.039281097426779175,-30.510051738599184,1.9170958751929852e-204,1.3235047447627666e-203
GPRC6A,4.600585,-0.7999761689912934,0.10807684214473451,-7.40192027372506,1.342290870253025e-13,1.923175556482646e-13
GPRIN1,621.60126,0.10327413225705771,0.030463304396918644,3.390115888659271,0.0006986308316465795,0.0008304679804690087
GPRIN2,395.89737,-0.09571281996978334,0.046890136754684314,-2.041214348990391,0.041229526077897594,0.04589098034114686
GPRIN3,383.56607,0.35049130516814553,0.0324815146173854,10.790485274370445,3.817683027831909e-27,6.504662211367465e-27
GPS1,5389.6543,-0.3166977799995035,0.01228107044416475,-25.78747361147007,1.2254983488722082e-146,5.511358710998296e-146
GPS2,2338.8362,-0.16542364807460788,0.011403669097422202,-14.506177499661215,1.1072102732387023e-47,2.3013470089705704e-47
GPSM1,1194.3756,0.61007272432124,0.026513347626582993,23.010022457879472,3.699834226076368e-117,1.3412557871917518e-116
GPSM2,1507.9644,-0.20567562680523954,0.026026410560064082,-7.902573669564564,2.732027644881141e-15,4.017142194289697e-15
GPSM3,1291.6959,-0.37192296781210626,0.025305273626098655,-14.69744897081542,6.6934151079472874e-49,1.4076153102231053e-48
GPT2,3284.439,0.08225552720828432,0.028690443472697964,2.867000898280268,0.004143818364148344,0.004798316350568543
GPT,587.3544,-0.1375304429055172,0.048432537798777674,-2.8396290831777997,0.004516601730300928,0.005221663522271242
GPX1,11488.071,-0.41588063096870376,0.017584226004610595,-23.65077830890365,1.1587500885368932e-123,4.421929344427856e-123
GPX2,6427.0933,-2.0096247229107806,0.06838132664507533,-29.38850153261116,7.702979161868286e-190,4.740778499288889e-189
GPX3,29694.418,1.3005283379879027,0.045594363517100084,28.523884043257713,5.9238864625900556e-179,3.366957132659713e-178
GPX4,9185.336,-0.3185504402022167,0.017109647527176756,-18.618176657130725,2.2887529278504698e-77,6.109442881618948e-77
GPX5,0.88351834,-0.12418865819449848,0.14266091089266966,-0.8705163693222966,0.38401827751297757,0.40155254811950236
GPX6,0.2857419,-0.7328622360958517,0.19018902173729113,-3.853336167363841,0.00011651923884936321,0.00014159097431862156
GPX7,659.61926,0.2900161921805856,0.023891848006666452,12.138709073474077,6.585684019067857e-34,1.2068221507128936e-33
GPX8,1482.992,0.6172983188521046,0.028214975605428225,21.87839278986808,4.1729161351274344e-106,1.3922713797944845e-105
GRAMD1A,3632.709,-0.17381810290607058,0.01559808409699852,-11.143554671532879,7.698402467045578e-29,1.333660447809572e-28
GRAMD1B,253.9927,0.14017639581512076,0.04043727489063273,3.4665144027198664,0.0005272534862819249,0.0006290643300054916
GRAMD1C,490.72284,0.4645170255581467,0.027098840961145162,17.14158277928492,7.264595661282717e-66,1.7609227654251083e-65
GRAMD2,271.70193,0.12591637287228205,0.03904860185531118,3.224606436328926,0.00126145954877388,0.001487004513547995
GRAMD3,1613.1039,1.0210520532253557,0.022906056056610436,44.575637582563736,0.0,0.0
GRAMD4,2331.459,-0.19454135983896292,0.01821601773082859,-10.679686565616548,1.2669870925970983e-26,2.1475805693268108e-26
GRAP2,141.0559,-0.8083464578314624,0.037201529989139406,-21.72884980987208,1.0951085858213155e-104,3.6082401195559415e-104
GRAPL,12.859316,-0.30853809870258175,0.03730541984617891,-8.27059714043627,1.3328972271188197e-16,1.9988549386352424e-16
GRAP,413.67804,0.04815202067808748,0.025476651977125037,1.8900450781885387,0.05875193148237286,0.0649435646134015
GRASP,464.60446,0.534227076829656,0.02518292656716542,21.21385993025148,7.113018982776208e-100,2.250411087340184e-99
GRB10,2754.825,0.5569256743732485,0.02063700956146116,26.98674305085783,2.1147976290455768e-160,1.0539820056239632e-159
GRB14,309.11865,0.13481997991578096,0.048379550875284796,2.786714169036554,0.005324542077853106,0.006137255968012873
GRB2,7244.2935,0.007802725845647538,0.009574857506392682,0.814918221021882,0.4151191225560662,0.43271774185238604
GRB7,2053.5737,-0.8989584915598824,0.04491447783933242,-20.01489352220963,4.0850869279203e-89,1.1923768425165502e-88
GREB1L,103.22274,0.8445249976021086,0.048299013917521116,17.485346575486624,1.8528312763372309e-68,4.600779601774568e-68
GREB1,1623.3341,0.1466446623146772,0.046476723896420324,3.1552280371889956,0.0016037270452819107,0.0018839235424900132
GREM1,2577.246,1.0658967069883962,0.05095066195153318,20.920173873350862,3.508326935340912e-97,1.0876508006183285e-96
GREM2,268.04395,0.5489356696948082,0.05258645294327684,10.438727827619898,1.65007118424454e-25,2.7633297063448705e-25
GRHL1,1098.9171,-1.0162075775493586,0.03683551055339862,-27.587715285667414,1.562397702331479e-167,8.210855658690392e-167
GRHL2,2184.712,-0.6890099170662931,0.05109622469091835,-13.484556270724932,1.928220571917638e-41,3.791080890745649e-41
GRHL3,658.5662,-1.8853099033518703,0.052167582274469264,-36.13949163740598,5.441022050476333e-286,6.758619153486739e-285
GRHPR,4642.072,0.05045625276005051,0.01944443123448854,2.5948947619797886,0.009461988556682413,0.010817420542761524
GRIA1,514.62885,3.535002703569292,0.07810461458306175,45.25984440791178,0.0,0.0
GRIA2,724.0641,1.9828815289195583,0.08747344999142669,22.668381424465384,9.191170430876672e-114,3.2509214524360343e-113
GRIA3,400.99423,2.9413877464417055,0.05887003575540621,49.96408968838768,0.0,0.0
GRIA4,589.33997,2.9736155526432677,0.07237790920853644,41.08457380380575,0.0,0.0
GRID1,362.55438,1.5455636187555664,0.0438181692486027,35.27220888638227,1.566895922202914e-272,1.7821471553144764e-271
GRID2IP,35.402042,-0.07478873533745893,0.031116773359317073,-2.403486199351241,0.016239579968770346,0.01839239033067398
GRID2,34.4284,3.2167985657545226,0.09860437822424933,32.62328330329078,1.9179653675790565e-233,1.6510721741455395e-232
GRIK1,67.19904,1.2528616091238947,0.06675310574136901,18.7685890448009,1.3646185177159613e-78,3.6817212300794133e-78
GRIK2,230.57254,2.153206017367868,0.05441518839058743,39.56994510268613,0.0,0.0
GRIK3,820.9497,2.1170286034753443,0.05845257669658578,36.21788333582565,3.184450541518741e-287,3.9970547826621483e-286
GRIK4,108.290665,2.4449978218874873,0.052820829348743416,46.2885163302657,0.0,0.0
GRIK5,591.31055,1.4087328726914545,0.04968111787071816,28.35549868981019,7.160331510947014e-177,4.003767899790449e-176
GRIN1,241.15488,2.627540987781256,0.05503957807099031,47.739119373194335,0.0,0.0
GRIN2A,253.94008,1.7232108360844192,0.05293785603256575,32.55157962997883,1.9887664864209287e-232,1.6983765476947855e-231
GRIN2B,9.92037,0.6333866555587251,0.07031551585858885,9.007779404371085,2.1027080010918344e-19,3.268613590458018e-19
GRIN2C,188.06049,1.1257797529591624,0.04494071245892659,25.050331678387717,1.7313795807481865e-138,7.329830917956401e-138
GRIN2D,563.6323,-0.9002025491459394,0.03939290606350588,-22.85189489941945,1.3993448926427658e-115,5.0139497834062065e-115
GRIN3A,119.83262,0.9607986677746754,0.036291046579108976,26.47481289028907,1.8904950097178634e-154,9.011610372944505e-154
GRIN3B,27.329008,-1.0766023400148945,0.05371832895522027,-20.041620075567742,2.3886512194548738e-89,6.985140789554981e-89
GRINA,13195.871,-0.12795964779607275,0.01592622805021895,-8.034523139602635,9.39435497106333e-16,1.391991796622113e-15
GRINL1A,2144.1956,0.4933687374620535,0.01170164540562684,42.16233874467028,0.0,0.0
GRIP1,247.41296,0.06269367202288662,0.03186287545023939,1.967608733894592,0.04911307404304312,0.05448414747397095
GRIP2,35.708256,0.6133618872844597,0.03790527995968708,16.181436674172588,6.8184669988926925e-59,1.5620250886739769e-58
GRIPAP1,2382.0596,-0.053653448346751245,0.011011673557434449,-4.8724154477434105,1.1024204146392163e-06,1.4027610763524877e-06
GRK1,2.5363646,1.2081741942825528,0.07512251532885841,16.08271753140341,3.372545148462422e-58,7.67769726909834e-58
GRK4,165.07248,0.33911852485856925,0.015483256798000541,21.9022734869554,2.4713690579744184e-106,8.264553654944347e-106
GRK5,849.0058,0.646595319687814,0.022766054264525423,28.40172970576431,1.9250636951714073e-177,1.0811688764136465e-176
GRK6,2001.4207,-0.5710223949656096,0.012432862242800309,-45.928474378157006,0.0,0.0
GRK7,3.5171342,-1.0485909734322467,0.04372308230801383,-23.982549218403445,4.2296716063620886e-127,1.661429369745818e-126
GRLF1,5450.2744,0.3940058507003495,0.013587864518093446,28.996892791777235,7.200716848268641e-185,4.281524366644312e-184
GRM1,44.237324,1.8361793832490263,0.05187869648345665,35.393707007163464,2.133887764257755e-274,2.4558406440092503e-273
GRM2,35.01718,0.7513525078134128,0.036261873950938536,20.72017868767552,2.278383482330972e-95,6.95645010749494e-95
GRM3,90.57228,3.779671667454976,0.06345116085720123,59.56820358198398,0.0,0.0
GRM4,122.97551,0.06738314284960945,0.058230154064767135,1.1571864085171715,0.24719620944809761,0.26272017269543846
GRM5,100.808426,2.14609423840337,0.06459828881098245,33.222153061715616,5.154928352909032e-242,4.7146983978829726e-241
GRM6,15.16905,0.39727389721062645,0.03852126104817648,10.313107265979099,6.148074607407471e-25,1.0235395447886883e-24
GRM7,21.468922,1.1266082044319101,0.0630983725714768,17.85479020327675,2.652756313655169e-71,6.7391397291871216e-71
GRM8,108.08479,-0.08982100263200131,0.04809944726976148,-1.8674019709259484,0.06184547478694292,0.06828156297111555
GRN,23859.43,-0.4458485359523863,0.016336110278480354,-27.292208999084988,5.248217773892406e-164,2.68936485423296e-163
GRPEL1,1692.431,-0.297859326937111,0.012645490147062342,-23.554589302045066,1.1265235452304291e-122,4.2685451065226707e-122
GRPEL2,977.92267,-0.14150951989692243,0.013394194061057378,-10.564989520970943,4.33017036798337e-26,7.294823212393333e-26
GRPR,89.54844,0.4551321393759648,0.05308990056796537,8.572857257347984,1.0094859781289295e-17,1.536952215728902e-17
GRP,66.78923,0.2768983978333235,0.06021890378981318,4.59819725048141,4.261624238710601e-06,5.354712576430854e-06
GRRP1,85.24744,0.9065440644268308,0.02649073662869258,34.22117237181457,1.1711387713730008e-256,1.1921607123191461e-255
GRSF1,4728.3433,-0.05953901350148824,0.00876298723741258,-6.79437409737323,1.0878376949852804e-11,1.510935163883567e-11
GRTP1,633.234,-0.8204371259977731,0.027992456089503025,-29.309222576772434,7.912661762582038e-189,4.843472063271428e-188
GRWD1,2009.598,-0.3493777573940101,0.010751171673573846,-32.49671459091043,1.1865522429164269e-231,1.0090650423364885e-230
GRXCR1,0.12794802,-0.3120892366525966,0.235054837259303,-1.327729479178139,0.18426749124028996,0.19767635441885675
GRXCR2,0.18256064,-0.4034087305400446,0.11212289858165511,-3.597915641168128,0.00032077761920738893,0.0003854064059866174
GSC2,0.05273084,-0.33353378136759343,0.2846329503148209,-1.1718031274969583,0.2412761067665038,0.2566560560979806
GSC,46.279823,0.2194726186442752,0.045186173852172044,4.8570746300026775,1.191327016869353e-06,1.5145639275910553e-06
GSDMA,94.88486,-1.5606692050066637,0.04558412103194472,-34.23712401765888,6.780732908312966e-257,6.923216714159663e-256
GSDMB,756.14777,-1.5433191000308115,0.0349444501594395,-44.16492727712634,0.0,0.0
GSDMC,283.48685,-2.1747888828807476,0.0585275573501953,-37.15837429995685,3.21107033494555e-302,4.527297849664574e-301
GSDMD,3616.3787,-0.5861920740062481,0.019891437396652993,-29.469568353309793,7.06904661082438e-191,4.3824214357421906e-190
GSG1L,87.53879,2.1810164408776744,0.0714285750009253,30.534228645180463,9.158434132560012e-205,6.348537981095992e-204
GSG1,6.1004186,0.16179004030197275,0.0758460946227824,2.13313607123253,0.03291356551280479,0.036791702645099254
GSG2,169.87798,-0.8492508431301495,0.03030956494335162,-28.019235667598455,9.473373235947829e-173,5.163812736563905e-172
GSK3A,3891.3872,-0.13965209366293188,0.008882419727936417,-15.722302924247892,1.0638543911237158e-55,2.3691764984563256e-55
GSK3B,3140.5647,0.14720151907254514,0.011431322814487808,12.87703282125715,6.062167067147252e-38,1.155290267902751e-37
GSN,25230.447,0.7260786155453356,0.021558056707633243,33.68015148082651,1.1288749434837167e-248,1.0871695825158462e-247
GSPT1,6960.295,-0.004163143084534366,0.010766706919117765,-0.3866681907299004,0.6990018679980897,0.7122255658161808
GSPT2,546.2229,0.589232291645717,0.02577239519422352,22.862923186036827,1.0870259518750295e-115,3.8969468839978382e-115
GSR,2451.8506,-0.2331110687283965,0.020006573726614227,-11.651723674118914,2.2486392913940697e-31,4.014737115977538e-31
GSS,3254.327,-0.530173018077754,0.013246037779487215,-40.02502687247191,0.0,0.0
GSTA1,4062.633,0.1003281445400312,0.08091893030494435,1.2398599952068434,0.21502718285582467,0.22945324261029063
GSTA2,871.1632,0.9090062483823477,0.09388189508221621,9.682444603257037,3.5805032282052875e-22,5.749307139603395e-22
GSTA3,22.862402,-2.885665999119343,0.11223166569355139,-25.711691805400584,8.650625939149708e-146,3.8656297957670964e-145
GSTA4,1259.8505,0.14388929221774863,0.025304478687819175,5.686317192814277,1.2980819728096468e-08,1.7090894965033693e-08
GSTA5,0.31744334,-0.12126204063080476,0.1147378496218565,-1.05686171590674,0.29057470299991994,0.3069321561884077
GSTCD,539.1656,0.14622910062568137,0.01563674713393969,9.351631728333693,8.63058130975094e-21,1.3645259368270512e-20
GSTK1,6315.4116,-0.37744747460601946,0.01752620777687714,-21.536174819517854,7.136208808717684e-103,2.3171622828817117e-102
GSTM1,1805.3151,-0.6257489626490524,0.06272982859251718,-9.975301649775206,1.9550647113561927e-23,3.186802438630963e-23
GSTM2P1,10.261935,-1.327624101533765,0.045719817123476676,-29.038263603465797,2.1646906637819305e-185,1.2927819660878947e-184
GSTM2,2568.2932,-0.2881769340158156,0.03511364214902693,-8.206979292912843,2.268226674527674e-16,3.3907648775026742e-16
GSTM3,3048.6301,0.24163305357866438,0.03317662231147891,7.2832324915445295,3.259148397371403e-13,4.635855671213889e-13
GSTM4,1662.8785,-0.23509640571497378,0.022122639037192252,-10.626960251881938,2.232713969900001e-26,3.775400640630741e-26
GSTM5,227.96706,1.6148384659663382,0.041666309668414295,38.756455246875106,0.0,0.0
GSTO1,4647.7085,-0.39693128428110513,0.02006688661343306,-19.780411975587366,4.390885590151988e-87,1.2629844550707025e-86
GSTO2,556.0156,-0.654059343087468,0.031138441016064018,-21.004884051518353,5.917783378602906e-98,1.8453078848977877e-97
GSTP1,23361.951,-1.041199989156858,0.026468650990249348,-39.33710069094267,0.0,0.0
GSTT1,1925.2314,0.009744422364037107,0.04817361843695248,0.20227715252052694,0.8397000604308157,0.8481991332329931
GSTT2,488.62128,0.4360415494016645,0.03629727978631664,12.013064118541568,3.0339154190088646e-33,5.5129850067477216e-33
GSTTP1,0.12259217,-0.5675991698653704,0.19501686578765318,-2.9105132398313116,0.0036083567849525917,0.004185422503694725
GSTTP2,0.27027476,-0.644022812472033,0.13334429153033547,-4.829774151415545,1.3668799925537565e-06,1.734932030448998e-06
GSTZ1,1143.3632,-0.29190824643986274,0.02092130034238119,-13.95268179619464,3.029943581523993e-44,6.126390046305192e-44
GSX1,3.7545252,3.258720140699667,0.20538152061883624,15.866666732629103,1.0781679873421435e-56,2.4195791506061176e-56
GSX2,2.3063257,2.1605989819704927,0.12127134739047704,17.816236303647734,5.287661360244297e-71,1.340783380660277e-70
GTDC1,719.3317,0.36946544864618,0.012354075469361864,29.906361634462666,1.6265603579726898e-196,1.0529457020020982e-195
GTF2A1L,13.838412,0.7968468157964496,0.045547546681341505,17.494835042847146,1.5686599471072129e-68,3.898004133181466e-68
GTF2A1,368.41943,0.5891970940756244,0.021494061449008128,27.412087542106367,1.968293267794459e-165,1.0183604228469477e-164
GTF2A2,1749.5458,-0.18930808933481275,0.010906031261554969,-17.358109911361232,1.7126954110279896e-67,4.220889223231914e-67
GTF2B,1211.002,-0.04564244498310229,0.009260407565585205,-4.9287728061478635,8.274773105094802e-07,1.0556181818824805e-06
GTF2E1,678.7171,-0.088764832764261,0.011409622830208244,-7.779821829801969,7.262676052156936e-15,1.0606945605872529e-14
GTF2E2,1360.0225,-0.35471604192650313,0.012475351117395781,-28.4333513813397,7.828914662426467e-178,4.4078781419341935e-177
GTF2F1,4436.929,-0.05371785352874878,0.010163976227647056,-5.285121917407748,1.2562106662524244e-07,1.6266102495855186e-07
GTF2F2,1151.9412,-0.1543888514444642,0.013090951415389362,-11.79355468869657,4.213726989380941e-32,7.569019567390734e-32
GTF2H1,1636.6646,0.09971500655628915,0.009541034757499274,10.451173178874853,1.4472377465587383e-25,2.425645285435857e-25
GTF2H2B,253.42683,-0.4204689213972554,0.02974698601731265,-14.134841128191738,2.3165620106848995e-45,4.724793225359033e-45
GTF2H2C,743.6621,0.008915798818955606,0.016276922034310776,0.5477570513738185,0.5838587324814206,0.6000090825596508
GTF2H2,335.47647,-0.08363783904595724,0.02324331554181526,-3.5983609522269253,0.0003202289819605898,0.0003847699388418111
GTF2H3,512.10425,0.09766163007104409,0.015596954902883065,6.261583153836749,3.8108851211934406e-10,5.161719791256553e-10
GTF2H4,1084.9014,-0.18916540926045247,0.010858450773312366,-17.421031159010138,5.713805251560389e-68,1.4134551776004613e-67
GTF2H5,1385.929,0.03894537040573085,0.012829795098701557,3.035541106160949,0.0024010449177397997,0.0028046860680626877
GTF2IP1,14394.366,0.049687473115071996,0.01366990878285864,3.634806486593204,0.0002781893674560284,0.00033494927742842764
GTF2IRD1,1776.218,-0.3041709262035965,0.017645766218360222,-17.23761509925877,1.386393951892174e-66,3.385175637631659e-66
GTF2IRD2B,371.20004,0.16701730697238934,0.022768755063595762,7.3353728170859895,2.211051220425644e-13,3.155611061804815e-13
GTF2IRD2P1,506.15894,0.39513601288101347,0.018361256612590648,21.520096430113696,1.0095230351710329e-102,3.273272730219312e-102
GTF2IRD2,845.43097,0.3048556014034072,0.01622609928727393,18.7879783061912,9.471963230313242e-79,2.5582342717690013e-78
GTF2I,6192.4385,0.11382274592799033,0.017805036011884157,6.392727644696599,1.6295236241151566e-10,2.2195404738984729e-10
GTF3A,4878.0566,-0.45848118821875183,0.014821947463495968,-30.93258759335884,4.3568003198284724e-210,3.1431643412965226e-209
GTF3C1,6221.593,0.04060117565921736,0.013404702615250086,3.0288755241035146,0.00245465798030774,0.002866160921145061
GTF3C2,3214.5579,-0.17467548839054514,0.009475175602394525,-18.435066084305802,6.873470934744739e-76,1.8145357204417548e-75
GTF3C3,1373.4742,-0.027426918032038065,0.011826355744931155,-2.3191352115205395,0.020387706062108324,0.022985563612718096
GTF3C4,906.34174,0.21697063276162756,0.016458576276294982,13.182831195072858,1.1017712901488511e-39,2.134655661985198e-39
GTF3C5,3023.0918,-0.4509554053421402,0.012321351628397757,-36.59950782532626,2.9120998763675975e-293,3.810246875512077e-292
GTF3C6,2075.048,-0.16553166085383217,0.014193629773839218,-11.66239105087336,1.983916555001673e-31,3.5448970636544725e-31
GTPBP10,693.07324,-0.05442185775077703,0.011332267270176454,-4.802380358077244,1.5679050285270329e-06,1.9868653352285487e-06
GTPBP1,3225.0046,0.03308903033853118,0.01016728934581191,3.2544593955281846,0.001136083994942797,0.0013414646823477789
GTPBP2,2395.6267,-0.2655924942548053,0.012499092644231243,-21.248941968390426,3.3717801248392125e-100,1.0690869266718816e-99
GTPBP3,848.49115,-0.4145595308704535,0.012597298768855375,-32.90860512853594,1.655452684904352e-237,1.469196216737912e-236
GTPBP4,2503.9443,-0.2904837208216687,0.012748010909642268,-22.786591796995893,6.22779569456905e-115,2.2193539741944913e-114
GTPBP5,1228.825,-0.26146129843703175,0.012074964535041418,-21.653173198005994,5.673634722563186e-104,1.8585604073477698e-103
GTPBP8,360.98178,-0.14053874501959193,0.012076927934043871,-11.636961467942912,2.6737210992217873e-31,4.768245257450628e-31
GTSE1,612.9215,-0.6829759431311889,0.030254848914766996,-22.57409861986907,7.788154369023075e-113,2.7328341054626126e-112
GTSF1L,2.5543635,-1.1844029475759097,0.05752092408755829,-20.590819190821982,3.3171293813989685e-94,1.0025747784427197e-93
GTSF1,158.83138,-1.2281788146807204,0.06690326245675605,-18.35753249663382,2.873714053939705e-75,7.545259791611873e-75
GUCA1A,14.005434,-0.24693450420042568,0.05721266153553724,-4.316081398294048,1.5882343320726592e-05,1.97187844655856e-05
GUCA1B,59.56005,0.14510563900131948,0.024312670747593385,5.96831341598631,2.3971856500053865e-09,3.2002821408826014e-09
GUCA1C,1.6227349,-0.1953204293278722,0.13887624827689904,-1.4064350942029458,0.1595949653682326,0.17199692445777606
GUCA2A,53.167427,-2.9578632616841336,0.12354184579501276,-23.94219742023264,1.1142062464883588e-126,4.353123195597102e-126
GUCA2B,24.179033,-1.3991563392120736,0.12165715369584038,-11.500814351699836,1.3067663975646649e-30,2.313431051132088e-30
GUCY1A2,82.24739,1.562076395633645,0.030739044739732706,50.81733700118971,0.0,0.0
GUCY1A3,2407.3892,0.8850269207521643,0.030793637876958407,28.740577007771886,1.1879274751061224e-181,6.902116285869162e-181
GUCY1B2,35.955738,-1.0506140674967004,0.0508121343051041,-20.676440418507788,5.6456074972785415e-95,1.7193556176079853e-94
GUCY1B3,1010.171,1.0087719121052896,0.025379184360816074,39.748003630202255,0.0,0.0
GUCY2C,379.91684,-2.6672610989777343,0.06803832178801462,-39.20233522643395,0.0,0.0
GUCY2D,14.238259,-0.790633988492768,0.04261047688837581,-18.554919968719098,7.441813202266168e-77,1.979201502089313e-76
GUCY2E,1.3943907,-1.3976964795585984,0.12184011921092418,-11.471561983117963,1.8332006362646855e-30,3.238924911369673e-30
GUCY2F,0.8029004,-0.8814822661299101,0.09638634025041441,-9.145302787094048,5.946305069820619e-20,9.295210758329083e-20
GUCY2GP,0.95177025,-1.2872584922396515,0.10455693350008984,-12.311555524326327,7.849555482532754e-35,1.452810000626221e-34
GUF1,1474.6309,-0.017740792739064242,0.011606950284407537,-1.5284628868357215,0.12639765135198347,0.13715647499600422
GUK1,8422.968,-0.4108539621823346,0.014805145688938025,-27.75075442110055,1.7063328412824415e-169,9.110734412711572e-169
GULP1,764.4928,0.30545504080024655,0.033969649623767834,8.991998568820275,2.4277488098077823e-19,3.7710031295396845e-19
GUSBL1,71.935555,-0.18158446750697743,0.024045384474123296,-7.551738991838187,4.294845462063057e-14,6.202650121454336e-14
GUSBL2,293.4669,0.020026266387494888,0.016652060112505893,1.2026299600284849,0.22911954854813432,0.24406890377205248
GUSBP1,293.07626,-0.021805504151595163,0.01619285965089344,-1.3466123107163501,0.17810512718990557,0.1913175900627493
GUSBP3,186.27417,-0.45788218046822016,0.0271159588612752,-16.88607741333205,5.696677495097575e-64,1.361411634260964e-63
GUSB,4485.525,-0.20703641538923845,0.01588523786803113,-13.033258746845522,7.915344873949483e-39,1.5218482036900324e-38
GVIN1,245.62584,0.09617540635435767,0.03375191233730948,2.8494802129491505,0.004379072954469015,0.005065542402274697
GXYLT1,1110.9956,0.34149014105722875,0.013829862358777416,24.692229915107923,1.2961261609725817e-134,5.355760607111993e-134
GXYLT2,210.6092,0.9527939867441577,0.033149459435365534,28.742368743656453,1.128230925314535e-181,6.557137712954216e-181
GYG1,2310.1438,0.15544097525936146,0.0137000068988651,11.346050874780076,7.758847603402291e-30,1.3603373954328903e-29
GYG2,1014.91797,0.3377485896902334,0.04094007672887891,8.249827960190103,1.5862271448402712e-16,2.375606770766741e-16
GYLTL1B,1274.9683,-1.0398857881506955,0.04152505966757014,-25.04236710255268,2.1142900301572797e-138,8.94530979301165e-138
GYPA,7.1931186,-0.7174696091472746,0.12582268453715376,-5.70222779609678,1.1825165308465824e-08,1.5582429806799724e-08
GYPB,2.014981,-3.4548858477334794,0.22996718379764344,-15.023386340085636,5.1602713726680665e-51,1.1035500512200542e-50
GYPC,1789.6697,0.07201377444566287,0.0323163349149362,2.2284016623549414,0.025853742346550107,0.02903073964113472
GYPE,19.03389,0.5109055539595526,0.03723298460064517,13.721853336213602,7.512033624519501e-43,1.4951363042486316e-42
GYS1,3377.7517,-0.25247061489747047,0.014452012085818842,-17.469582325163522,2.4427639828768628e-68,6.059733389471189e-68
GYS2,90.10203,0.06410741452856845,0.07635912981598408,0.8395514024722293,0.4011599569890565,0.41889601294251433
GZF1,1011.7544,0.2993271557077088,0.01106029844941313,27.06320783989255,2.6704939436231284e-161,1.3397877328295533e-160
GZMA,382.21606,-0.5594445912117617,0.03626148677957244,-15.428065446200057,1.060001782408362e-53,2.3214905645494666e-53
GZMB,350.32068,-1.2374065816391584,0.040097386110070236,-30.860031081387387,4.1091851796713587e-209,2.943662951193849e-208
GZMH,145.8509,-0.5382475822105893,0.037238251527737395,-14.454158294990531,2.35997110008327e-47,4.891240112653496e-47
GZMK,308.03238,-0.15983990643240129,0.04194420482956913,-3.8107745058435345,0.00013853208835933433,0.0001680595153681139
GZMM,87.91451,-0.5901980614217054,0.03487496402199249,-16.923259363064023,3.031780896537819e-64,7.260796056065577e-64
H19,32510.71,-0.461530845451679,0.054013338727250025,-8.544756838348047,1.2880719426085493e-17,1.9568581956247634e-17
H1F0,12547.727,-0.08182079010506835,0.019006673125581276,-4.304845438465762,1.6710236034005933e-05,2.073527734603077e-05
H1FNT,2.056079,0.507741845090496,0.04754164947867222,10.679937500239141,1.2635670055915922e-26,2.1421401171487405e-26
H1FOO,0.2402737,-0.777254766076192,0.15418347023094525,-5.041103076172648,4.628560596500007e-07,5.931444903640942e-07
H1FX,5943.45,-0.3950829160010268,0.016160053888169136,-24.44811872132859,5.269666286897528e-132,2.1414198789410535e-131
H2AFB1,10.7242775,-1.5283223391683105,0.04068284751922744,-37.566749437732895,7.5070610628318e-309,1.106707141044117e-307
H2AFJ,4360.0107,-0.74846972469047,0.028366644739611466,-26.38555710627628,2.0070539251770646e-153,9.504910644959261e-153
H2AFV,7860.8223,0.21226282655369935,0.009601361944453622,22.107574715097194,2.6724958371380574e-108,9.05916462675553e-108
H2AFX,2782.0452,-0.6931055121014716,0.020406316685984152,-33.9652433492578,7.265641459522825e-253,7.191113003131998e-252
H2AFY2,1330.9836,-0.25856830640776646,0.026852232885080502,-9.629303734790371,6.013555696695514e-22,9.628783360520958e-22
H2AFY,8998.296,-0.48282924817359574,0.011200539627269513,-43.10767732994492,0.0,0.0
H2AFZ,8532.058,-0.5309590542808718,0.016384534458238332,-32.406111728972526,2.251157028556091e-230,1.893073355818813e-229
H2BFM,1.514842,-1.1242464699093029,0.09946283270707316,-11.303181694214441,1.2654836483437433e-29,2.2113107541524565e-29
H2BFWT,1.6433448,-1.3489285228189132,0.11371868819791653,-11.861977518340975,1.865171951410408e-32,3.3619332234408586e-32
H2BFXP,17.127565,0.2528008578124465,0.0373945611971168,6.760364334264149,1.3764516501089627e-11,1.9081560087544853e-11
H3F3A,11410.307,-0.600903181194821,0.016108027931440262,-37.30457780135552,1.3833126667966994e-304,1.9819044745470795e-303
H3F3B,27325.031,-0.01517076832080823,0.011616841728548504,-1.3059288122627957,0.19157676737648233,0.20527954773777912
H3F3C,997.8175,-0.40585203787330915,0.023170942388034476,-17.515560268402893,1.0900746774186413e-68,2.7123967682187873e-68
H6PD,5433.1597,0.2299393269079098,0.0161912567966725,14.201450189781754,8.97359864637069e-46,1.8364846686918063e-45
HAAO,844.5427,0.1729091234055087,0.0413341728511813,4.183200279053536,2.8743395948767435e-05,3.5463717236589066e-05
HABP2,1654.6624,-0.031126415906218733,0.07733944572136447,-0.4024649467796778,0.6873418807678778,0.7010115895478021
HABP4,1162.1371,0.7849880096633368,0.023740895461087957,33.06480208170563,9.532249022278226e-240,8.587037957724e-239
HACE1,519.3269,0.5641313992381016,0.016140074910977173,34.95221691037041,1.1982908054929559e-267,1.3130248928434385e-266
HACL1,853.58716,0.03626705168551631,0.014800091419192236,2.4504613288054746,0.014267328724867445,0.016199238498108098
HADHA,11075.866,0.05428810957996221,0.010795108552067712,5.028954486017074,4.931614217193133e-07,6.315829014772285e-07
HADHB,6413.4375,0.28378404406920715,0.013480457168951935,21.05151483458706,2.2148682583543035e-98,6.933041646961141e-98
HADH,3293.7417,0.04213876265687392,0.016622173294707245,2.535093450763839,0.011241733204290626,0.012819719167991534
HAGHL,427.4514,-0.9332007068364054,0.033030772030394576,-28.25246427718019,1.3275052826480537e-175,7.362211944819321e-175
HAGH,2230.5146,-0.10999684804758694,0.021442127600287905,-5.129940932079427,2.8983311030687564e-07,3.7287281470696246e-07
HAL,250.99959,-1.1093977688970342,0.06455073017433913,-17.18644802159114,3.3546534347220207e-66,8.15588598967108e-66
HAMP,140.99576,0.5452294156532635,0.05229408437090896,10.426215932687274,1.882360648854558e-25,3.149488860127379e-25
HAND1,35.998928,-0.3512250955488271,0.10933248355620392,-3.21244962269859,0.0013160822747485563,0.0015502267433236438
HAND2,518.21423,-0.08402708555585103,0.06960156363323722,-1.2072585897441692,0.2273325729792297,0.24219067782753206
HAO1,386.01044,-0.13772157941673652,0.16532950655910333,-0.8330127046469028,0.404837564146041,0.42256282842600607
HAO2,295.25595,2.076331338217607,0.09893955608914937,20.985856620851735,8.831740478430456e-98,2.75100067932016e-97
HAP1,254.6194,0.5271569836844693,0.049979590047563346,10.547445130758327,5.219714498068017e-26,8.780316241111027e-26
HAPLN1,327.42706,1.387524455232402,0.051262169820156765,27.067220527345185,2.3953068641672446e-161,1.2020224906970899e-160
HAPLN2,80.571304,3.4738641610470133,0.0601501291664209,57.75322861627893,0.0,0.0
HAPLN3,1016.8813,-0.5641768137536295,0.03173802121936446,-17.776055093485343,1.0834013185132045e-70,2.7386351432344588e-70
HAPLN4,151.77655,0.273555252514184,0.05279209608644332,5.181746374803088,2.198179847519995e-07,2.835323334747819e-07
HAR1A,44.56863,-0.21474175941387474,0.04043551643204831,-5.310721325267286,1.0919218860570923e-07,1.4157710914683697e-07
HAR1B,12.977448,-0.4501496321974193,0.0495172321584245,-9.090767245576632,9.834259578365126e-20,1.534219852535905e-19
HARBI1,164.3762,-0.0770110312499103,0.010844024344292477,-7.101702172998479,1.232295713069266e-12,1.7398272137570864e-12
HARS2,1585.486,-0.09396135216629144,0.009193307549268484,-10.220625347595163,1.6030336904934503e-24,2.6539938932061607e-24
HARS,2970.834,-0.11526691476010029,0.009610766032977237,-11.993520013346194,3.842234042711898e-33,6.971218507759694e-33
HAS1,83.514305,1.8276393314619075,0.05595592680113944,32.66212242283316,5.391634422469074e-234,4.657118591728803e-233
HAS2AS,18.838936,0.6960186717437981,0.04170838927519583,16.687737978836875,1.6095450416430562e-62,3.8058916960291503e-62
HAS2,300.6037,0.7364616137159385,0.04031633717370125,18.26707645942449,1.5134461991827293e-74,3.950288611430921e-74
HAS3,1907.0776,-1.6457755139507906,0.04543911842211943,-36.2193539641746,3.0191492603233365e-287,3.794250604377951e-286
HAT1,2060.1992,-0.04524051149955712,0.011200653543167087,-4.039095694300437,5.365767213822338e-05,6.573694470225598e-05
HAUS1,750.7374,-0.22109710917560682,0.015112895696715934,-14.629698610548322,1.815897531429865e-48,3.800746154249062e-48
HAUS2,1107.7783,0.06634542777780307,0.010574460628779444,6.274119324558021,3.51618779698636e-10,4.764146636419893e-10
HAUS3,728.01764,-0.020303617919951496,0.0111953833795607,-1.8135705791924561,0.06974386336851662,0.07672314877179608
HAUS4,1851.3802,-0.05916961985335564,0.012795414088314994,-4.62428331314345,3.758958021311074e-06,4.725739555135986e-06
HAUS5,958.6457,-0.3685511141842552,0.014033427630450488,-26.262373234073845,5.162582498182873e-152,2.4217745871084126e-151
HAUS6,1025.652,0.01062562107094847,0.015096060647801666,0.7038671424850034,0.4815155153867965,0.4987369952055245
HAUS7,901.0239,-0.2968757789568357,0.01796396874381222,-16.526179887676328,2.3774159347611115e-61,5.558315458865579e-61
HAUS8,394.09692,-0.5750561939743153,0.017550063955624015,-32.766615291452275,1.7609039038522396e-235,1.5366584902926595e-234
HAVCR1,185.56505,1.0188152008986644,0.08839455885194857,11.52576826142739,9.783558566421504e-31,1.7348965147093057e-30
HAVCR2,986.76117,0.5982561384017244,0.03017666074280093,19.825127223344182,1.8072358583340821e-87,5.21228429520096e-87
HAX1,3869.884,-0.18317023522962425,0.011333192471046596,-16.162280460477245,9.305465306995899e-59,2.129608455318452e-58
HBA1,1189.3859,0.09829675156601118,0.05615772847525221,1.7503690807103949,0.08005464770370993,0.08780952387262704
HBA2,3312.6572,0.35620773478951506,0.04530548931550681,7.862352667882897,3.7698485497789105e-15,5.532752784382125e-15
HBBP1,0.36277634,-0.8108312360177288,0.14349427086011315,-5.650617485684678,1.59872494102015e-08,2.100577029637253e-08
HBB,3726.279,0.7471831882544981,0.04855704656969907,15.387739597835445,1.9782308834382214e-53,4.320867133989781e-53
HBD,21.531233,-2.377994447716519,0.08062351495934136,-29.495048050382664,3.332301076085947e-191,2.067102913102797e-190
HBE1,9.031062,-1.1119146232534505,0.06983985620590555,-15.920917992374513,4.53671539037497e-57,1.0216014670129855e-56
HBEGF,1371.3447,0.17061845610556683,0.029176118746442017,5.847880507628298,4.978759837668041e-09,6.610315086414743e-09
HBG1,21.955452,-1.1678526649696062,0.07965384694572454,-14.66159777273998,1.1356869749017415e-48,2.382672209606817e-48
HBG2,22.906605,-1.3832893261538142,0.078195679945859,-17.690099083626787,4.9987450117151985e-70,1.2562578656154762e-69
HBII-52-24,0.0,,,,,
HBII-52-27,0.0,,,,,
HBII-52-28,0.0,,,,,
HBII-52-45,0.0,,,,,
HBII-52-46,0.0,,,,,
HBM,3.3631182,-2.108049128455104,0.12185086568213786,-17.300239244538442,4.684395593769699e-67,1.1495854615906135e-66
HBP1,3684.993,0.2894246375222389,0.011009341670332974,26.289004936794313,2.5616714708177317e-152,1.2052939559597457e-151
HBQ1,7.0553164,-0.27640929520922497,0.0682021189457436,-4.05279629844221,5.060906577165166e-05,6.204311254561668e-05
HBS1L,2021.0557,0.08492027799339529,0.011567495139108552,7.341284951682258,2.1155285726370817e-13,3.020339846445887e-13
HBXIP,3233.9692,-0.12320933105268454,0.012325469906120351,-9.996319166014397,1.5816709688265247e-23,2.581882557275434e-23
HBZ,1.2787969,-0.45813472159302265,0.07570459266440202,-6.051610681321951,1.4340470360082767e-09,1.922924560764836e-09
HCCS,1126.2789,-0.21013494234620542,0.012376243236063839,-16.978895642086385,1.1767961408569727e-64,2.8272825857572704e-64
HCFC1R1,2638.119,-0.10128693891257298,0.020348041931775394,-4.977724109876334,6.43362700481929e-07,8.221328909811443e-07
HCFC1,5596.778,-0.15430105120816856,0.01263273220571051,-12.214384718645281,2.6046450625646855e-34,4.791539606827002e-34
HCFC2,712.34143,0.77527514311808,0.014935004557410888,51.90993682913751,0.0,0.0
HCG11,682.2551,0.37773249578340434,0.023055366429034975,16.383712527236334,2.5000658994473076e-60,5.794494723001792e-60
HCG18,1021.475,0.02459260170591268,0.013505698444376046,1.8209055834615773,0.06862121031695889,0.07553304610958943
HCG22,32.701984,0.7911277756208053,0.06426024373213332,12.311309912215629,7.873482247826309e-35,1.4571059456730827e-34
HCG26,162.3511,-0.4618836242055183,0.02590515688071529,-17.829794520540453,4.1494332322207316e-71,1.052689235822827e-70
HCG27,45.910934,-0.20609654705800837,0.026589577494284037,-7.751027525815819,9.115192348819196e-15,1.3294376461752991e-14
HCG2P7,12.583922,0.3544776437341295,0.0351783598416465,10.076582459494746,7.012277731082542e-24,1.1502937904045563e-23
HCG4P6,16.242624,0.3412042492706631,0.027971212959698087,12.19840733264883,3.1696293039397887e-34,5.826154116911353e-34
HCG4,131.1154,0.029038229415435005,0.03836504411615407,0.7568928978035008,0.44911403068345546,0.46645814461200236
HCG9,0.8163134,0.06336055141717731,0.051487945041570116,1.2305900219171992,0.21847623901724644,0.23301156425963226
HCK,1004.8878,-0.13916085780824605,0.027979303025315216,-4.973707089212894,6.568453388965082e-07,8.392565742810349e-07
HCLS1,2310.0737,-0.14367560313686886,0.02688129800373832,-5.344816426531495,9.050873434995878e-08,1.1747958703416071e-07
HCN1,63.484993,0.49877853414896595,0.07741685504935558,6.442764096151667,1.173169736455786e-10,1.6012712968961751e-10
HCN2,334.38434,0.9764823277793541,0.049831485464818547,19.595689726503515,1.6828966528585245e-85,4.779867878843011e-85
HCN3,314.52072,-0.2145342905623815,0.021091854062100283,-10.17142873882651,2.6597822944181254e-24,4.3892767878786266e-24
HCN4,67.69063,-0.008234489382421044,0.057726819233803045,-0.14264581855913483,0.8865699094936627,0.8931504175061348
HCP5,2130.898,-0.4866400043806498,0.02522871879938718,-19.289128720736727,6.628088592590621e-83,1.8449720489000884e-82
HCRTR1,3.0838976,0.09630401550020505,0.05747006270372455,1.6757249073605716,0.09379208876293103,0.10256825133611822
HCRTR2,2.9816065,0.21825360887125966,0.0790429150980075,2.7612039434608526,0.00575887024737973,0.006631120375906561
HCRT,0.8233493,-1.1533037786044265,0.07655623136702344,-15.06479300261391,2.7602881365119234e-51,5.917311379514188e-51
HCST,434.70166,-0.49278857464350295,0.029461034751057637,-16.726791126228587,8.362390607713204e-63,1.9849587312863834e-62
HDAC10,1271.075,-0.5712728658058932,0.014715333815176158,-38.821604251799606,0.0,0.0
HDAC11,1508.3206,0.09109202285344283,0.020153288854087504,4.519958182158813,6.185184762383736e-06,7.747273076004089e-06
HDAC1,6423.092,-0.5115350214596696,0.013901664656958149,-36.79667392952345,2.0868283567135275e-296,2.8024893479109963e-295
HDAC2,4605.5977,-0.15582403512576118,0.01288647322017247,-12.092062154122543,1.1632967436475452e-33,2.123514606287131e-33
HDAC3,2320.9966,-0.13521995865943864,0.00879840260898346,-15.368694144704701,2.654659164331343e-53,5.789631058020548e-53
HDAC4,1249.9734,0.4222859663548075,0.020184068526462876,20.921746564680845,3.394519506125528e-97,1.0526888442530027e-96
HDAC5,3398.298,0.2189101521030354,0.014615691488203957,14.977748557412667,1.0263539423057131e-50,2.189619607188726e-50
HDAC6,2911.0793,0.2123398615392801,0.013593887980124559,15.62024505790686,5.300153431226164e-55,1.1732719768004074e-54
HDAC7,4235.679,-0.04139341370176306,0.015678000811759425,-2.6402227043332944,0.008285156295516021,0.009486923341980353
HDAC8,700.8167,-0.18492364929955932,0.009767455169038122,-18.93263353649671,6.141395902286205e-80,1.6720069426938332e-79
HDAC9,598.29297,0.35749630124476256,0.03124829572693025,11.440505567689788,2.6235224656740845e-30,4.629651892056747e-30
HDC,93.45917,-0.5652454932072971,0.04644703002977329,-12.169680017106922,4.5084641252822985e-34,8.277375879396006e-34
HDDC2,1992.3942,0.045995891198593306,0.013857869398916927,3.3191170932948864,0.0009030255502615144,0.0010694373321955774
HDDC3,711.09216,-0.3173784954309384,0.013685245970941612,-23.191289079117748,5.574834672061194e-119,2.0524061317991653e-118
HDGFL1,4.0621533,-1.6975343954962117,0.16263229374290167,-10.43786788237624,1.6650842621547342e-25,2.7882423501569527e-25
HDGFRP2,2937.2144,-0.12968785356534615,0.013932101136034467,-9.308563891337037,1.2957238411065397e-20,2.0442995723099847e-20
HDGFRP3,1473.9996,0.5884578452868809,0.022802035575659987,25.807250555956053,7.352021665817844e-147,3.312966115413579e-146
HDGF,16544.666,-0.37159069744438356,0.013401760505763085,-27.727006260452903,3.300083722621242e-169,1.7583461007287587e-168
HDHD1A,1019.53815,-0.23996459251186264,0.014677744841494466,-16.348873420491334,4.4309642554292184e-60,1.0246479018205753e-59
HDHD2,1600.7667,0.48440417683219145,0.014730538699761056,32.88434908629981,3.6793967916925783e-237,3.252663451240521e-236
HDHD3,1690.0989,-0.7102582801481422,0.02143062910333901,-33.14220393266383,7.335014883675674e-241,6.65479358363427e-240
HDLBP,28343.75,-0.07196586580768165,0.011749006102865701,-6.125272655201742,9.052844759742318e-10,1.2187189477193274e-09
HDX,85.96822,0.9146076097691413,0.023693750049373477,38.601217952551416,0.0,0.0
HEATR1,2403.6106,-0.10039421770240997,0.015309178026618258,-6.55777975328612,5.461479027013105e-11,7.491594900347649e-11
HEATR2,2023.6666,-0.2855341810737106,0.012608099672890305,-22.646884818626614,1.497303015379675e-113,5.28770027582217e-113
HEATR3,645.43005,-0.1800281363283737,0.012714374427183359,-14.159417544246073,1.6334236281246486e-45,3.337837161998366e-45
HEATR4,13.951552,-0.027088361704106265,0.029653279277206672,-0.9135030716460435,0.36097801884325276,0.3784321053362401
HEATR5A,1453.6433,0.5077189648496456,0.01658418274810209,30.614650873148967,7.812859017996137e-206,5.464170276447385e-205
HEATR5B,1761.9841,0.13373020451128134,0.014216273455878139,9.406839628284347,5.112786472287962e-21,8.09481451040599e-21
HEATR6,911.87317,0.16515795839730998,0.012913730277611887,12.789330026788537,1.8808835263383384e-37,3.570767224237433e-37
HEATR7A,2231.5273,-0.4343723641662885,0.01563255916289022,-27.786388629024692,6.3353218784265915e-170,3.39066293698441e-169
HEATR7B2,1.412829,-0.39092448242702804,0.12337670863612797,-3.1685436153105075,0.0015320475989999561,0.001800759602103811
HEBP1,2386.9207,-0.008200954136652068,0.019121705771512218,-0.42888193316257184,0.6680091487900863,0.6821486813571433
HEBP2,3030.035,-0.5393355024192776,0.01978042803824736,-27.26611888157428,1.0703373784664943e-163,5.466883765228138e-163
HECA,2140.641,0.06593409403753431,0.014688248819028726,4.488900947274003,7.159157426649187e-06,8.952354649539389e-06
HECTD1,6173.773,0.258720115807485,0.012957445712207088,19.966907178607524,1.0686932848508565e-88,3.107330275104054e-88
HECTD2,502.1418,0.8174794935677155,0.01978298432477601,41.32235461279279,0.0,0.0
HECTD3,2796.0479,-0.13475964211990543,0.011177922213731616,-12.055875818706161,1.8060244043002654e-33,3.288805979172549e-33
HECW1,93.967896,1.6884342926799307,0.04540931844882546,37.18255085864657,1.3064335757816209e-302,1.8496301230415869e-301
HECW2,443.80832,1.1334225681812329,0.02766088465395412,40.97564421242074,0.0,0.0
HEG1,4199.5166,1.1926349790752706,0.02333706108668774,51.10476313384596,0.0,0.0
HELB,94.00518,-0.3608142154663092,0.027470640939952867,-13.134539388978968,2.087578061778634e-39,4.0327357206330023e-39
HELLS,407.56885,-0.7749224905268631,0.027353750384624655,-28.32966155026557,1.4905895769087526e-176,8.307394797778619e-176
HELQ,477.10678,0.27312909533196683,0.010236682101244227,26.681408353861954,7.736315732375721e-157,3.746518839092229e-156
HELT,0.9439335,0.7920325285047578,0.12242880931143703,6.469331303304343,9.843755776881842e-11,1.345568845585722e-10
HELZ,2659.242,0.16925212464572056,0.014535623610546085,11.643953447096859,2.4632687544224186e-31,4.396395947338127e-31
HEMGN,16.64683,-2.7184117545925965,0.07760654542712662,-35.02812474941581,8.3969812577642e-269,9.31630198511288e-268
HEMK1,958.0581,-0.17555901180258868,0.013953371558149933,-12.581834510100718,2.6578509311023864e-36,4.98536826113078e-36
HEPACAM2,192.03673,-0.7735919942363199,0.0747545641607097,-10.348424914540704,4.254269899199646e-25,7.093004739808828e-25
HEPACAM,622.51276,3.1429933687734417,0.09893495549380592,31.768280008679206,1.7757983883753657e-221,1.3996701273300065e-220
HEPHL1,311.99542,-3.6949480114963698,0.06899799751876111,-53.55152532494415,0.0,0.0
HEPH,1747.2615,-0.05976769686176505,0.038075274995156866,-1.5697246275796417,0.11647918915894016,0.12667057379877478
HEPN1,432.5912,3.4468194748936813,0.10079422949249796,34.196595303605406,2.716781409334638e-256,2.762784850781413e-255
HERC1,3038.1255,0.4916010418053285,0.015598230244666883,31.5164627072619,5.168248550554592e-218,3.963102532607945e-217
HERC2P2,2075.8748,-0.04444384395971571,0.023406883903595,-1.8987509889297869,0.057597223990166695,0.06369829340082589
HERC2P4,15.2925825,-0.25317166362923477,0.04720055777003405,-5.363743048603642,8.151484050866094e-08,1.0591362805002413e-07
HERC2,3688.7993,0.20947955358244985,0.01361942448014118,15.380940206974028,2.197335307377305e-53,4.79634925730616e-53
HERC3,1334.2423,0.3552373703429745,0.019143187059476898,18.556856245476276,7.178435363767753e-77,1.9094037832629694e-76
HERC4,1713.8754,-0.0035385615962349837,0.010735350552206794,-0.329617703588411,0.7416888440194953,0.7538713517420322
HERC5,757.2577,-0.0056255882063080895,0.02755228263600148,-0.20417866209594393,0.8382138852960457,0.8467399270984517
HERC6,1279.0452,-0.16677959928393235,0.024254413946623473,-6.876257643287654,6.144532980563202e-12,8.58001007896339e-12
HERPUD1,6862.7207,0.22759434161183795,0.018115466403691296,12.563537506572958,3.350125465887546e-36,6.278093184831053e-36
HERPUD2,1504.0151,0.15627017684837857,0.008712610647093841,17.93609093509805,6.164189935413259e-72,1.5718529921728273e-71
HES1,2970.6648,-0.3062048494888405,0.02319146535508016,-13.203342039866637,8.39272781408583e-40,1.6276199806341534e-39
HES2,686.25793,-2.168347180135967,0.049133735472893576,-44.131535273401205,0.0,0.0
HES3,0.4373113,-0.7062479752020543,0.2606668960124398,-2.7093888253779266,0.006740729162388142,0.007743736881675894
HES4,325.7067,-0.39525885608014083,0.02959761861855508,-13.354414122775019,1.1163298295161716e-40,2.1817566477027683e-40
HES5,45.06231,1.9883622684195699,0.051738861474991134,38.43073101600194,0.0,0.0
HES6,1687.6683,0.7341652749475238,0.04022064780290429,18.253442325076392,1.9427303386030444e-74,5.064931100476294e-74
HES7,7.851771,0.6140731071125275,0.04644392721822094,13.221817014466716,6.565842394788118e-40,1.2746637295269505e-39
HESRG,57.881058,-2.1660338854576944,0.09851864444725325,-21.986030132777415,3.9180249588334316e-107,1.3167228480833582e-106
HESX1,32.539764,0.050110074986332,0.02566743648600667,1.9522820291637197,0.050904729847532554,0.05643176667388594
HEXA,5500.021,-0.04582848853600605,0.015332342035422723,-2.9890077086805955,0.0027988507023477723,0.0032600149578979514
HEXB,5609.477,-0.017411373666096634,0.015074284246983868,-1.1550381683681186,0.24807479663768262,0.2636264111466009
HEXDC,984.13605,-0.4395237848058968,0.018163044332416618,-24.198794913551676,2.29067080082094e-129,9.135311818592266e-129
HEXIM1,2887.7222,-0.08667911639757336,0.012473096810940144,-6.9492859481012905,3.671397152981521e-12,5.142481915208172e-12
HEXIM2,374.16306,-0.2530447438361466,0.01971968855656384,-12.832086222371847,1.0840526083556156e-37,2.0612895352117284e-37
HEY1,1265.1357,1.2002151540468369,0.03656848762246665,32.821022472623625,2.9521600103577614e-236,2.590647657365244e-235
HEY2,450.16824,0.9626479289568228,0.03288992868152743,29.26877520100833,2.5906791365233675e-188,1.5796237358634095e-187
HEYL,1163.8008,0.9664523715926422,0.026551116381897378,36.39968872463577,4.3055394315920763e-290,5.512985992942332e-289
HFE2,445.65204,-0.17019511494767856,0.11166182918759321,-1.5242013872238178,0.12745841161166163,0.13823384839131786
HFE,344.312,0.2999766046634216,0.02422522420609002,12.382820572121268,3.2376104034221394e-35,6.01354896480899e-35
HFM1,26.467733,1.3972137616667026,0.04827281349124808,28.94411285805869,3.328341875672935e-184,1.9686726393615715e-183
HGC6.3,8.480068,-0.533111896586682,0.07505599356230847,-7.102855765197671,1.2220492769161488e-12,1.7254803543058374e-12
HGD,1870.0527,-0.03632142651761172,0.06485721809688882,-0.5600213450930305,0.5754648784768984,0.591831150783551
HGFAC,135.92973,-0.21371733600366738,0.071867277881419,-2.9737780851572113,0.00294157728730258,0.00342312500669867
HGF,261.77557,0.4015323577485544,0.04239841571601879,9.470456642483676,2.7862297034114506e-21,4.4219559192199654e-21
HGSNAT,4736.8643,0.13216829965503554,0.013966730399331483,9.463080898401374,2.9900090516139407e-21,4.7438898286945315e-21
HGS,5338.736,-0.35145373171653116,0.010738466016058351,-32.728485725146,6.145003697831211e-235,5.344132007011774e-234
HHATL,429.77277,0.39373827997816413,0.09685447408000841,4.065256496596217,4.7979665452350466e-05,5.886928276649209e-05
HHAT,517.5833,0.22234792512926324,0.021959514371318833,10.125357117171513,4.264192514188556e-24,7.021570316755485e-24
HHEX,844.5747,0.51092033357615,0.03645878731687271,14.0136403642724,1.2863832279851148e-44,2.609553222254778e-44
HHIPL1,173.60548,0.8369679123761244,0.027810461863820954,30.095433742686186,5.56001925324786e-199,3.6692522520866516e-198
HHIPL2,62.206768,-0.6583377950985911,0.05513124265395613,-11.94128344305241,7.210194899268588e-33,1.3050529690096834e-32
HHIP,137.91486,1.1343028912662576,0.05458214810981699,20.78157292351499,6.3542385087210876e-96,1.9485757162080527e-95
HHLA1,3.809117,-2.871211127843869,0.10673331509142524,-26.900795926599464,2.1496277341366403e-159,1.0614666757042896e-158
HHLA2,544.70306,-0.11673282583168339,0.07390842720658967,-1.5794251108251902,0.11423858141944589,0.12429367673784196
HHLA3,390.5546,-0.057428442142067486,0.01834335373284029,-3.1307493154456685,0.0017436092825233757,0.00204541292900567
HIAT1,2320.5637,0.18751918877306187,0.010596479312100122,17.696367184800113,4.472429934553882e-70,1.1244035692465113e-69
HIATL1,3213.93,-0.07860379437061621,0.011367020555965604,-6.915074533701236,4.67617448373398e-12,6.540411947948619e-12
HIATL2,81.44573,-0.5491143365629287,0.021969913055481596,-24.993923971215818,7.117856061259288e-138,3.0027441266302907e-137
HIBADH,2967.6724,0.26550830763950567,0.017641321337373055,15.050364004028857,3.4333993455135225e-51,7.354858720045225e-51
HIBCH,1404.5552,0.17071906318169777,0.016260536344429026,10.498981064679784,8.731753419048141e-26,1.4661424153270194e-25
HIC1,461.29675,0.6304952872891704,0.026645547295630224,23.662313267349152,8.815961283125104e-124,3.369328998744959e-123
HIC2,526.2297,-0.29714494257800783,0.02255081457665134,-13.17668333301209,1.195312572649527e-39,2.3147882304358146e-39
HIF1AN,2480.152,0.0007980539660176276,0.009916209274885294,0.08047974219733874,0.9358557073508014,0.9386219195997323
HIF1A,8682.719,0.3047417210126548,0.019287016754623396,15.800355487304873,3.0936709840193167e-56,6.9152445722056725e-56
HIF3A,469.02945,1.272023351204233,0.04717588739633948,26.963421811603975,3.970585889206058e-160,1.974045375295388e-159
HIGD1A,4588.461,0.1489666323326807,0.01680904076918334,8.862292285338908,7.838576578047492e-19,1.2092565018751904e-18
HIGD1B,69.41601,1.1275417744610248,0.03224959485851255,34.962974865509075,8.224370970766758e-268,9.036155887417183e-267
HIGD1C,0.15397336,-0.38712341044670256,0.1832867783705295,-2.112118582083975,0.03467627955451446,0.03873446589763853
HIGD2A,3185.8381,-0.4848255104094048,0.015554972843383565,-31.16852181555748,2.846305897469687e-213,2.115660524519363e-212
HIGD2B,1.0463502,-0.5193364266298742,0.0432368366570842,-12.01143438750584,3.094308920514903e-33,5.621723658108415e-33
HILS1,26.732534,-0.47377402060555196,0.0862915648187295,-5.49038624575643,4.010557237178096e-08,5.235376685798209e-08
HINFP,771.59033,-0.03959467028179216,0.009867422722630172,-4.012665859645887,6.0036867429006776e-05,7.351239453822992e-05
HINT1,9321.87,-0.20120465402041657,0.014003812097397891,-14.367848741543972,8.234967976092905e-47,1.7005346690868797e-46
HINT2,1268.3643,-0.29053918675400126,0.01837561264539579,-15.811129259235829,2.6075071689827744e-56,5.83301158700366e-56
HINT3,1896.365,0.3525995317014348,0.012823075931890993,27.497266145365302,1.892893348617354e-166,9.866209852662751e-166
HIP1R,3427.5967,0.13154880374712388,0.02137831771446353,6.153374905553226,7.585121015184294e-10,1.0228885126060612e-09
HIP1,2492.316,0.8678140437792055,0.021319907526683054,40.70439999296844,0.0,0.0
HIPK1,3835.1233,0.3569544846031273,0.014491278874792885,24.63236596902694,5.686994179274185e-134,2.3413855307551693e-133
HIPK2,7135.3135,1.1605450891911822,0.024695855831004296,46.9935157191103,0.0,0.0
HIPK3,2060.324,0.6256313184236677,0.024731579872097797,25.296860194908366,3.458731848888066e-141,1.490923601768201e-140
HIPK4,12.310545,0.7804162820044008,0.031035422805265625,25.14598518284054,1.5635793449358725e-139,6.6637872898365975e-139
HIRA,2398.7766,0.34669771606341554,0.015338270355574765,22.60344276285407,4.0086790587876174e-113,1.411007900377889e-112
HIRIP3,1201.2579,0.14331660184749084,0.014263985369278533,10.047444535113103,9.428056991159594e-24,1.5435931828147823e-23
HIST1H1A,0.7653967,-0.4683511230463123,0.07491839062840293,-6.251484036400962,4.065706645562397e-10,5.503206010039548e-10
HIST1H1B,10.809957,-1.412052974593277,0.04679789597023427,-30.173428640710924,5.287112270013778e-200,3.523414687568266e-199
HIST1H1C,2884.3928,-0.6604778845617316,0.03181175056321383,-20.762072909168623,9.5363173348737e-96,2.9199862328273974e-95
HIST1H1D,15.42069,-0.8233227495417433,0.04207816134737959,-19.566509637736715,2.9843360019244686e-85,8.457418800554044e-85
HIST1H1E,32.484425,-0.8134619951328524,0.03693854595229195,-22.02203617282285,1.7712401356780017e-107,5.968334644533009e-107
HIST1H1T,1.6037027,-0.3420871082348066,0.05564455639734066,-6.147719208902804,7.860502513969964e-10,1.0596740212019235e-09
HIST1H2AA,0.13412362,-0.3425826248525398,0.1883167533707597,-1.8191829389606142,0.06888352484344623,0.07580948604182507
HIST1H2AB,1.9572445,-1.4150996489140664,0.05116474365029046,-27.657710133099297,2.2542826314423976e-168,1.194247725566895e-167
HIST1H2AC,2797.577,-0.13054511495106133,0.024872415523988372,-5.2485901429700785,1.5326763958847752e-07,1.982197862013603e-07
HIST1H2AD,6.2574577,-0.8113230259975617,0.048511399177490866,-16.724379006862637,8.707908676080421e-63,2.0667324870170354e-62
HIST1H2AE,161.25098,-0.7489728704123206,0.03540273826071487,-21.155789275301018,2.440706081820184e-99,7.6836763754101e-99
HIST1H2AG,19.928192,-0.5486405335938324,0.031017920996170602,-17.687856438268902,5.201686872271402e-70,1.3066149664722206e-69
HIST1H2AH,3.4878263,-1.3454723198146823,0.043812077891932345,-30.710077781141727,4.175507221816931e-207,2.943530177595945e-206
HIST1H2AJ,5.5131526,-2.062639411072556,0.04907996980100725,-42.02609372897832,0.0,0.0
HIST1H2AK,9.256813,-0.029626606599885124,0.029209766833045284,-1.0142705612551575,0.3104536671791399,0.32714938975673447
HIST1H2AL,4.8417106,-1.265468231058692,0.043078441653684914,-29.375905498903865,1.115774742161226e-189,6.8587131569022955e-189
HIST1H2AM,25.358028,-0.9031080895661159,0.03221309643988908,-28.035432459942232,6.0131918994169295e-173,3.285630002153228e-172
HIST1H2BA,0.18166058,-0.6887064733452133,0.20792935407464513,-3.312213787274944,0.0009256078306314622,0.001095734958938594
HIST1H2BB,0.8468728,-1.1220943926894953,0.0657808232034001,-17.058077689600818,3.044086803933677e-65,7.349052916077995e-65
HIST1H2BC,250.59286,-0.36462483000507173,0.03191762351755984,-11.42393417243202,3.1752737783170975e-30,5.597004229675999e-30
HIST1H2BD,982.05096,-0.37105523068210833,0.026630193040344276,-13.93362902476772,3.9572625229312447e-44,7.991856730915307e-44
HIST1H2BE,27.685722,-0.7574946523546907,0.0285080337525732,-26.571269661357036,1.4585903037245198e-155,7.005293699817763e-155
HIST1H2BF,9.498557,-0.8288240471737307,0.04245234010244926,-19.523636274785996,6.913821414744584e-85,1.9536223481302567e-84
HIST1H2BG,73.861496,-0.6931109175604567,0.03834465113590487,-18.075817539814487,4.9417427946739775e-73,1.2703149186460545e-72
HIST1H2BH,39.44705,-1.4029102039651637,0.0430504330134091,-32.58759798137672,6.146562454877176e-233,5.268962737635555e-232
HIST1H2BI,1.5538856,-1.4454499571158284,0.05579000563424151,-25.90876162644933,5.305651032169073e-148,2.4138044550598918e-147
HIST1H2BJ,132.6308,-0.7742951547517599,0.03145347082647359,-24.61716098116763,8.274814647276933e-134,3.401998210902889e-133
HIST1H2BK,3252.6738,-0.6062655198063517,0.025570231088376093,-23.709817784241785,2.8558521010368554e-124,1.0961970762633735e-123
HIST1H2BL,6.318348,-1.0451730753754043,0.03460029262614617,-30.207058843936064,1.9133519810811893e-200,1.2822229421603665e-199
HIST1H2BM,2.7225797,-1.373415129903417,0.05778257033901095,-23.76867491088707,7.044596895769077e-125,2.7147633579587856e-124
HIST1H2BN,28.677736,-0.5097279972139476,0.025839717236186593,-19.726531546564743,1.2763254612927747e-86,3.653129490574947e-86
HIST1H2BO,15.555473,-1.3937824013817885,0.04101572033282318,-33.981663373748,4.157147600063373e-253,4.1285545360824493e-252
HIST1H3A,3.0156376,-0.9770260670181589,0.039444855978185964,-24.769416512979028,1.9154756606959455e-135,7.958605913491582e-135
HIST1H3B,5.8439436,-0.9603924168270995,0.0479683289351637,-20.021385738185963,3.5860746933026305e-89,1.0474733813622417e-88
HIST1H3C,5.1529655,-1.2249831611647826,0.04732035691498251,-25.88702285922383,9.324055322640256e-148,4.234406475878496e-147
HIST1H3D,71.73105,-0.9248970359617112,0.033676787277625374,-27.46393319341974,4.736629519173222e-166,2.461282296601522e-165
HIST1H3E,101.86215,-0.03621496035806783,0.028614501205157725,-1.2656156435653727,0.2056507226240416,0.21981640478305575
HIST1H3F,3.7338216,-1.4666741094348361,0.05259902598872507,-27.884054540272796,4.164822730267885e-171,2.246730947682138e-170
HIST1H3G,17.166952,-1.3463764914799192,0.05249078874436856,-25.649766819790155,4.2534459464773916e-145,1.8895026407229592e-144
HIST1H3H,50.271473,-0.7223860588621169,0.03375400451963011,-21.401492034582247,1.2940026499194825e-101,4.146144153243743e-101
HIST1H3I,2.3475888,-1.436341580549264,0.0596339924426812,-24.0859536937736,3.5084441203170526e-128,1.387228856972905e-127
HIST1H3J,3.6424034,-1.0789960900851225,0.04328335663182708,-24.92866020681298,3.638951651447783e-137,1.528479815799988e-136
HIST1H4A,1.5821254,-1.315658017442792,0.05237907547491816,-25.118007630218635,3.1620454863808353e-139,1.344810613269844e-138
HIST1H4B,2.5933626,-1.2322305351096499,0.04555796628298577,-27.047531653533067,4.083548374103147e-161,2.0446867031078693e-160
HIST1H4C,12.009671,-0.5304191727091757,0.05042689930422371,-10.518575998678314,7.093756893511508e-26,1.1915989818069373e-25
HIST1H4D,4.417477,-1.0599665119552482,0.03972441372267083,-26.682999511464722,7.414299583755113e-157,3.591428151931248e-156
HIST1H4E,15.144541,-0.8686443333656972,0.034540870771322486,-25.14830442800788,1.4748603587422272e-139,6.2869937277288534e-139
HIST1H4F,0.64486533,-0.8605383790734544,0.08690221881641737,-9.90237523038806,4.06503838406249e-23,6.602849566070547e-23
HIST1H4G,0.04035345,-0.4682901042824931,0.3303686832213716,-1.4174772854263065,0.15634343081262012,0.168573027640829
HIST1H4H,320.1374,-0.2926831590145767,0.032393155603455716,-9.035339520406376,1.6349410160519e-19,2.544783191574972e-19
HIST1H4I,5.2392416,-0.8937032821109875,0.03360611913395458,-26.59346884264352,8.077770616724764e-156,3.886914015265882e-155
HIST1H4J,93.83141,-0.786248206553265,0.027415204111199243,-28.679276045662515,6.919104294118959e-181,3.996199838977812e-180
HIST1H4K,13.267347,-5.233742906704941,0.09067060416736981,-57.72259879336328,0.0,0.0
HIST1H4L,0.7518407,-1.2987280247161626,0.0844450069073289,-15.37957153750256,2.2442786168773246e-53,4.898292062714993e-53
HIST2H2AA3,2169.6396,-1.0604605482120115,0.031067148105298092,-34.13446720689383,2.2734933132607613e-255,2.295935037930349e-254
HIST2H2AB,2.3742044,-1.0894927601945974,0.04512910286466595,-24.141688866756116,9.129092622131591e-129,3.625813435309736e-128
HIST2H2AC,73.304405,-2.6533583865255244,0.03805255975592568,-69.72877523994515,0.0,0.0
HIST2H2BA,26.422832,-0.07898389018296761,0.029486568113084102,-2.678639639582879,0.007392190209956568,0.008478738055465113
HIST2H2BE,1954.7249,-0.2096478169671948,0.02858641650324246,-7.33382643268404,2.236727403928136e-13,3.1920323297751944e-13
HIST2H2BF,179.24837,-0.4248682971497581,0.027008752638393963,-15.730763387635747,9.308203957017913e-56,2.0742745661222383e-55
HIST2H3C,19.212708,-1.1042899318876862,0.037170367284050605,-29.708878673402957,5.896771065568568e-194,3.7352944033575137e-193
HIST2H3D,4.847232,-0.955651303339878,0.03537080549055359,-27.01808143993503,9.062768982859036e-161,4.527826103608027e-160
HIST2H4A,947.5767,-0.4605170214390554,0.024807234608729935,-18.563819333453413,6.305808331676832e-77,1.6786081567025185e-76
HIST3H2A,229.62367,-0.6906805442094753,0.03456310198189722,-19.983175832169994,7.715600506431618e-89,2.2475591745663372e-88
HIST3H2BB,11.8641,-0.5394056660902508,0.037559893229575876,-14.361214042682775,9.06255712351583e-47,1.870484595272291e-46
HIST3H3,0.6034074,-0.5348535469044021,0.06292980922909817,-8.499208140886763,1.9088836018992563e-17,2.8918045428281094e-17
HIST4H4,44.644466,-0.23113213756820747,0.027172002136438892,-8.506260834502465,1.796325931076047e-17,2.722504253016991e-17
HIVEP1,1417.61,0.22655092409245192,0.015912814755470458,14.2370113379576,5.398698134010752e-46,1.1070920156156818e-45
HIVEP2,2105.9697,0.4244274269559835,0.016637729735753767,25.509936373344686,1.529362846349968e-143,6.701743045380758e-143
HIVEP3,599.25555,0.08387271702393066,0.023295591838826648,3.600368584932898,0.00031776640379669376,0.0003818561099573184
HJURP,743.141,-0.8439724747543045,0.03136851169578461,-26.905085040031395,1.9150542002234586e-159,9.463249626783833e-159
HK1,7274.6406,-0.07831921322905587,0.016477704580363236,-4.753041471710218,2.003792260233834e-06,2.5346509242684454e-06
HK2,4552.274,-0.4649122818488123,0.026767999202047973,-17.368211883884197,1.4363256363967716e-67,3.541498562601656e-67
HK3,329.77097,-0.3368961891619479,0.036470197740917525,-9.237575062116244,2.5214666593804492e-20,3.962833080000507e-20
HKDC1,881.256,-0.6833594328904272,0.05256861295857408,-12.999381083707467,1.2333740280875276e-38,2.3668830085619736e-38
HKR1,1528.0125,0.031443863753437544,0.01580668475633927,1.9892763244251443,0.04667071143558485,0.051853799067729314
HLA-A,68709.06,-0.5433878498084941,0.022305938755853082,-24.360680613180158,4.467493158308355e-131,1.806787707787044e-130
HLA-B,82918.28,-0.4405015575717186,0.023266491778113834,-18.93287401352389,6.11342111975415e-80,1.6646133553173028e-79
HLA-C,54072.184,-0.38697853953946776,0.020597329532108934,-18.78780154175868,9.50356111670077e-79,2.566427918489335e-78
HLA-DMA,3815.9617,-0.23440322285916945,0.025729154120195,-9.110413104299635,8.206887539395359e-20,1.2807299050632385e-19
HLA-DMB,3330.658,0.005991209873767921,0.027684872638505418,0.21640734822941052,0.8286702389198093,0.8375563418640917
HLA-DOA,1729.9631,0.20312944106380817,0.03148942446707781,6.45071939235282,1.1132045080501844e-10,1.5201375397004297e-10
HLA-DOB,213.04411,-0.8376396530943322,0.03585719365786278,-23.360435317019128,1.0795915315414292e-120,4.018907293957206e-120
HLA-DPA1,13921.099,0.1297338967313204,0.028444086575941673,4.561014690520974,5.090701891624601e-06,6.385017238269175e-06
HLA-DPB1,9254.406,-0.04264993916471177,0.027965695547153613,-1.5250805792689373,0.12723900054628082,0.13801794512876184
HLA-DPB2,27.891785,-0.42794062577224934,0.040548707345307765,-10.553742740254577,4.881304804156216e-26,8.21649313830644e-26
HLA-DQA1,4658.6606,-0.08168584285264052,0.03405285118979814,-2.398795989133289,0.016449076340629185,0.01861930085727063
HLA-DQA2,1050.679,-0.13357444136314106,0.03701593926133723,-3.6085654998536865,0.00030789478330748215,0.00037034325259110415
HLA-DQB1,6033.1685,-0.20558890708623986,0.03253693970112838,-6.318630730938413,2.638910040305941e-10,3.584054535021309e-10
HLA-DQB2,523.2204,-0.5752447053001869,0.0400783887533678,-14.352989808050825,1.0204154122947979e-46,2.1046132488005057e-46
HLA-DRA,34501.94,0.03604505148717928,0.0285329467763372,1.263278264587518,0.20648919465065085,0.22066629121267128
HLA-DRB1,13225.744,-0.1832939753130756,0.029952495571430475,-6.11948927180233,9.387575003655652e-10,1.2631965598111397e-09
HLA-DRB5,4911.9272,-0.1752082157622352,0.03452085770263483,-5.075430549017393,3.86619555167105e-07,4.961979148740523e-07
HLA-DRB6,1034.3,-0.3670193711666049,0.03503077549468448,-10.477055274505581,1.101192142741955e-25,1.847936929944235e-25
HLA-E,22253.379,-0.05000292171853378,0.01846293958540069,-2.708286049859194,0.006763170267267515,0.007768202170454124
HLA-F,4684.5703,-0.6077677839938044,0.025805859514835182,-23.551541991632288,1.210506421752386e-122,4.585913703099521e-122
HLA-G,662.39886,-0.6763688746516086,0.0396236180450316,-17.06984137296413,2.4887515701358737e-65,6.010497415942616e-65
HLA-H,7170.0396,-0.719627433467083,0.02472835894036991,-29.101301675634694,3.456291178948171e-186,2.0757118617169856e-185
HLA-J,68.635956,-0.9345550488883204,0.03633420922725754,-25.72107853078655,6.792880794869166e-146,3.0388103736045125e-145
HLA-L,186.92046,-1.3835764444809666,0.03202498866929957,-43.20302682284219,0.0,0.0
HLCS,1359.8662,0.05756506124605286,0.01309640095487121,4.3954870841550955,1.1052463605387072e-05,1.3768408893231072e-05
HLF,1076.3553,1.0732563819769718,0.04069509292409553,26.37311540186944,2.7880492062948596e-153,1.31912372277381e-152
HLTF,2237.1274,0.23449625330402746,0.017359540187906433,13.508206482760981,1.3988797081395953e-41,2.7530006745301133e-41
HLX,486.2232,0.31591717671645625,0.024899052854800287,12.687919438491837,6.899429619927846e-37,1.3026568453316426e-36
HM13,8983.597,-0.44634484972144683,0.012866677450278901,-34.68998515322009,1.1154666566221344e-263,1.1883718295222414e-262
HMBOX1,241.3614,0.16565328946300503,0.021993790493717733,7.531820834172352,5.0037586629183726e-14,7.222881637716615e-14
HMBS,1152.4291,-0.5509589159069694,0.01406874439399958,-39.1619110047914,0.0,0.0
HMCN1,1512.1055,0.965542280495441,0.03961210597123759,24.374929250076296,3.1551519396989283e-131,1.2773063897460823e-130
HMG20A,1896.5724,0.2799458773392778,0.01150907157800749,24.32393225134007,1.0944881659861971e-130,4.415035579812361e-130
HMG20B,4091.9392,-0.4051110460533564,0.016621214758974604,-24.37313108144621,3.296755481202362e-131,1.3343666966560415e-130
HMGA1,10087.604,-0.9916363266206554,0.027574316143944858,-35.96231802972246,3.2491308395175665e-283,3.956283179529793e-282
HMGA2,851.54706,0.20821836798369225,0.0606394032578442,3.433714001081591,0.000595372023258228,0.0007092141490558927
HMGB1,12451.875,-0.09117962820392508,0.011618437562755572,-7.847839067123221,4.23266864103609e-15,6.205292781943816e-15
HMGB2,5317.3447,-0.5257969363020869,0.02030120641464359,-25.89978770536617,6.696471882138975e-148,3.043837263863974e-147
HMGB3L1,0.3613422,-0.3716128349563162,0.0696276412229188,-5.337145254807156,9.442139610267064e-08,1.2250351792341776e-07
HMGB3,3387.4854,-0.7324721796196431,0.025585213783767553,-28.62873008645163,2.949999618480269e-180,1.6903755201981368e-179
HMGB4,0.20516674,-0.6244435436596562,0.18046985925737524,-3.4600988011472453,0.0005399772224903756,0.0006439808021019012
HMGCLL1,56.521347,1.1585211242382578,0.054506888798172705,21.254581756225576,2.990142922535265e-100,9.482292797491503e-100
HMGCL,2580.5437,-0.017793104702123454,0.019369382056540797,-0.9186201526813782,0.3582942872826337,0.3756572970845164
HMGCR,3261.6245,-0.21085127168180492,0.018639092421588233,-11.312314296890982,1.1404121525069748e-29,1.9944722113984623e-29
HMGCS1,4698.965,-0.06888212242229112,0.024039505040392598,-2.8653719078887567,0.004165197444851127,0.004821700959784164
HMGCS2,6045.9927,0.0032765898049279176,0.08648202664715733,0.03788752336131358,0.9697773608231078,0.9709696709450996
HMGN1,6502.301,-0.3390671947061196,0.012956990305871687,-26.168669320719133,6.043074008147456e-151,2.810208856369896e-150
HMGN2,13569.584,-0.2606756588563304,0.014002811120181284,-18.615951941295314,2.385821699091885e-77,6.367716829026178e-77
HMGN3,2960.2715,-0.0800338549590142,0.01685969337846698,-4.747052817771443,2.0640206696036626e-06,2.610348913682505e-06
HMGN4,3296.0796,0.11992961121882353,0.010502370228106343,11.419289990165177,3.349591882486343e-30,5.902227898177208e-30
HMGN5,405.20477,0.34571466175156135,0.025562322891712203,13.52438364917332,1.1228075020374696e-41,2.211613577204029e-41
HMGXB3,2942.0657,-0.09621616534253381,0.010927574450972945,-8.804896802507452,1.3097303222507516e-18,2.0141097991315847e-18
HMGXB4,1262.583,0.05215858544469148,0.012440320113141966,4.192704445731352,2.756484699869197e-05,3.401786506918651e-05
HMHA1,2106.7212,-0.6166863233998754,0.021876539850210368,-28.189390443934634,7.889501449799329e-175,4.355270065522358e-174
HMHB1,1.2408895,-0.7373504800147543,0.08451008350267976,-8.72500001720355,2.66180592132509e-18,4.07947205301547e-18
HMMR,627.2761,-0.7082493810198184,0.03021231667527986,-23.4424055802155,1.5800510260916871e-121,5.924172898747819e-121
HMOX1,3517.2444,0.46761759123453234,0.031260191040459545,14.958884628353765,1.362911435965866e-50,2.904586404776412e-50
HMOX2,2650.9773,-0.29979723260371904,0.013001775385547282,-23.058176573098805,1.217766668460606e-117,4.436741518108353e-117
HMP19,905.9208,1.478905623667005,0.08525785585046693,17.346268081862696,2.1048159684461242e-67,5.184748735825123e-67
HMSD,12.619901,-0.6458141199457034,0.0576232004177674,-11.207536465582614,3.744710903455349e-29,6.510552458022839e-29
HMX1,36.315742,1.57079079425848,0.0979333320842138,16.039388845748068,6.781845410810234e-58,1.539946360904367e-57
HMX2,10.4168215,-0.6651189803113426,0.083786112674914,-7.938296205386347,2.0497736367297265e-15,3.021382961930242e-15
HMX3,4.4145207,-0.32711453080385855,0.11307299010302577,-2.89295021300675,0.003816417872516569,0.004423985165778331
HN1L,6943.103,-0.3332050071838974,0.016431511125082433,-20.27841533547486,1.9945403073477305e-91,5.911609567228482e-91
HN1,4894.275,-0.8056738189161085,0.020634947783243856,-39.04414139445207,0.0,0.0
HNF1A,591.19916,-0.40146037189511513,0.045063928773654574,-8.908685567819782,5.164114261242608e-19,7.987859158535044e-19
HNF1B,1327.0317,0.23828951440897672,0.07447344429314738,3.199657497657897,0.0013759098826636213,0.0016197611484415789
HNF4A,1638.3945,-0.43593889368253,0.08933286003357725,-4.879938843541728,1.0611874211337396e-06,1.3511391311358226e-06
HNF4G,443.13586,-0.31073005388514313,0.05385008214823052,-5.77028003466757,7.91399071460519e-09,1.0466476351737498e-08
HNMT,2000.4414,0.6657969382200525,0.026545537103960112,25.081313503380862,7.954092572030198e-139,3.3751015146720053e-138
HNRNPA0,8095.2974,-0.01973330323767647,0.009048082966506138,-2.1809374771124985,0.02918804126328041,0.03270262132403973
HNRNPA1L2,6030.3135,-0.4523355827961179,0.015332280442064444,-29.50217252452058,2.7000222833360276e-191,1.6764182270947906e-190
HNRNPA1,15641.584,-0.3658132006580513,0.012867448430475327,-28.42935043684788,8.773330733301656e-178,4.938242753643583e-177
HNRNPA2B1,30967.027,-0.15522881616862674,0.008042262595769683,-19.30163487204195,5.2036525646625154e-83,1.4504540329129814e-82
HNRNPA3P1,242.02408,-0.5794788197835226,0.020664947114029327,-28.04163091180221,5.052785657527756e-173,2.763085232382691e-172
HNRNPA3,11042.267,-0.13579096812171523,0.009321870232302073,-14.566923239413203,4.559691579610596e-48,9.514272918857448e-48
HNRNPAB,7801.581,-0.5151175757951594,0.012106873507668668,-42.547530992941866,0.0,0.0
HNRNPCL1,0.6001371,-0.970418402937537,0.40143018869285213,-2.417402652494671,0.015631714617266524,0.01771576919911652
HNRNPC,19760.57,-0.10518201166650512,0.008025822890281963,-13.105448887224306,3.064437429449618e-39,5.913077587542865e-39
HNRNPD,8892.129,-0.213335881020794,0.009009468975001872,-23.679073829182,5.924665150857391e-124,2.2677243430401505e-123
HNRNPF,9888.74,-0.2823153929188676,0.011042723497348486,-25.565739555704308,3.6699028999641024e-144,1.6158207859076376e-143
HNRNPH1,9222.589,-0.03134422652267333,0.010380561198029716,-3.0195117513128893,0.0025318247092012756,0.002954061508088072
HNRNPH2,4983.1646,0.16851763417200868,0.009102673951529559,18.51298146779079,1.6226576876625566e-76,4.3065686172757125e-76
HNRNPH3,5289.7935,0.1472446169599172,0.009153736790110407,16.08573857170534,3.211988428839303e-58,7.316275724182074e-58
HNRNPK,24262.002,0.03955036246748007,0.006816416559602799,5.802222050494039,6.544181777661456e-09,8.670072025210489e-09
HNRNPL,11323.34,-0.23837624562905774,0.006858145735949612,-34.758119002854784,1.044998743061234e-264,1.1226981218988741e-263
HNRNPM,9566.957,-0.1831207113243595,0.009360225672490749,-19.563706873280037,3.153005678447587e-85,8.929203311658705e-85
HNRNPR,6053.5884,0.07596567824942961,0.008959384092247467,8.478895141370545,2.273424531433979e-17,3.4420056544555944e-17
HNRNPUL1,13021.449,-0.04250521054948779,0.009093060064801001,-4.6744671481962765,2.947178051412423e-06,3.7157293750746543e-06
HNRNPUL2,6911.7563,0.09788066003930125,0.008959906223730857,10.924295142739146,8.822269296563232e-28,1.5122722961078625e-27
HNRNPU,21239.102,-0.025942249107525274,0.007547201340943509,-3.4373336466842055,0.0005874714606539015,0.000700007694454687
HNRPDL,7917.156,0.19493937758227028,0.0089827885855788,21.701432213959816,1.988713184391942e-104,6.531410182454516e-104
HNRPLL,1348.8815,0.23731472949157298,0.01005972930934275,23.590568115105462,4.816691190237531e-123,1.8295338795157815e-122
HOMER1,451.39575,0.5636229359272974,0.024483243001321,23.02076305401564,2.88817279652438e-117,1.0475736676365554e-116
HOMER2,1217.1094,-0.3975527948793964,0.03812932157000099,-10.426432428112726,1.8780781684999527e-25,3.142581855222367e-25
HOMER3,1737.6714,-0.19542823739688506,0.022820743261856354,-8.563622803799422,1.0937525578889364e-17,1.664004508000363e-17
HOMEZ,888.0751,-0.25470199198782045,0.012989852572786741,-19.60776618215142,1.3273496146966497e-85,3.772652632362012e-85
HOOK1,1637.3254,-0.023085101170721305,0.03013376898308404,-0.7660874145441419,0.44362429099729794,0.46110925309715567
HOOK2,1594.292,-0.356183682012502,0.017303781409364307,-20.58415288462588,3.806326474393751e-94,1.1495772243314403e-93
HOOK3,2670.3833,0.4681536891577788,0.016273270179703137,28.7682613259678,5.3537021083785944e-182,3.117735160883289e-181
HOPX,2960.1816,0.47100032831020966,0.043409950650448476,10.85005445186664,1.9930657771596614e-27,3.4049531054118945e-27
HORMAD1,74.78181,-0.86312578169145,0.07421352939939924,-11.630302300357071,2.8907203324344217e-31,5.15343040700809e-31
HORMAD2,3.4917185,0.5789050739431624,0.0826708582178114,7.002528901029814,2.5138300637946734e-12,3.5322704305884295e-12
HOTAIR,64.70311,0.29911825216565313,0.06453065751179829,4.63528908117765,3.5643900200010934e-06,4.483898691127179e-06
HOXA10,917.5119,-0.38960809696856236,0.0432535107158081,-9.00754853238237,2.1071381297457809e-19,3.275250052183108e-19
HOXA11AS,222.68146,-0.6652876021355656,0.060154710888974325,-11.059609335725446,1.9695347799701917e-28,3.396963621265091e-28
HOXA11,285.85248,-0.2432414340379012,0.0530347752769316,-4.586451677560012,4.5084269029015695e-06,5.662023522063602e-06
HOXA13,192.54097,-0.30336346299746103,0.06284944042130242,-4.826828384849675,1.3872456450775894e-06,1.7604521653141333e-06
HOXA1,109.06466,-0.7223041172431088,0.03483970505212324,-20.732211026542238,1.774473442360845e-95,5.4219577987429746e-95
HOXA2,59.825462,0.013324826158871145,0.03878737919983375,0.3435350991419461,0.7311959403209871,0.7438745827001287
HOXA3,382.89816,-0.3316778200907958,0.037488027840738944,-8.847566521767128,8.944831831274077e-19,1.3786647835029823e-18
HOXA4,223.86508,0.5128666609353518,0.03724681908025657,13.769408330689027,3.893890787608379e-43,7.772891709473377e-43
HOXA5,207.48312,-0.08677233691518503,0.03957873886972537,-2.1923977214331876,0.02835080102224248,0.03178030822661792
HOXA6,38.698597,-0.4171480131755242,0.046069628655182875,-9.054729229483266,1.3690703304490614e-19,2.1322600105272676e-19
HOXA7,429.6187,-0.07209552533867167,0.04319443986200302,-1.6690927251053937,0.09509900483058223,0.10398628494257606
HOXA9,508.36575,-0.6714970463842993,0.05169168264188496,-12.990427319543198,1.3865074038922282e-38,2.6592467485484575e-38
HOXB13,1693.1547,-0.29921182216542336,0.08402419406337343,-3.5610198407823983,0.00036941716446917214,0.00044303511141775896
HOXB1,2.2965236,-1.304367508418794,0.09575224439773934,-13.622317853988491,2.950524928779912e-42,5.842791267875716e-42
HOXB2,800.246,-0.1709566457671357,0.03660312469714084,-4.67054786119092,3.003974801017524e-06,3.7856962534147805e-06
HOXB3,965.3225,-0.6624244388718472,0.03603729568958407,-18.381635641525374,1.8432606276768342e-75,4.84906875809183e-75
HOXB4,305.19305,-0.3225314171644026,0.03548861542542957,-9.08830658220864,1.0059354327204803e-19,1.568975674155846e-19
HOXB5,389.3103,-1.2250213601224993,0.04572139917793777,-26.79317304693546,3.88086115873827e-158,1.8979210264413268e-157
HOXB6,723.0903,-1.1281970755186843,0.04481010974002827,-25.177288832008397,7.104095705012402e-140,3.0346681590085497e-139
HOXB7,724.5008,-0.7095688849949938,0.036073269813357546,-19.67021256088762,3.881501523834326e-86,1.1081684128978129e-85
HOXB8,430.51093,-1.0189410370629601,0.05929541938888993,-17.184144198057183,3.4905995823172754e-66,8.485387092107153e-66
HOXB9,853.00543,-1.2802444948087734,0.060551666072059626,-21.143010223454727,3.2000236705862736e-99,1.0066329096023786e-98
HOXC10,604.7146,0.33271065679951395,0.06220610407997786,5.348521045004694,8.867586631396867e-08,1.1512990002462139e-07
HOXC11,107.48941,-0.25379630916572476,0.06261264747157054,-4.053435199030064,5.047098491654948e-05,6.187756123786768e-05
HOXC12,5.200545,0.31076022058354624,0.12241813939587062,2.5385144890874622,0.011132419311468496,0.012697906031832995
HOXC13,160.35457,-0.3158764172722246,0.06904908826628782,-4.574664564056908,4.7698356817251566e-06,5.986627497949723e-06
HOXC4,242.04022,0.01748790947510454,0.03777823671304104,0.46290962725287055,0.6434291465146086,0.6583362143879242
HOXC5,74.690704,0.07620260106137305,0.043112179991389,1.7675422833313779,0.0771374542339603,0.08470101023403256
HOXC6,338.52206,0.15954295531319793,0.044819742660262514,3.559657995418385,0.0003713380741924964,0.00044531259071008036
HOXC8,129.54993,0.27526802229022923,0.04986942671693707,5.519775149064234,3.3943371398228044e-08,4.435798820826271e-08
HOXC9,177.08751,-0.051708000791294055,0.048466267213780896,-1.0668863884898363,0.2860231420375088,0.3022655151176559
HOXD10,189.05475,0.2410973877765135,0.049012272081829344,4.9191228550675,8.693289563401829e-07,1.1086612516994354e-06
HOXD11,122.90526,-0.28542301403161585,0.06421001980020238,-4.445147578520389,8.783155306715158e-06,1.0962924338753841e-05
HOXD12,1.01972,0.45544210595652146,0.08158352320974084,5.582525588967736,2.3705071863122096e-08,3.1076082296284786e-08
HOXD13,138.48491,0.17550048866437482,0.07302781555310683,2.403200579603103,0.01625227029912335,0.01840573905656407
HOXD1,168.13669,-0.2710713239873402,0.0436024251389023,-6.216886403079654,5.071166081180185e-10,6.856868582502982e-10
HOXD3,120.83351,0.6198820749774936,0.044113311298462445,14.052041361925586,7.484507273705105e-45,1.5205776228456464e-44
HOXD4,89.26139,0.5331503033993151,0.043286674625927765,12.3167304489583,7.361894230195181e-35,1.3631723932018525e-34
HOXD8,411.77878,0.950452106046685,0.03635759458617641,26.141776343148347,1.2223127669742567e-150,5.673749572008411e-150
HOXD9,357.19342,0.2757256555401681,0.03703545443387657,7.4449108227482705,9.700992718201437e-14,1.3929227078768818e-13
HP1BP3,8039.2715,0.21803741507294924,0.010217267541181624,21.340090605842477,4.820116351260027e-101,1.536926371108894e-100
HPCAL1,2925.6052,0.14856009686136482,0.020232294205282757,7.3427212630476175,2.0929411582650364e-13,2.988301356414747e-13
HPCAL4,344.2913,2.5139536362956716,0.05980885617305409,42.03313350487202,0.0,0.0
HPCA,118.99151,2.7245604644722796,0.046983651781810784,57.989542343898094,0.0,0.0
HPDL,231.63252,-1.286659630958073,0.039894019190979124,-32.25194294910786,3.304088036276286e-228,2.733357510383946e-227
HPD,2236.3838,0.1303995769694636,0.08300700994101959,1.5709465629724368,0.1161950616632405,0.1263683365599313
HPGDS,116.89946,0.6054492913950161,0.03515112604623154,17.224179122987863,1.748913286844593e-66,4.2621649038627087e-66
HPGD,2391.2227,-0.607136125401661,0.04865346000913436,-12.47878620118025,9.746103502317522e-36,1.8193739336482892e-35
HPN,3581.393,-0.011732468397022478,0.05647600427501807,-0.20774253681066968,0.8354300025839188,0.8441790461885051
HPRT1,1722.4058,-0.44598131899422155,0.01551872565289541,-28.738269428135197,1.2694817913513954e-181,7.371756928158316e-181
HPR,843.3566,-0.4009312565715682,0.09661715550169234,-4.149690129974335,3.329256560879374e-05,4.1009398791712956e-05
HPS1,3124.1619,-0.29457472954138014,0.013931542005166324,-21.14444541976337,3.104166461457043e-99,9.767809117280362e-99
HPS3,1957.9266,0.029411387537347657,0.014416957641579596,2.040055070462508,0.041344841012506586,0.04601430154559786
HPS4,2211.1357,-0.10682253415429357,0.015734839600332534,-6.788917896057613,1.129777097994436e-11,1.5686511585670546e-11
HPS5,1477.0973,0.2078769985699862,0.019072964580830038,10.89903972132997,1.1648006862453249e-27,1.9949673737081324e-27
HPS6,1101.8281,-0.28950477146078396,0.009718427546078821,-29.789260668778972,5.3817010600033145e-195,3.441144845496466e-194
HPSE2,49.772476,2.335885684343104,0.06213546038731849,37.59343971674902,2.751404810271416e-309,4.0798143140798074e-308
HPSE,233.21666,-0.3427158644903723,0.03047902545941429,-11.244318324637081,2.46997363382597e-29,4.3027460606710815e-29
HPVC1,0.20232533,0.3097022847572052,0.163685964600848,1.8920515605135806,0.058484111355378725,0.06465103019406827
HPX,4686.843,-0.3727775894071225,0.07566277845591714,-4.926829241729621,8.357473147386216e-07,1.0661014774914536e-06
HPYR1,0.5328293,0.08196336967159754,0.074628499584951,1.0982851072638424,0.27208001294059536,0.2880988705184158
HP,28574.35,-0.7358092091860069,0.08547455235665616,-8.608517844185085,7.401123956542555e-18,1.1283471816028895e-17
HRASLS2,74.31865,-0.7307267687596137,0.04924044075612092,-14.839972135480519,8.078951179907782e-50,1.7117220009547565e-49
HRASLS5,171.5929,1.0668088157115136,0.05042125224822458,21.157919887820277,2.33289516302717e-99,7.34654487611294e-99
HRASLS,84.9607,0.1362523149826333,0.047101917274057076,2.8927127146409966,0.003819304625883073,0.004427079416895552
HRAS,1801.4753,-0.6797870025853618,0.018384765391639947,-36.975560367742276,2.829590328791537e-299,3.884533344832562e-298
HRCT1,157.41693,0.22407274215623704,0.040347075533138384,5.553630323769035,2.7979688482981214e-08,3.66421251656384e-08
HRC,120.35725,0.9118409525126878,0.040252471596183684,22.653042567431786,1.3020265003124368e-113,4.5988822900522033e-113
HRG,3891.5015,-0.7821253778901478,0.14412371098472881,-5.426764080290861,5.738489712890467e-08,7.471854186795664e-08
HRH1,707.35046,0.44111839361484506,0.027905406892977165,15.807631664595418,2.756354466316815e-56,6.164629306793807e-56
HRH2,125.666756,0.3689407392938686,0.042403390093362935,8.700736862820222,3.2973604342585057e-18,5.048579460108965e-18
HRH3,35.179478,2.1116351127775372,0.08294644998285033,25.45781179561187,5.784758004264972e-143,2.5245849562450282e-142
HRH4,4.734172,-0.3670147082301178,0.03857443888570667,-9.514453582009484,1.826703534502606e-21,2.9072746450077046e-21
HRK,15.080415,-0.18653425036150223,0.05924991153497604,-3.148262090676515,0.0016424435895036492,0.001928291853912969
HRNBP3,124.496216,2.2600440084596034,0.06258366400517412,36.112363256212575,1.4508789582613763e-285,1.7923813538375826e-284
HRNR,61.031567,-0.38710559630127495,0.04202308312559308,-9.2117371575128,3.208890441346487e-20,5.0358282968760603e-20
HRSP12,2062.3179,0.27570083779481924,0.03356747070192403,8.213333683762373,2.1513063025363975e-16,3.2164533313753777e-16
HR,1493.1245,-0.9256984687954667,0.04135138742086044,-22.386152594446727,5.3699135285181756e-111,1.8602359967177393e-110
HS1BP3,1971.9056,0.012335205448050278,0.014134718692431682,0.8726884288581606,0.3828329263848157,0.40043647494186513
HS2ST1,2388.2327,0.37871815605235065,0.012462756396400673,30.387993153884242,7.915247747170954e-203,5.407601640424613e-202
HS3ST1,709.0461,-0.371347263617558,0.03279994193001659,-11.321582959197945,1.0260229030598544e-29,1.7958047011172263e-29
HS3ST2,213.0938,0.31730282629447004,0.04363527221990464,7.271704979755562,3.5497820207729916e-13,5.046436153963922e-13
HS3ST3A1,156.08145,-0.04103347090986385,0.03844062799237802,-1.0674505868634596,0.28576841557468746,0.30201200024320296
HS3ST3B1,51.74954,0.015204577614139974,0.03763858593580505,0.4039625091142459,0.686240288565676,0.6999231518916185
HS3ST4,68.26521,0.5807537277720154,0.07786802606173768,7.458179655299913,8.772600259376042e-14,1.2603300309126867e-13
HS3ST5,29.862831,0.245712332195203,0.061367760104661606,4.00393189805437,6.229830548662556e-05,7.62584897427976e-05
HS3ST6,41.585144,-1.8481740756386067,0.07159755942602256,-25.81336697025565,6.276876730873316e-147,2.832873716777873e-146
HS6ST1,3461.306,-0.26602802302509554,0.020186221983763623,-13.178693033251578,1.16389683458996e-39,2.2545933068902946e-39
HS6ST2,586.66864,-0.2053175437405828,0.04707576373954812,-4.361427780046754,1.2921644869245614e-05,1.6073304080953837e-05
HS6ST3,279.59406,0.262538370472592,0.06185370001892771,4.2445055088418835,2.1907598598438794e-05,2.7082202918550936e-05
HSBP1L1,389.5539,-0.5750389541524373,0.02148648500198459,-26.762821098905857,8.757861718624249e-158,4.274785584499427e-157
HSBP1,5786.3516,-0.0013431837008710988,0.011887493421471426,-0.11299133074134986,0.9100374282641106,0.9142135597566874
HSCB,533.2954,-0.17333771909356943,0.01385592364810475,-12.510008245987919,6.581739580932052e-36,1.2302390390028978e-35
HSD11B1L,371.69775,0.3568286356087832,0.023247388571554266,15.349192211868571,3.586240898422635e-53,7.8154868819296115e-53
HSD11B1,708.1199,0.7643559759591128,0.053620158556108376,14.255011483401102,4.17233651589642e-46,8.562963621687017e-46
HSD11B2,2059.2705,-0.010144725910310702,0.045946249262371223,-0.22079551809289832,0.8252516535099917,0.8342667666621938
HSD17B10,3813.8293,-0.43172048719502565,0.014904431776356265,-28.965913875354044,1.7691060381655803e-184,1.0497589574763349e-183
HSD17B11,2910.3906,-0.1192681823866303,0.02529744387650529,-4.714633738051268,2.4214591808221456e-06,3.0570809538855303e-06
HSD17B12,4047.6245,0.1408050182627487,0.014822478399011033,9.499424756938307,2.1105292779752845e-21,3.355847045477883e-21
HSD17B13,232.79897,0.44087104061592447,0.05955619041503798,7.402606472031902,1.335370455003768e-13,1.9136205457465834e-13
HSD17B14,809.55743,0.10103501612825187,0.0337687787558872,2.9919653552954615,0.0027718771764678003,0.0032297056850974616
HSD17B1,266.50958,-0.8334568939858458,0.02905895039715884,-28.681589754437063,6.474346511718252e-181,3.741448215500196e-180
HSD17B2,793.0478,-0.6653033298249262,0.06724635044990795,-9.893523222803191,4.4411655129541237e-23,7.21091703311532e-23
HSD17B3,32.496918,-0.7269023147599534,0.046792222520705994,-15.534682380993814,2.0207092040787577e-54,4.4504130988575755e-54
HSD17B4,5993.147,0.22612639708624155,0.017864986681010955,12.65751836952645,1.0166244805600857e-36,1.9160764487801132e-36
HSD17B6,1892.6305,0.5398363013796187,0.05633482519286409,9.582639149610772,9.45962513216805e-22,1.510616582208874e-21
HSD17B7P2,113.891846,-0.32967880479115813,0.020717222353019645,-15.913272502146297,5.126247330849183e-57,1.1535898022411686e-56
HSD17B7,642.01904,-0.2987042538778855,0.01684408429975475,-17.733481295996285,2.312608874073809e-70,5.825588229060712e-70
HSD17B8,765.2353,-0.14816065990723698,0.021158399914552654,-7.00245105989006,2.5152276010905425e-12,3.533990250559169e-12
HSD3B1,16.34414,-1.024037333733175,0.11767079506174519,-8.702561525107685,3.2447562186546682e-18,4.969158406468361e-18
HSD3B2,72.21459,-1.7480406123568988,0.07702893937969418,-22.6932971742008,5.21760698206018e-114,1.8480386316590678e-113
HSD3B7,2045.1653,-0.0945303043345426,0.026247207609929147,-3.601537570754094,0.00031634069423658014,0.00038021017734001623
HSDL1,1337.3722,0.270598960184902,0.013943074295771553,19.407410047794496,6.681092466179387e-84,1.874591531407747e-83
HSDL2,2927.4917,0.31244523901490945,0.017812782476145955,17.540507185405843,7.02971915176313e-69,1.7530383661286816e-68
HSF1,4902.2163,-0.4334453294778002,0.012777630370127968,-33.92219972892041,3.135843050877192e-252,3.0901562765154286e-251
HSF2BP,64.34545,0.25145413991498633,0.025820591332976536,9.738512053124204,2.065565647809641e-22,3.328809548306537e-22
HSF2,677.722,0.24986320534746517,0.013219046918038584,18.90175645011928,1.1031812586803795e-79,3.000623546489492e-79
HSF4,538.94507,-0.22856399129276733,0.03069523337967888,-7.446237285952131,9.604000224043367e-14,1.379190523815327e-13
HSF5,8.04278,-1.1707141469085434,0.04644883544846251,-25.20438102710915,3.5863118972143315e-140,1.536160822962057e-139
HSFX1,5.080406,-5.655544757090933,0.27376440158243265,-20.658437416991934,8.197430828942257e-95,2.492778106742874e-94
HSFX2,68.76163,0.07202354803777786,0.018797295843536364,3.8315909180385574,0.000127317308386037,0.00015454645131357783
HSFY2,1.8139044,-0.45724072726934784,0.10801109291435791,-4.233275628753191,2.3031194927261507e-05,2.84573707303585e-05
HSFYL1,0.04895805,-0.3738763502216944,0.3975947683129206,-0.9403452460104832,0.34704049803109416,0.3644211625446176
HSH2D,695.4332,-1.6041925721299257,0.035544790827533555,-45.131580036962625,0.0,0.0
HSN2,49.505726,0.18900649812255563,0.031849023012493635,5.9344519939720835,2.948285787398046e-09,3.930854639530898e-09
HSP90AA1,50235.773,-0.0905885107045587,0.013515464695258694,-6.7025820234163085,2.047685637790507e-11,2.82962274484334e-11
HSP90AB1,64765.52,-0.21977861740385346,0.012251692474738975,-17.93863320165779,5.888576645021131e-72,1.5019485331494012e-71
HSP90AB2P,149.2299,-0.7943350284879298,0.02742101912960004,-28.968107448292198,1.6600663276228242e-184,9.85631098398165e-184
HSP90AB4P,5.6159563,-1.1771238322563584,0.04392325346503614,-26.79955921738299,3.269683700705844e-158,1.5997954929745322e-157
HSP90B1,45198.496,-0.02691163875113012,0.014242669175273902,-1.8895080985136046,0.058823778646745734,0.06501945325311344
HSP90B3P,35.380726,-0.3489533565502344,0.03113638465334248,-11.207253521412749,3.756697868453809e-29,6.530277655724992e-29
HSPA12A,944.3335,1.0099050680877992,0.031834558926843635,31.723545170158587,7.358122180483475e-221,5.7616926720178094e-220
HSPA12B,398.484,1.193778639893137,0.024697779244728216,48.335464823135915,0.0,0.0
HSPA13,1988.2229,0.6342630474754098,0.016163470444210883,39.240523850654725,0.0,0.0
HSPA14,1115.8829,-0.1774378655505343,0.011714013343552264,-15.147487060717863,7.871942756884091e-52,1.6944901944111146e-51
HSPA1A,30955.082,-0.1878544504861344,0.02400778569132258,-7.824730397940567,5.087459959455226e-15,7.448266742021354e-15
HSPA1B,7383.643,-0.8001130406136403,0.026775550489354837,-29.88222561219578,3.3494712380712996e-196,2.162761970691202e-195
HSPA1L,158.0096,0.2908408359983188,0.017912760486011845,16.23651676833605,2.7828343678612862e-59,6.392386877500613e-59
HSPA2,2165.0642,0.48628019667785854,0.034416436243614346,14.129301280230122,2.506185547537665e-45,5.109496451263701e-45
HSPA4L,561.0768,-0.07366376029459731,0.03183397501821132,-2.3139981812656556,0.02066782190413083,0.023297502139759677
HSPA4,5451.4683,-0.1802474571522305,0.011203007723749143,-16.089202256830166,3.03725634833121e-58,6.919818934162388e-58
HSPA5,36397.234,-0.10338604499229895,0.013750349524028756,-7.5187939631375675,5.528382639263443e-14,7.971693615182693e-14
HSPA6,850.6242,-0.31633149554368967,0.03444172300276669,-9.184543279622767,4.132773351796598e-20,6.474731255808152e-20
HSPA7,340.21762,-0.42440963217820576,0.03466247235863338,-12.24406694903568,1.8074372940533593e-34,3.3301009836771345e-34
HSPA8,51057.152,0.010502899496489212,0.013536534598991286,0.7758927825790706,0.437812294454094,0.45532389164236303
HSPA9,13878.682,0.008427871116527427,0.01302820808035702,0.6468941134916593,0.5177004758495833,0.5346927753562128
HSPB11,880.9838,-0.29306149283193306,0.01407531581192637,-20.82095327364624,2.7956832399147996e-96,8.610788968445598e-96
HSPB1,35955.71,-1.0840886553472988,0.02661381648295588,-40.73405466072763,0.0,0.0
HSPB2,402.0506,0.28379029532947847,0.03870656129543376,7.331839508123843,2.2701486513123388e-13,3.239273646766744e-13
HSPB3,39.882557,0.7053366765445143,0.07427158655702612,9.496722895544355,2.1659947372891156e-21,3.442695515377399e-21
HSPB6,3379.8901,1.67008112137179,0.04594547589979682,36.349196273733135,2.705639050418597e-289,3.4406062103355534e-288
HSPB7,785.2701,1.4142272431325225,0.04768145998231331,29.659898074788565,2.5279918823413043e-193,1.5914467140564817e-192
HSPB8,3817.8745,1.0658259258722396,0.03877002338912686,27.490979697761876,2.2505506956520296e-166,1.1715408236456065e-165
HSPB9,15.402525,-0.47585919637444585,0.037376626483890334,-12.731464584679559,3.953528102957556e-37,7.4790818294102275e-37
HSPBAP1,421.37704,-0.23438893330330585,0.013251161621233846,-17.688180100959432,5.17189850429361e-70,1.2994530624326004e-69
HSPBP1,2418.134,-0.5524075665046325,0.014786779833133399,-37.35820596089679,1.8656655819057514e-305,2.6957477347068273e-304
HSPC072,8.349375,1.598408438312119,0.05154043609067694,31.012706906475955,3.633638084642284e-211,2.647717887087769e-210
HSPC157,469.80634,0.03096165875376219,0.014301510688961336,2.1649222538189647,0.030393639667854796,0.034032785722024846
HSPC159,1214.1006,-0.16661622104805063,0.02157119567210339,-7.724014170597156,1.1272230215763443e-14,1.6418037985600796e-14
HSPD1,18185.541,-0.37422579096448094,0.015503433640447943,-24.138252186156897,9.920164998793703e-129,3.937700121084831e-128
HSPE1,5020.6274,-0.589512528867247,0.016272870869781197,-36.22670723467577,2.312697647252092e-287,2.9082280049663583e-286
HSPG2,19438.658,0.6464609792032383,0.024034573940364467,26.897126647939043,2.3729419158962056e-159,1.170885226992992e-158
HSPH1,6190.0938,-0.2770870792177706,0.017786085027975036,-15.578868468353274,1.0133262042038964e-54,2.237560541365198e-54
HTATIP2,2183.9036,-0.5892205277013066,0.022169759577039736,-26.577668812950815,1.230199366904441e-155,5.912565842966835e-155
HTATSF1,4405.7617,0.1432233594335619,0.014667268537628826,9.764828336381985,1.5938169455321816e-22,2.5724210555010055e-22
HTA,1.4492899,0.18325918361203067,0.08589337234413542,2.13356605533888,0.03287831910770302,0.03675432125597001
HTN1,12.431775,-2.5182436984089143,0.2506880363311734,-10.04532858952299,9.632610549774821e-24,1.5765762375019342e-23
HTN3,15.3356,-4.190119802661812,0.30396323199521014,-13.784956078924177,3.1395760496585414e-43,6.2763775328945645e-43
HTR1A,2.8831742,3.0451329199541664,0.1415247218585735,21.516614764996223,1.0882368234085598e-102,3.52680889649393e-102
HTR1B,10.069009,0.7568958752234157,0.04659645916828466,16.243635004322133,2.477956483805337e-59,5.694628745207456e-59
HTR1D,94.00864,-0.9192530828828093,0.04880495967165759,-18.83523906314475,3.8836949708197183e-79,1.0515779480106216e-78
HTR1E,6.843266,0.41942433215431246,0.0939653815470249,4.463604843070977,8.059213540663784e-06,1.0066723631779496e-05
HTR1F,26.170935,-0.027225587582916846,0.043540073480636,-0.6252995322808801,0.5317744868939223,0.548588638392367
HTR2A,29.10564,2.429501899206668,0.050596920088049877,48.01679420365498,0.0,0.0
HTR2B,151.99356,0.08710441574928522,0.04120447048249371,2.113955469620529,0.03451907084849529,0.0385609746724014
HTR2C,27.16247,-0.27247879846665546,0.0909184471426758,-2.996958340468157,0.002726879750632191,0.003177821685353221
HTR3A,90.54882,-1.5421314035010398,0.06564828531443977,-23.490810096784628,5.063698537318997e-122,1.906283996325397e-121
HTR3B,3.0692437,0.029810436818443455,0.10830453677558048,0.2752464273977195,0.7831269200174926,0.7937313170028443
HTR3C,3.2161634,0.3669055059325168,0.08254620976295687,4.444849823948767,8.795328385185351e-06,1.0977445475354867e-05
HTR3D,0.35894772,-0.34196765163733156,0.12018064496659035,-2.8454469663762993,0.004434914377920585,0.005129263297170096
HTR3E,3.5446432,-1.45391747678123,0.07670038117656937,-18.955805101336008,3.9545563952075855e-80,1.0780773118643711e-79
HTR4,7.438907,0.2603688018024263,0.06935282674650452,3.754263726756447,0.00017385174588454143,0.00021036836222664958
HTR5A,6.3804355,2.77539047610575,0.14688245504245,18.895316498513342,1.2463790680342792e-79,3.389212160559622e-79
HTR6,8.708525,1.023038925236779,0.06021276987958886,16.990398004984858,9.673058307288204e-65,2.3264476559725996e-64
HTR7P1,219.76262,0.28534626913519645,0.022245760372265583,12.826995542527992,1.1576703087743385e-37,2.200860007128281e-37
HTR7,81.440796,-0.7328723141162249,0.04199654378999567,-17.450776849184628,3.3958267886424998e-68,8.420905918388874e-68
HTRA1,8069.079,1.086037150252724,0.027901095093528627,38.92453491922685,0.0,0.0
HTRA2,1532.1857,-0.021348871587150046,0.009926665739945021,-2.1506588563007547,0.03150313609226696,0.03524023888475071
HTRA3,2481.0981,0.4443598900062939,0.03914505912716603,11.351621377368552,7.280005341181964e-30,1.2768231283694315e-29
HTRA4,33.31853,-0.6574576706488583,0.04302125275063828,-15.282160063065668,1.0055174677733751e-52,2.1822119311798467e-52
HTT,4751.718,0.046730347071509325,0.011855204718936894,3.9417579180952207,8.088659341232023e-05,9.873906675149464e-05
HULC,309.63333,-0.7290118242944935,0.12423997525303627,-5.867771808628699,4.416905584344416e-09,5.870464864320928e-09
HUNK,555.2666,0.21692109609891638,0.036608469227616965,5.925434760743119,3.1147222362081696e-09,4.150856189498078e-09
HUS1B,7.7741184,-0.5692304024580361,0.033399420916536124,-17.043121911620002,3.931720628398771e-65,9.486359359275963e-65
HUS1,771.6018,-0.2040831980440413,0.01146830812085757,-17.795405904108243,7.670954301434594e-71,1.942208165935915e-70
HUWE1,13832.752,0.10447255542131022,0.011902218170552181,8.77757019105821,1.6704425527836872e-18,2.5655205138897925e-18
HVCN1,408.8673,0.24720726641863974,0.02540550033781103,9.730462424734101,2.2357426090036623e-22,3.6010667544861994e-22
HYAL1,968.7139,0.13310453298904673,0.04245830763458656,3.134946737269851,0.0017188531681350595,0.0020168365886727956
HYAL2,3466.6792,0.23593711554001043,0.015248532953061559,15.472774742742686,5.297358454842538e-54,1.1627915987292639e-53
HYAL3,224.37059,-0.43614418572711466,0.019710675581722827,-22.127307809354807,1.7257792160447164e-108,5.858785902860494e-108
HYAL4,13.6642475,-1.7023298266413263,0.07206005737568946,-23.623764518617115,2.1968247003815915e-123,8.358279587940353e-123
HYALP1,0.3033458,-1.2119047570123298,0.32473454167500837,-3.7319859807990308,0.00018997607675967366,0.00022957932847095602
HYDIN,297.67123,0.6621573992604199,0.04069210465658168,16.272380228269178,1.5501306504492853e-59,3.5692275404316893e-59
HYI,941.50024,-0.012800348686347253,0.019840022306899158,-0.6451781398398966,0.5188117507152403,0.5357861637826711
HYLS1,302.25607,-0.23911278766788763,0.016559059133058652,-14.439998416970488,2.8984878983450775e-47,6.004305568010524e-47
HYMAI,11.727651,-0.9120891436663151,0.048014803896133294,-18.99599851827713,1.84053367974281e-80,5.031747708591898e-80
HYOU1,10227.357,-0.18142422531578103,0.014527994935311869,-12.487905325105102,8.691182206277039e-36,1.623337417776094e-35
IAH1,1387.0421,-0.06700750622734043,0.011478607351288729,-5.837598950522282,5.29584436445306e-09,7.029933847290854e-09
IAPP,6.956987,-0.6846313174143779,0.11893972022576298,-5.7561201263535775,8.606914922747717e-09,1.1371807444494825e-08
IARS2,5972.927,-0.07194995663966612,0.012596615715117832,-5.711848187391743,1.1175576314705573e-08,1.4732165125038251e-08
IARS,5818.7188,-0.02848408816686937,0.012419924022403248,-2.293418874019627,0.02182390104153505,0.024572104927807325
IBSP,69.74839,1.0261273445360057,0.058706345096466835,17.478985326881844,2.0715245219305763e-68,5.1425640460900625e-68
IBTK,2783.0435,0.1957723627148393,0.013222517257189426,14.805982772183018,1.3401387314751215e-49,2.8341003878780514e-49
ICA1L,382.36566,0.8482688177453872,0.02757033453387957,30.76744740630547,7.145531629953294e-208,5.065316102166404e-207
ICA1,1341.5851,-0.5675262437679678,0.027312375660903738,-20.779087502825778,6.6918407877103445e-96,2.051794978870405e-95
ICAM1,6137.4727,0.16161583745017488,0.030971376978793933,5.218232226511371,1.806388921458643e-07,2.3339640827553794e-07
ICAM2,880.17596,0.22267886366186632,0.023684009022993197,9.402076457819389,5.3496718131906285e-21,8.468545870830262e-21
ICAM3,1097.6256,-0.7150802434534778,0.021820843042894195,-32.77051404695103,1.5495303411607557e-235,1.353362857816037e-234
ICAM4,121.45881,-0.16750766012964527,0.044482860458583726,-3.7656674593938306,0.00016610474949405626,0.0002011615367883821
ICAM5,174.02069,0.8043637842241648,0.047583454591256805,16.904274629357452,4.1844207911793994e-64,1.0009472786702079e-63
ICK,1619.8896,0.17841837327435472,0.01734943822271127,10.283812708171512,8.336313368265507e-25,1.3850090081974658e-24
ICMT,5076.7886,-0.061098971496847856,0.010738435707544392,-5.6897459891594995,1.2722848661676291e-08,1.6752326730246256e-08
ICOSLG,768.5715,0.13627463437613588,0.020702699813403617,6.582457148313919,4.62736196794523e-11,6.354702347750215e-11
ICOS,85.183235,-0.569176566586159,0.038290211102948064,-14.864806178682484,5.577607690877258e-50,1.1833525946078584e-49
ICT1,1016.6506,-0.4195680812386778,0.01266151364161069,-33.137276720202934,8.637337646393476e-241,7.832853324851883e-240
ID1,4130.0674,-0.6508797264840329,0.033377382744338255,-19.500622067032516,1.0845519790658727e-84,3.059497539393391e-84
ID2B,16.946962,-0.12557649664724507,0.034818415192072724,-3.60661150010744,0.0003102215901386006,0.0003730979060510261
ID2,4104.694,0.7079223630577205,0.023933709632982962,29.5784637615113,2.8280883169016325e-192,1.7705119939668e-191
ID3,3580.3237,0.8379830965167855,0.026692845310716164,31.393547100816825,2.478304078960714e-216,1.8847886717803948e-215
ID4,2773.2454,1.704891712154604,0.03972175103880888,42.92085992102648,0.0,0.0
IDE,1147.4224,-0.019791392097022478,0.01760256739569063,-1.1243469007746965,0.26086588889553297,0.2767715165993098
IDH1,7384.3657,-0.3010777516915956,0.022176244797095516,-13.576588572427221,5.5135212782770314e-42,1.0887466508675274e-41
IDH2,7778.787,-0.2933596084306859,0.02026302621266739,-14.47758125325292,1.6790226014778402e-47,3.4848833870412225e-47
IDH3A,2739.1155,-0.09196237182107664,0.01361031464938369,-6.7568145329572475,1.4105856582807117e-11,1.954676927371155e-11
IDH3B,3582.7363,-0.19999069534211278,0.011270164008876869,-17.745145073717776,1.8791423349097904e-70,4.737765795223334e-70
IDH3G,3013.0786,-0.3919089988848752,0.012854426286384155,-30.488252851859947,3.729865788703184e-204,2.57062754205173e-203
IDI1,2974.8745,-0.007815549467745432,0.01983330544271938,-0.3940618718507382,0.6935353600016794,0.706832518736193
IDI2,143.12971,-0.22479655301456905,0.014509559172468055,-15.492996743906692,3.8683108804851556e-54,8.502098803389538e-54
IDO1,1315.7056,-0.9851391368543441,0.04794887826343188,-20.545613839847814,8.423966246248611e-94,2.5407930193685255e-93
IDO2,15.089193,-0.41321550672882046,0.04957106458302146,-8.33582070921169,7.696246687136834e-17,1.1571367425110317e-16
IDS,8967.052,0.6256059872893835,0.021071188638113813,29.690113739373018,1.0302065542634039e-193,6.511634659499733e-193
IDUA,708.13885,-0.46629594552358156,0.021423035461326578,-21.766100624038604,4.862835705108445e-105,1.6071829889659552e-104
IER2,7401.886,-0.17366242304370363,0.020571949922912683,-8.441709400151778,3.1273006381016474e-17,4.7246003035849987e-17
IER3IP1,2481.6758,-0.16408823981211113,0.012676019068200846,-12.944776978424093,2.514925177845589e-38,4.806736922245432e-38
IER3,4819.0786,-0.6289527636519693,0.02953444133648559,-21.295570025730868,1.247790610156224e-100,3.9680988803765333e-100
IER5L,1355.2391,-0.4754028675833222,0.027528261528837215,-17.26962914404581,7.96526109243356e-67,1.949095559866044e-66
IER5,2047.0876,-0.39384587346280614,0.019952194291090873,-19.739476656894208,9.879596863703447e-87,2.8325406639647724e-86
IFFO1,757.4023,0.45496110214362734,0.026783908780018108,16.986359454862203,1.0362453682584576e-64,2.4907815173995205e-64
IFFO2,2120.2092,-0.39608570558500344,0.025952166481120732,-15.262144140187354,1.3668217196887794e-52,2.9615925277930887e-52
IFI16,6556.522,-0.2164932908661826,0.026257580777489974,-8.24498238054655,1.651845571746875e-16,2.4727885290584286e-16
IFI27L1,321.22592,-0.33868182326136315,0.019575771857819158,-17.30107122831447,4.61723139571098e-67,1.1336494691905432e-66
IFI27L2,1113.8016,-0.22695513577327547,0.027006747451948584,-8.40364565103897,4.328274011189158e-17,6.526390949029779e-17
IFI27,11554.92,-1.2258800029357473,0.03595722412182359,-34.09273193009695,9.452501360300753e-255,9.508076837666158e-254
IFI30,8844.504,-0.4410479255939621,0.026017577281593957,-16.9519214191392,1.862655982342667e-64,4.467697118816489e-64
IFI35,1774.5464,-0.4160125363102839,0.019640059753643604,-21.181836589530015,1.4044863196538317e-99,4.431107544062042e-99
IFI44L,1830.2316,0.36835878758071244,0.03414442010010428,10.788257246740805,3.911362646936983e-27,6.662603089774936e-27
IFI44,1392.3545,-0.21827063251880346,0.027788008299317955,-7.854849839099869,4.0025138254788746e-15,5.870834219951326e-15
IFI6,11530.014,-0.5494547710828772,0.03290630587423717,-16.697552535456538,1.3655220826061847e-62,3.2322595139843407e-62
IFIH1,1537.0591,-0.14994846465814854,0.02144618228605266,-6.991848836222298,2.7128710097566916e-12,3.81010905681819e-12
IFIT1B,2.5755267,-0.7597182492859319,0.0598201195901114,-12.70004564503608,5.909523031437368e-37,1.1165844955641148e-36
IFIT1,2338.6023,0.20968993744093395,0.03226510813802412,6.498968995979171,8.087232490393847e-11,1.1069515010886671e-10
IFIT2,1274.9777,0.5358199981162739,0.026597876619646642,20.14521707046675,2.9640768217172095e-90,8.72425039949988e-90
IFIT3,2541.8464,0.19110601375656736,0.02724527594437684,7.014280719590575,2.3113491475856474e-12,3.2486542834446804e-12
IFIT5,1250.3102,0.36717735546469304,0.01612528474278448,22.77028662262801,9.03532554933849e-115,3.215912462569621e-114
IFITM1,10999.273,-0.9142509261148868,0.03077196706061553,-29.71051295856285,5.616989951277219e-194,3.559175176409987e-193
IFITM2,6903.8047,-0.13274648821681848,0.024790899912936978,-5.35464580483202,8.57241719298328e-08,1.1134024984494201e-07
IFITM3,25818.693,-0.3554954567367285,0.02522092463279164,-14.095258675588834,4.06156876382129e-45,8.270601966657097e-45
IFITM4P,0.89528763,-0.36829198812271585,0.052078577451584736,-7.071851923472784,1.528795116300731e-12,2.1548559798370663e-12
IFITM5,2.8301623,-0.40330695869078054,0.07081468400409505,-5.695244769678817,1.2319505155844081e-08,1.622963669391935e-08
IFLTD1,4.612836,0.8061203915351846,0.08722596668494542,9.241747866742934,2.425029836155309e-20,3.813624473527417e-20
IFNA10,0.04520632,-0.4568767677891652,0.3404385346309911,-1.3420242461223848,0.17958813423921371,0.19280888176850455
IFNA13,0.6625804,-0.2747099045889965,0.07625284647810197,-3.602618358225968,0.0003150278819837537,0.00037865466107611537
IFNA14,0.093447395,-0.07833222118252782,0.24467041957669236,-0.32015403136207254,0.7488515682550335,0.7607339493091276
IFNA16,0.028177757,-0.2947183201350486,0.46391311212968683,-0.6352877563259306,0.525240757439843,0.5421505060189497
IFNA17,0.031303804,-0.35926023466825524,0.38846309538635443,-0.9248246202408112,0.35505714174727343,0.37237834065695136
IFNA1,0.5189359,-0.4489670485007666,0.0869025659204884,-5.166326721716704,2.387393224782356e-07,3.077820330758864e-07
IFNA21,0.4049262,0.059621914383002204,0.07316947144311337,0.814846864506273,0.4151599714819483,0.4327381660557539
IFNA2,0.060563263,-0.34255515486363053,0.25477176886070874,-1.3445569593345155,0.17876835058950513,0.1919793675309492
IFNA4,0.06148104,-0.45047095885296384,0.3096065672039164,-1.4549786941575753,0.14567515996825078,0.15739535009253397
IFNA5,0.16862646,-0.15819215851561627,0.1040413227577688,-1.5204743108074719,0.12839181041303904,0.13923874011607423
IFNA6,0.037515905,-0.34358619612226055,0.3531371225359763,-0.9729540572083504,0.33057613639122607,0.3476342748341411
IFNA7,0.053709045,-0.2302396650077384,0.3211437129568725,-0.7169365480888554,0.47341324935249196,0.4907694049374909
IFNA8,0.12330657,-0.13922285286039654,0.14250482381718552,-0.9769694044813578,0.32858429952093027,0.34557535664565653
IFNAR1,3925.2163,0.3500795769648147,0.010476377662092244,33.416089821918476,8.005236346941515e-245,7.496716043577843e-244
IFNAR2,1055.979,0.08662459092673228,0.015137674501126887,5.722450361862631,1.0499852734829344e-08,1.3853953456149747e-08
IFNB1,1.0033295,-0.5475993952030431,0.06671993641052973,-8.207432810391904,2.259678364129123e-16,3.378234088361346e-16
IFNE,20.268631,-0.9737143082878714,0.058881651151481584,-16.536803728259084,1.9932135772514785e-61,4.662741034041463e-61
IFNGR1,4567.955,0.13089483118179376,0.016363370395323658,7.999258589122998,1.2517059930927248e-15,1.8517281146181355e-15
IFNGR2,4604.1904,-0.15180837332847136,0.013143974785883857,-11.549654940871307,7.41174084755005e-31,1.3161415779788179e-30
IFNG,25.308994,-0.9588013959763867,0.05112531357564493,-18.753946507491747,1.7974402548515476e-78,4.841127946622921e-78
IFNK,1.7239815,-2.2330361460964427,0.10237581477644689,-21.812145290102116,1.7793434887833476e-105,5.901866094516157e-105
IFNW1,0.5190415,-0.3163025934660666,0.06579883521379189,-4.807115390999617,1.5312361848638557e-06,1.941123131235569e-06
IFRD1,1747.5148,0.12723351229935606,0.015490432125796889,8.21368385762903,2.1450387757449004e-16,3.207553759485158e-16
IFRD2,2428.905,-0.4930702080132518,0.013924818048162257,-35.40945427853007,1.2214310326838373e-274,1.408103872843162e-273
IFT122,1655.8627,0.020988051425141853,0.015517932087468926,1.3525031110356625,0.17621442423552092,0.18937655526873787
IFT140,1560.5225,0.21952227039356206,0.018664516034593147,11.76147669656666,6.164655907383925e-32,1.1060741131438206e-31
IFT172,1271.0385,0.029049191419472545,0.01603482706702016,1.8116311013556146,0.07004321597427357,0.07703580757496815
IFT20,940.31226,-0.1732582406982541,0.013023855492575662,-13.303145201282458,2.219324521021621e-40,4.327480885305927e-40
IFT27,1145.6752,-0.19233441019641684,0.015657826536957718,-12.283595666514964,1.1095502624478888e-34,2.0496628067486224e-34
IFT46,1124.7592,0.29079419482911045,0.01479793423541349,19.650999268073512,5.668583732482227e-86,1.6163402830476984e-85
IFT52,1386.8842,0.23040964972657274,0.011772429784961689,19.571970607198026,2.681114682562873e-85,7.601283083455998e-85
IFT57,2026.7799,0.16371672272268928,0.018924174711486542,8.651194845676255,5.096300458078241e-18,7.781863123529206e-18
IFT74,614.01013,0.0707953365368932,0.01567657580169856,4.515994910650226,6.302017777710444e-06,7.889729426663814e-06
IFT80,1276.6974,0.15423737297773507,0.01594417438396606,9.673587936471694,3.9044420114240373e-22,6.266992660878427e-22
IFT81,688.9475,0.44164782392291757,0.016743402280800287,26.37742416482202,2.488137551525649e-153,1.1774986613554321e-152
IFT88,653.1001,0.39265986416383597,0.01596243225743993,24.59899956542156,1.294707258488276e-133,5.3175196843983885e-133
IGBP1,3414.637,0.01578015823691621,0.012423910562414143,1.2701442237241847,0.20403326125650412,0.21816770829417895
IGDCC3,121.12575,1.0290260993151767,0.06295662775316242,16.34500029686687,4.721686873801971e-60,1.0915047469482721e-59
IGDCC4,406.6675,1.5347164223017018,0.03646329641752106,42.08934937556144,0.0,0.0
IGF1R,5648.8716,0.10196518485705917,0.02580046499023915,3.9520677203156884,7.747880608658868e-05,9.461885988344184e-05
IGF1,969.8237,1.0218732239312904,0.03905408895637104,26.165588578263026,6.551174858234023e-151,3.0457951344778824e-150
IGF2AS,60.73743,-0.28836347630811887,0.0724596892966801,-3.979639977856362,6.901971170072325e-05,8.437952984537469e-05
IGF2BP1,451.7422,-0.0974637044724531,0.0707543186982037,-1.3774947772188428,0.16835932842684598,0.18117382353412745
IGF2BP2,1692.6958,-0.5504059152843533,0.03978846624397467,-13.833303146428864,1.6047878192996904e-43,3.2198556433549227e-43
IGF2BP3,629.32446,-0.5096501217977141,0.04553536134394223,-11.192403151216347,4.442279046417723e-29,7.717412672243231e-29
IGF2R,8522.154,0.2005612590166161,0.016204270905792267,12.377061589665526,3.478463580907646e-35,6.458553583556659e-35
IGF2,43014.04,-0.48184358316523546,0.05914665715550439,-8.146590295008641,3.74329263653647e-16,5.578223890151222e-16
IGFALS,178.32962,-0.43323740858233456,0.0506031838154703,-8.561465424036939,1.1144184127272063e-17,1.6953182742817898e-17
IGFBP1,1230.575,0.07957203208742161,0.08921905796125583,0.8918725876031608,0.37246122916770685,0.39008890193041534
IGFBP2,11607.423,-0.5606461866114367,0.03783486166045157,-14.818243334492617,1.1166665410735446e-49,2.3634696028398267e-49
IGFBP3,19929.922,0.3168302556175991,0.03711414481996675,8.536644375196543,1.381759989553306e-17,2.097625205228227e-17
IGFBP4,24743.58,0.41659886029010473,0.02765010167739058,15.066811151394665,2.677268989027746e-51,5.740549694324999e-51
IGFBP5,34659.33,1.1783118162039912,0.03513097771827746,33.540535810108,1.2370489078237474e-246,1.1752253249829058e-245
IGFBP6,2009.9503,0.09692832579982111,0.0413274684049336,2.3453729333261064,0.019008056413207453,0.021453876289859772
IGFBP7,17860.47,0.7825692583886876,0.023465552644276993,33.34970500170803,7.35671466590208e-244,6.832817239192538e-243
IGFBPL1,48.623074,0.6403588968998726,0.05679429046334906,11.275057610115123,1.7426451194384856e-29,3.039886212548036e-29
IGFL1,232.13252,-3.455037316253418,0.0880036144980325,-39.260175118496555,0.0,0.0
IGFL2,103.69937,-0.43995331211210603,0.06332892710891593,-6.9471145682833795,3.728329203661903e-12,5.2218666935438e-12
IGFL3,10.252436,-1.0954853944253715,0.09284934697682423,-11.798525569585442,3.972101357697537e-32,7.136882141149426e-32
IGFL4,2.9677327,-0.47800606932928885,0.06851607047092219,-6.976554055769322,3.0250797882344295e-12,4.2450785365773886e-12
IGFN1,281.06546,1.534742681765797,0.06725167124878383,22.820885388681713,2.8448268922412676e-115,1.0164589452288518e-114
IGHMBP2,984.8854,-0.30727072478495404,0.014311593667260035,-21.470056510050515,2.9665744041839684e-102,9.573068361829358e-102
IGJ,9388.23,-0.4260717209325072,0.05202462234284416,-8.189809012445666,2.616410312087661e-16,3.9072469407901925e-16
IGLL1,26.034542,-5.544470159475321,0.0982942437026553,-56.40686525090528,0.0,0.0
IGLL3,4.396783,-2.060750587250572,0.06175702713768866,-33.36868179642266,3.903974147443168e-244,3.6342482701323943e-243
IGLON5,179.93512,1.1769630962868594,0.05335016662132396,22.0610950410121,7.47513063675646e-108,2.5271701201216336e-107
IGSF10,324.95496,0.12394710369141947,0.04783129947383726,2.5913388315785983,0.009560331060903359,0.010928009660823731
IGSF11,308.15085,1.1879612504856312,0.05517259895779253,21.53172540221335,7.855397915831722e-103,2.5494667012341465e-102
IGSF1,1198.7389,1.3991743764355604,0.06307156615635945,22.183916805980296,4.911169100882771e-109,1.6736942036302702e-108
IGSF21,302.73413,0.9950755817083919,0.045589249337500644,21.826978863849515,1.2864743101139226e-105,4.27404218009291e-105
IGSF22,36.14629,0.0032104500990332648,0.031145667682087427,0.10307854472099395,0.9179006331372918,0.9213399886625313
IGSF3,3750.8928,-0.22757393624201963,0.02852767468897195,-7.977304099376657,1.4956401707276875e-15,2.2095448977465343e-15
IGSF5,26.971014,0.4879236290453676,0.04954288680996622,9.848510259745607,6.95674398805868e-23,1.1275563319233077e-22
IGSF6,297.12988,0.057119474409954935,0.02902634658214567,1.9678492519995459,0.04908538531704625,0.05445639799846028
IGSF8,4216.4263,-0.31554162084078746,0.01879761176558042,-16.786261189762598,3.076241125229194e-63,7.321626498543507e-63
IGSF9B,118.68191,1.3155106851869713,0.04253178623843231,30.930059645561222,4.711527877575801e-210,3.396671248568192e-209
IGSF9,1398.2712,-0.9514906014326026,0.04261606249115192,-22.327041632017362,2.018551582760566e-110,6.958295237626543e-110
IHH,557.96185,-1.9499055656160391,0.06957070288113514,-28.02768241320697,7.474351520054383e-173,4.076354744087522e-172
IKBIP,1024.1571,0.3614367340073865,0.019343249948309677,18.685419201697847,6.506574421807898e-78,1.743450232345183e-77
IKBKAP,2222.8228,0.07460858513733244,0.011830009244620982,6.306722471181196,2.8500620788371646e-10,3.869068071150619e-10
IKBKB,2362.4236,-0.08747675255141274,0.01381670521144313,-6.331231014392899,2.4321287578782513e-10,3.303910681366739e-10
IKBKE,851.94763,-0.7912984030808581,0.021219502591820396,-37.291091044984455,2.288436858761525e-304,3.269493754914097e-303
IKBKG,1225.5173,-0.3407380015586928,0.013464399931962327,-25.306586500734834,2.703173583071042e-141,1.1659726902064267e-140
IKZF1,1017.1641,-0.6128779268983235,0.03376367433952547,-18.151991419395298,1.238290323323768e-73,3.205792560090106e-73
IKZF2,757.2124,-0.07352393355681032,0.029444206649601477,-2.497059419252699,0.012522797117036247,0.01423992551975765
IKZF3,95.61171,-0.2539405995482685,0.04291550574249795,-5.917222578523608,3.274234734454381e-09,4.3605772851937435e-09
IKZF4,574.99756,0.44410754072879355,0.016961525076635866,26.183231680065262,4.1254475589961684e-151,1.919332423528405e-150
IKZF5,1006.12537,0.30691514297018313,0.01262257874776361,24.314773478799683,1.3680653496569209e-130,5.508790042259742e-130
IK,4051.5952,0.05715991494738239,0.00926038677733275,6.172519174609037,6.721037394089457e-10,9.07023732641305e-10
IL10RA,1283.935,0.11804857034471745,0.027373341457455635,4.312537821814397,1.6139126286529027e-05,2.0035150735819785e-05
IL10RB,2065.7424,-0.19043752003607503,0.013302039400297418,-14.316415273271337,1.7280992532733387e-46,3.555211469016967e-46
IL10,39.0741,0.11526231554155027,0.03424917463553038,3.365404181798185,0.0007643160838211278,0.0009073830048699249
IL11RA,649.68964,0.6208839094965402,0.02524445810112687,24.59485987020751,1.4337252918678079e-133,5.886108735054789e-133
IL11,120.07814,-0.006390759394006527,0.046283650141646024,-0.13807811990731741,0.890178677908229,0.895235511931122
IL12A,33.492836,0.10105981818496221,0.037123617903507995,2.7222513292653128,0.0064838810434008215,0.007451613557019324
IL12B,9.585289,-0.9035042012194568,0.047852493803848165,-18.88102645022023,1.6337988112362567e-79,4.437367929290148e-79
IL12RB1,163.77338,-0.4285150478963423,0.031051194365455736,-13.800275855831899,2.5387926509443084e-43,5.0823283756711084e-43
IL12RB2,267.6312,-0.5772795127424142,0.04928200492126476,-11.713799259277357,1.0831492023655547e-31,1.9396459328841876e-31
IL13RA1,6027.3574,0.11786450841739997,0.016709718803157327,7.05365002283158,1.742844087505732e-12,2.4540122261241575e-12
IL13RA2,202.67957,0.4965678621459522,0.05620683911805303,8.83465197363251,1.0041037032560432e-18,1.5469199617548078e-18
IL13,2.4934971,0.367906779992128,0.0545608341066105,6.743056370312217,1.5508900224034087e-11,2.1467616240216886e-11
IL15RA,623.174,-0.3575436167914998,0.025391298466742818,-14.081344333760862,4.94598768313893e-45,1.0066516369191791e-44
IL15,210.1473,0.0048075265439296135,0.028018410304323733,0.17158455785722174,0.8637641484393535,0.8712100221985036
IL16,1117.8259,-0.17782569191835448,0.027624235300557683,-6.437307313073911,1.216115555124416e-10,1.6595547011715253e-10
IL17A,3.436198,-2.166735028794124,0.09129641334372977,-23.732969888273658,1.6473987312527703e-124,6.331770958953209e-124
IL17B,20.997435,1.7336712263490661,0.05002044957099306,34.659249191443195,3.241108802209264e-263,3.445730240427071e-262
IL17C,10.486094,-1.8544609905622371,0.05553274901790175,-33.394006660185795,1.675078037909625e-244,1.5636365783494753e-243
IL17D,295.51697,2.410684951534332,0.04554893667279143,52.92516417785775,0.0,0.0
IL17F,1.3119538,-1.6219308594726984,0.089848668074325,-18.051807491803864,7.635070878141765e-73,1.9601816898876191e-72
IL17RA,820.6641,-0.22218250731587103,0.017512680390700565,-12.686950390178565,6.9853069759093175e-37,1.3186264693791172e-36
IL17RB,750.6214,0.04666314101178442,0.03583560205243323,1.3021447482173947,0.19286690858913613,0.20661846937309106
IL17RC,1667.6364,-0.12959975965358142,0.01858365920037575,-6.973855808277036,3.083701479292972e-12,4.326745583523475e-12
IL17RD,1141.5859,1.1563801609207411,0.032730436264079926,35.33042308359979,2.003703933647394e-273,2.29305274789923e-272
IL17REL,20.622257,-1.4011697376619636,0.0572801745003059,-24.46168765869386,3.779482034986473e-132,1.537084993014175e-131
IL17RE,729.23865,-0.7449654808591947,0.029807410427377747,-24.992626671619647,7.352806463701032e-138,3.10121787434202e-137
IL18BP,928.8594,-0.06833951553622145,0.02032322652119047,-3.3626311976085934,0.0007720343039828313,0.0009162787918145309
IL18R1,185.67535,0.2969441737509127,0.029332953834923816,10.123227801128264,4.358016635225443e-24,7.175484082212276e-24
IL18RAP,44.663975,-0.4011499068446893,0.033747286836928056,-11.8868787521529,1.3848572018297298e-32,2.500603793530064e-32
IL18,930.6479,-0.6294406414344552,0.030482308389033614,-20.64937580845761,9.888921702404094e-95,3.0049038349141036e-94
IL19,20.51088,-2.365102772019005,0.07533773431240745,-31.393335539020764,2.4948356752001317e-216,1.8966527076698834e-215
IL1A,253.98303,-2.1042062894011426,0.06017502691680516,-34.968098847887646,6.874319908484541e-268,7.561009131109496e-267
IL1B,572.36224,-0.5381568830215214,0.03956453516174547,-13.602001914630346,3.8962077359155415e-42,7.701251776262573e-42
IL1F10,3.5152133,-3.564594178307862,0.12167592874062477,-29.29580415125877,1.1729589790898975e-188,7.169099926535942e-188
IL1F5,291.6674,-3.6280982699004376,0.0903084834946404,-40.1745011044921,0.0,0.0
IL1F6,14.089096,-4.738555145447844,0.16756344173628948,-28.27917054189755,6.2343209838649444e-176,3.4631525487177737e-175
IL1F7,10.284649,-2.6526048132877773,0.08005595980389237,-33.13438274658979,9.507450817365424e-241,8.61424971921418e-240
IL1F8,6.1629276,-2.041120772753148,0.10712967284268926,-19.05280505943819,6.227409865634774e-81,1.7109829615986283e-80
IL1F9,172.79466,-4.5276257034646346,0.0901345087459006,-50.23187862740258,0.0,0.0
IL1R1,4071.0024,0.5214779096977723,0.027380611312314063,19.0455174192274,7.157526195971938e-81,1.964676767207667e-80
IL1R2,429.95148,-1.1448093923200904,0.04661493302031207,-24.558855245404924,3.478554595109827e-133,1.4240879348851993e-132
IL1RAPL1,9.272045,1.7788186508903363,0.06561362815505407,27.110505864524697,7.40349576410273e-162,3.729039343428191e-161
IL1RAPL2,9.0692005,0.1979216089106968,0.05968288320872339,3.3162206359656583,0.0009124376160086913,0.0010804581762531814
IL1RAP,1405.7146,0.11965267380560382,0.030623961766912393,3.907158541938958,9.338788004228445e-05,0.00011375396971286761
IL1RL1,217.1427,2.0634450872580605,0.05230634209376562,39.44923320309952,0.0,0.0
IL1RL2,69.36153,-0.03559771339228949,0.03822371726030528,-0.9312990976222281,0.3516988686284418,0.36908439517559005
IL1RN,2689.1677,-1.8170088526245565,0.046693361753150524,-38.913643918601736,0.0,0.0
IL20RA,640.3763,-0.7412168301676364,0.04506408809758851,-16.44806011745971,8.659770170669528e-61,2.015596900704938e-60
IL20RB,794.9311,-2.16681222511213,0.05184132698507485,-41.797005422641995,0.0,0.0
IL20,26.162819,-0.6330693664372572,0.08091218807499634,-7.824153338313807,5.1108481431717866e-15,7.481970040039865e-15
IL21R,251.19566,-0.5292617200964292,0.03636217705975604,-14.555281418564771,5.406299648540189e-48,1.1271567285676366e-47
IL21,0.5032138,-0.8015019812026571,0.10281533560762951,-7.795548946719393,6.412907306339145e-15,9.375296556782899e-15
IL22RA1,497.6477,-1.3330640996533603,0.04756068430445036,-28.02869889592027,7.264148005991243e-173,3.963837825086457e-172
IL22RA2,21.916313,-0.6783220959561834,0.0605693843929977,-11.199091797845693,4.119347967894957e-29,7.158228514712651e-29
IL22,0.69180673,-1.6910789470359933,0.1250326186632255,-13.525102210255254,1.1118900659471322e-41,2.190321224249411e-41
IL23A,78.54768,-1.312199926968777,0.03320008227377292,-39.523996240376064,0.0,0.0
IL23R,5.195453,-1.038818107974373,0.05278526590854202,-19.680077197570117,3.195153388151523e-86,9.127280458731142e-86
IL24,76.13291,-1.4640466120553992,0.05616158683497802,-26.068469474647678,8.308088417932071e-150,3.8363432093599237e-149
IL25,0.7588523,0.16715734004633934,0.06527711642684236,2.560734131595359,0.010445125613667217,0.011923314402503552
IL26,2.5400429,-0.12225397432655498,0.06264275320514205,-1.9516060209901458,0.05098499785503581,0.05651767240175727
IL27RA,878.1158,-0.35999743323002636,0.02412145348347577,-14.924367367689513,2.2879519396163206e-50,4.867845494685826e-50
IL27,18.182953,-0.0036076845732938706,0.05463967037636436,-0.06602683633418216,0.9473564597635983,0.9496420563430378
IL28A,0.6773291,-1.06746895014496,0.11264364345130783,-9.476512987671532,2.6292242606972633e-21,4.173752571035913e-21
IL28B,0.49580082,-0.8954570563211748,0.11148138607234558,-8.032345917730787,9.562629578761803e-16,1.4168224699367698e-15
IL28RA,430.40787,-0.17557416544863952,0.024835520408165893,-7.06947801226307,1.5551757090867363e-12,2.191584568512277e-12
IL29,2.63126,-1.1715434643133618,0.06398873197457279,-18.308590093313587,7.06761682821401e-75,1.8509082969592106e-74
IL2RA,165.65443,-0.18483747411154922,0.038629460339837725,-4.784883673897209,1.7108638996215098e-06,2.1665409051685214e-06
IL2RB,875.7949,-0.38278908526719796,0.03175326683236586,-12.055108763707551,1.8229170149878285e-33,3.3192708620103034e-33
IL2RG,2007.1971,-1.053078283454195,0.03478014257496699,-30.2781473993194,2.2237462982737413e-201,1.5011024829759647e-200
IL2,1.2436911,-0.5417073615763525,0.061681208546102886,-8.782372692510712,1.6006169252196394e-18,2.4590220329419438e-18
IL31RA,28.97463,-0.4176294215591168,0.056623283279822446,-7.375577631118009,1.636340159038834e-13,2.340305535502046e-13
IL31,0.38500166,-0.9860762912261979,0.14558725106641876,-6.773095061574708,1.2605606322564486e-11,1.7488077623242955e-11
IL32,8006.034,-0.7348560669935417,0.035873819198737326,-20.484467040504203,2.9620788135206394e-93,8.903729892878591e-93
IL33,1009.3859,0.8306708159590258,0.035339156731902965,23.50567734993872,3.5683824191941685e-122,1.347592240259211e-121
IL34,321.20514,0.10665117225366613,0.030454545646110248,3.501978768390786,0.00046181641842348725,0.000551994391045839
IL3RA,373.05914,0.23471615603126889,0.02425431810355311,9.677293545386641,3.76552113860937e-22,6.045441594586244e-22
IL3,0.083124116,-0.45106646710472065,0.20568752661399828,-2.192969474280327,0.028309578497185104,0.031735846518594325
IL4I1,814.53015,-0.786435413927203,0.03431994902525961,-22.914818822964556,3.306662334198405e-116,1.1900360343281832e-115
IL4R,3371.0352,-0.27987294930644663,0.02168323041693021,-12.907345627242082,4.091636982844505e-38,7.808552430983433e-38
IL4,0.4124694,-0.9227593475143393,0.08747552952548825,-10.548771210872975,5.1465753722280757e-26,8.659432066379454e-26
IL5RA,18.348991,-0.5037340750813531,0.06172502686049206,-8.160937316720311,3.3243466651355395e-16,4.956453588831523e-16
IL5,0.6737751,0.08148363898966923,0.06379538891434115,1.2772653380807555,0.20150858648325187,0.2156153525102499
IL6R,902.6262,0.11334805940062408,0.03154250975711558,3.593501603817503,0.00032626363971866593,0.00039183585659699857
IL6ST,2493.804,1.193284353872394,0.03217376265089128,37.08874112177668,4.2670534792768085e-301,5.974755280921357e-300
IL6,345.97684,1.058666673217253,0.047291933690100624,22.38577682516835,5.415366080694245e-111,1.8753433923601657e-110
IL7R,303.12686,0.3729015539735516,0.04147141054224226,8.991774070325357,2.4327138903228773e-19,3.7784270745410023e-19
IL7,119.72815,-0.22216925468538104,0.02954022770013467,-7.520905286873201,5.439824773490947e-14,7.846219806128389e-14
IL8,1971.613,-0.763394325119848,0.04700559557990804,-16.24049893851683,2.6079437066596434e-59,5.992001571367078e-59
IL9R,20.96448,-1.3444253468763783,0.03838932717550404,-35.02081036039221,1.0851066235101043e-268,1.203250857736504e-267
IL9,0.06494829,-0.1646175489195646,0.23763479462451087,-0.6927333565763315,0.48847690173605907,0.5056129565531764
ILDR1,533.0654,-0.28716281558929385,0.038898325232264705,-7.382395356988352,1.55466715681053e-13,2.2245901493889216e-13
ILDR2,42.895348,2.0779304331713666,0.04764846526689546,43.60959836863922,0.0,0.0
ILF2,8994.993,-0.19616508722794387,0.011785072026750776,-16.64521750759532,3.2777304764842374e-62,7.725320070704166e-62
ILF3,13240.692,-0.15474527437239746,0.009437862738347909,-16.396220061946515,2.0351336168460106e-60,4.7195905348408625e-60
ILKAP,1116.0099,-0.1987795148163352,0.011042244549436992,-18.001730891430977,1.8882444032111802e-72,4.836176601456336e-72
ILK,5704.3003,0.39429695108219875,0.012709312611852448,31.024254664605966,2.538742661644761e-211,1.8518904281055423e-210
ILVBL,3805.7576,-0.2827033764842407,0.017980549895439145,-15.722732515313663,1.0566644182558478e-55,2.3534220425851445e-55
IMMP1L,176.05504,-0.3262710536957475,0.013582943792704583,-24.020643733428983,1.6925114228091402e-127,6.659806736948451e-127
IMMP2L,330.89163,0.2344682727754471,0.01966746718700231,11.921630301760501,9.130417238278464e-33,1.6504143172699214e-32
IMMT,4587.5684,-0.08246622129815283,0.009252215039570359,-8.913132795277344,4.961050573546492e-19,7.676092766897175e-19
IMP3,2793.2283,-0.32739483400381,0.010594849985639476,-30.90131851301048,1.1467212654865051e-209,8.234955288902913e-209
IMP4,1831.6624,-0.4349142589749678,0.01186858272337113,-36.64416123742832,5.6686565629205475e-294,7.479467204439367e-293
IMP5,0.7621433,1.2532938548748653,0.1069899600943373,11.71412582797289,1.078983966326174e-31,1.9323570171036746e-31
IMPA1,1120.2997,0.1293648767264644,0.014912418203991647,8.674976449616802,4.1363607174407315e-18,6.32318425036611e-18
IMPA2,2680.626,-0.23359434070609086,0.03014212768123631,-7.749762829500089,9.206433708599847e-15,1.3425527102169207e-14
IMPACT,1753.044,0.31408865612940573,0.013937923008064363,22.5348250200318,1.8918368267239794e-112,6.624682826844427e-112
IMPAD1,6021.9243,0.26928636295640607,0.012039273393410117,22.367326844143612,8.189957444825372e-111,2.831850265271735e-110
IMPDH1,2876.6882,-0.6443337240482041,0.01952266747266134,-33.00438963837804,7.026028906797339e-239,6.30422752373235e-238
IMPDH2,7724.149,-0.303867801001439,0.015232319373516443,-19.94888588862944,1.532656035526546e-88,4.452531995902533e-88
IMPG1,9.228947,0.43456258270593995,0.03205961250464816,13.554829542713124,7.418427837008976e-42,1.463202599628616e-41
IMPG2,12.940173,0.19641953892707265,0.041638463827731884,4.717261898510629,2.390398971336893e-06,3.0188035889490607e-06
INADL,2817.526,0.12318142041433877,0.023040237170792347,5.346360781845311,8.974024630027284e-08,1.1650437918806623e-07
INA,678.427,0.348223513006962,0.06590909433661364,5.283390957073397,1.2681435863243243e-07,1.6419572166100812e-07
INCA1,54.815514,0.31672791973953013,0.02010888269356419,15.750647341579963,6.798183707453761e-56,1.5167585983567246e-55
INCENP,1162.0563,-0.4028849070072674,0.019251105779054613,-20.927883916445467,2.9845449484951793e-97,9.261141686696137e-97
INE1,42.71495,-0.0761674948063291,0.0200930456714078,-3.790739146863866,0.00015019963545731635,0.00018206206110237577
INE2,39.32206,-0.2777339102786318,0.04021735720017112,-6.9058220035763584,4.991355124276965e-12,6.979326852689198e-12
INF2,5937.712,-0.21395546366595353,0.017926601740728052,-11.935082106490984,7.768220216474657e-33,1.4055563045432594e-32
ING1,903.7845,-0.04861282805646405,0.012663133907495313,-3.8389255307242784,0.00012357390034157254,0.0001500471782104178
ING2,496.84436,-0.0933233695271876,0.013729277261495804,-6.797398562917508,1.0652510052749892e-11,1.480169616188473e-11
ING3,537.9989,0.38797588809242195,0.012759843308559839,30.406007245571065,4.5750850732286444e-203,3.1308960338104863e-202
ING4,1453.8352,0.22011555647036057,0.01458531874833562,15.091583548386879,1.8397334560421654e-51,3.949297072075332e-51
ING5,1032.979,0.032772642631464496,0.013658397737456198,2.3994500132025163,0.01641972150474918,0.01858917367042143
INGX,2.378227,-0.6321193302958682,0.04315298575374117,-14.648333580048197,1.38060371858079e-48,2.89382385530591e-48
INHA,123.91958,-1.1261797717129116,0.04910410429201813,-22.93453445389436,2.1024599898852871e-116,7.577267292277316e-116
INHBA,586.7375,0.3900442663483768,0.042584659101767,9.159267082924526,5.22509757448866e-20,8.172845845038001e-20
INHBB,1491.9104,0.8059199196402363,0.0352248907492452,22.879273789018228,7.473490280483847e-116,2.68252448202346e-115
INHBC,90.58477,0.5629799886477747,0.06748389133956167,8.342435171899073,7.277606698018243e-17,1.0945980700720554e-16
INHBE,213.97461,0.26226496878882166,0.05855980541819136,4.478583337426017,7.514003560456951e-06,9.39204312913452e-06
INMT,834.3337,1.4049426829317306,0.04133498780254611,33.98918827901989,3.2183571328234976e-253,3.1977810086458556e-252
INO80B,901.155,-0.49620886967051153,0.01610914885740677,-30.802922864690107,2.394606039514268e-208,1.705204069901049e-207
INO80C,655.7028,-0.36412286088063495,0.014292643612892019,-25.476242936065006,3.6150968954248303e-143,1.580411374145461e-142
INO80D,1242.8109,0.02481552120744243,0.015546031617029115,1.5962608219746268,0.11043057324339042,0.12029192298888099
INO80E,1753.7933,-0.3464421486136284,0.011313683362428358,-30.62151710592582,6.330101673475235e-206,4.431724208056475e-205
INO80,1767.2784,0.09272403741379297,0.009485574479890511,9.775268499590469,1.4377559714136388e-22,2.3214587851542764e-22
INPP1,1184.7346,-0.07882372693693881,0.020530831163320447,-3.839285721552379,0.00012339276726961007,0.00014983617731372965
INPP4A,1484.8053,0.268383073569288,0.014960092659876415,17.939933907568797,5.752350292712851e-72,1.4675701705431195e-71
INPP4B,611.7785,0.061094988136266445,0.03183273150810433,1.9192505714035946,0.05495263020305346,0.06083635662338039
INPP5A,1356.8597,0.28546346550545815,0.013864303962339397,20.589815852341594,3.386535167013104e-94,1.0234001701828675e-93
INPP5B,1016.16254,0.11411332785285268,0.013583649548797264,8.400785624137116,4.435014032359198e-17,6.685853438341422e-17
INPP5D,1790.9725,-0.3571686679140117,0.027166367063534744,-13.147457923935553,1.7599231084145107e-39,3.403331550551959e-39
INPP5E,770.2473,-0.09225535895121703,0.01262506815269651,-7.307315717857157,2.7253170414797395e-13,3.881951280171134e-13
INPP5F,1559.2914,0.37116412686656536,0.023343166323440075,15.900333387671592,6.302843923132652e-57,1.4175828483324973e-56
INPP5J,1439.2323,0.7009901705900617,0.04582452189321967,15.29727188913197,7.972927830445549e-53,1.7317917177002127e-52
INPP5K,2050.856,0.17057229627755974,0.01311367709849273,13.007205759028878,1.1133930418363967e-38,2.138046494882777e-38
INPPL1,5511.0405,0.029698955385058488,0.013142660798150211,2.259736885946149,0.023837585568016115,0.0268037890522059
INS-IGF2,42.009716,0.7569663472051422,0.08586073870395691,8.816210512876209,1.1839877956910396e-18,1.8219809170426207e-18
INSC,32.72012,0.2094095450415203,0.05368828413250379,3.9004700639099066,9.600609759251771e-05,0.00011691518966898362
INSIG1,4263.8438,-0.08531453322872797,0.02908900754942894,-2.932878788791913,0.0033583497707967373,0.003899654536226018
INSIG2,1350.3094,0.4285730758384173,0.015878993699613996,26.989939283673593,1.9397905346608846e-160,9.674717171768973e-160
INSL3,14.726339,-0.9078756072544784,0.03604359691031244,-25.188263244468974,5.386365642520062e-140,2.3023518395142965e-139
INSL4,6.1374817,-1.7456540761253494,0.13514720017009407,-12.91668694525893,3.6241321399938035e-38,6.921548427592294e-38
INSL5,4.580715,-1.1306080027387748,0.08422001716441349,-13.424457044833096,4.3475907559111437e-41,8.524761648810071e-41
INSL6,2.1282897,-1.0332841772458226,0.12315030359626337,-8.390431424621957,4.8436139770024116e-17,7.299121906572324e-17
INSM1,370.73975,-1.0310783346235624,0.07446450595755479,-13.846574570860422,1.3342464611170967e-43,2.6804740183425078e-43
INSM2,19.088802,-0.0012594902390326535,0.08027695174242162,-0.015689313205038993,0.9874822527762757,0.9879189771141128
INSRR,28.079773,0.45787432317398025,0.06112535685256486,7.490742741647773,6.848493733921917e-14,9.860571706429724e-14
INSR,4768.276,0.5990955321777149,0.021710166475357333,27.595160675425188,1.2719147984552629e-167,6.691192088307674e-167
INS,237.98813,-0.36952552781061127,0.35808494376605926,-1.0319493579490633,0.30209584192681926,0.3186884940042548
INTS10,2416.116,-0.03338782527115841,0.011663213024953349,-2.862661017999537,0.00420099744634709,0.004861485079871563
INTS12,846.486,0.18029910860108092,0.009135493755752285,19.736109883229158,1.0560219885694453e-86,3.0251233523688386e-86
INTS1,7085.048,-0.2898577487157673,0.012667360483135421,-22.882253102504414,6.980101407379402e-116,2.5058699445042718e-115
INTS2,750.4346,0.17384832048822918,0.014909002497896026,11.66062722927056,2.0254479288077354e-31,3.6178359696961467e-31
INTS3,4762.499,-0.04954090077619455,0.012155017017725355,-4.075757418023381,4.586481305578529e-05,5.633215063964362e-05
INTS4L1,57.72571,0.0088913652421703,0.0219676928933934,0.40474733898179643,0.68566324132352,0.6993696357768309
INTS4L2,32.344917,-0.45734914583920444,0.023129213997635515,-19.773657067895126,5.020165025993557e-87,1.4435810701158593e-86
INTS4,1207.5288,-0.015887054068870362,0.01181010837547152,-1.3452081525235005,0.17855802421838263,0.19176361318046378
INTS5,1807.1593,-0.14261260719097973,0.009274678934775661,-15.376554616489189,2.3513111310916827e-53,5.13079778326855e-53
INTS6,1530.381,0.03654472974665179,0.012227191715466722,2.988808108768322,0.002800679645598563,0.003261958632994344
INTS7,1243.4147,-0.24574674854963216,0.014797276135575799,-16.60756657495934,6.143526069676887e-62,1.4434627495966733e-61
INTS8,1806.1719,-0.3754419004753595,0.013939137956049005,-26.934370092264807,8.696324857508664e-160,4.3150981665615133e-159
INTS9,931.264,-0.13493625034055262,0.011687253097490894,-11.545591527364264,7.7705030523954285e-31,1.3796081943291056e-30
INTU,226.29863,0.22343060292002817,0.021190050053060246,10.54412813374929,5.407204140274809e-26,9.094949528408364e-26
INVS,536.0911,0.12003445617318995,0.012298396170059607,9.760171530773526,1.668727376757424e-22,2.6922593441163637e-22
IP6K1,2949.0251,0.2817229615029824,0.010293002921896877,27.370337270929703,6.1859311048666735e-165,3.19399876652246e-164
IP6K2,3301.8052,-0.12153078122595434,0.012010364396587472,-10.118825475477257,4.558528945032273e-24,7.50198777721381e-24
IP6K3,150.7703,0.8270488437134075,0.050712295840596326,16.30864527043038,8.567178965868468e-60,1.9766454733240724e-59
IPCEF1,340.92142,0.9762918101810689,0.033884407284554816,28.81242106383493,1.4991289270195469e-182,8.757752030183918e-182
IPMK,120.95004,0.14828791460111107,0.026738608390304057,5.545835162269819,2.9255434492754147e-08,3.829067122069956e-08
IPO11,1135.7023,0.3463088870072216,0.011188424363294855,30.95242687999348,2.3566021446522057e-210,1.7067969784053452e-209
IPO13,2450.0002,0.15322583542537258,0.012639851598364523,12.122439431583086,8.033191330404356e-34,1.4702242205654647e-33
IPO4,2736.379,-0.35468885224195795,0.014618595290402122,-24.26285461742209,4.8383586210394376e-130,1.9417335534346917e-129
IPO5,7498.306,0.16992599974139622,0.011658936835579295,14.574742288922705,4.0665429442141696e-48,8.49048792957197e-48
IPO7,7724.0176,0.2439497402576385,0.012344158540948148,19.762362857573994,6.279531145741449e-87,1.8031731254746144e-86
IPO8,2869.842,0.2503726746814876,0.009829972222449511,25.470333894707355,4.20331136254014e-143,1.836378026393878e-142
IPO9,4749.9287,0.1507004389884551,0.011203666532915397,13.450992900021644,3.0376581692468543e-41,5.963135923989655e-41
IPPK,926.1185,-0.4685752088198199,0.017363187713244375,-26.98670408673851,2.1170255860172905e-160,1.0548341631357321e-159
IPP,448.37863,0.4236486771970894,0.01446357313967935,29.29073425396191,1.3609951188306679e-188,8.310887709740122e-188
IPW,1250.6583,0.7493835805464716,0.03097323874526692,24.19455022800889,2.5388895418612516e-129,1.011729343956806e-128
IQCA1,369.90823,0.796688009206583,0.04418811532089585,18.029463429725457,1.1439638032588644e-72,2.9336136881908576e-72
IQCB1,998.0373,-0.20909991526300306,0.013545664914074535,-15.436666755704193,9.277242473847656e-54,2.0328853678297752e-53
IQCC,242.57768,-0.12100970697292654,0.014321076670927656,-8.449763223360222,2.91894190178449e-17,4.412767370493089e-17
IQCD,118.95936,-0.20249613272664743,0.026154975916456585,-7.742164755702865,9.773822171204037e-15,1.424681360231567e-14
IQCE,1858.563,0.05121281582760473,0.01593488411938547,3.213880656044567,0.0013095409060911807,0.0015426108492223773
IQCF1,1.7629303,-0.6587281332955502,0.06403436064609426,-10.287104089884108,8.056292681025215e-25,1.338813669847297e-24
IQCF2,0.106330894,-0.47040045273282394,0.2921135436562835,-1.6103342790785573,0.10732489962248233,0.11697776280390372
IQCF3,0.18020685,-0.43457389517842604,0.15496977344800583,-2.804249406251024,0.005043387552185001,0.005818457934772733
IQCF5,0.21484785,-0.9870528950615394,0.25601848000983124,-3.85539705971083,0.00011554194269847711,0.00014042853629026898
IQCF6,0.249197,-0.359420118978788,0.10819730292634527,-3.321895363911809,0.0008940821577070093,0.0010592155163664243
IQCG,599.1534,-0.05581424056703033,0.023550939493029985,-2.369936901394053,0.01779112123406763,0.02010487551090047
IQCH,98.85865,0.1452141012286066,0.023319168059663744,6.2272419349209205,4.747177692446294e-10,6.421353441001535e-10
IQCJ,0.54555464,-0.15979911221761456,0.11995248510253162,-1.3321867577901643,0.18279882688132099,0.1961524965201504
IQCK,910.3318,0.5246881143386962,0.022107772428318677,23.733196822064418,1.6385343455833574e-124,6.298889868151733e-124
IQGAP1,13401.357,0.17660115727081302,0.018216670187312475,9.694480684719867,3.182525555499192e-22,5.11550906240392e-22
IQGAP2,2454.6904,0.23427638118593816,0.034054857048403914,6.879382311103204,6.011263565073695e-12,8.395644846081866e-12
IQGAP3,1377.6096,-0.8227050855345649,0.032005368972453145,-25.705221090957046,1.0218856618913985e-145,4.562405743519075e-145
IQSEC1,3535.8215,0.402751278234922,0.015474201671763811,26.0272734437624,2.433402042436365e-149,1.1200911639602523e-148
IQSEC2,1122.5607,0.15216670898581858,0.018757081113480078,8.112494053057196,4.959119989717904e-16,7.377080510789625e-16
IQSEC3,220.66954,1.004968768080122,0.04501961130874614,22.32291081297902,2.2139648300840258e-110,7.630626371369678e-110
IQUB,57.801716,0.7635939358142573,0.03903797949487232,19.56028323429383,3.371991442367804e-85,9.548035295572478e-85
IRAK1BP1,98.580215,0.22236526810191815,0.018108116904139326,12.279867049626114,1.1618903928368974e-34,2.1457661926493465e-34
IRAK1,6876.667,-0.42987164656409527,0.015973429605125673,-26.911668764368226,1.6037499225155282e-159,7.930712818191313e-159
IRAK2,540.6989,-0.18283022606435617,0.02702163614105687,-6.76606794310884,1.3232942061698978e-11,1.835339378936777e-11
IRAK3,879.5383,-0.2930757225484828,0.0347368160635125,-8.437034701528939,3.25489849259795e-17,4.915910861335435e-17
IRAK4,1028.5466,-0.09691231534167123,0.012059219899719106,-8.036366875101812,9.254138902157176e-16,1.3713153352428702e-15
IREB2,2534.5486,0.23089797819605704,0.012012968056606852,19.220726893473138,2.482676332611069e-82,6.887151853880468e-82
IRF1,3458.0415,-0.46671264801345275,0.0227778470811654,-20.489761229425813,2.6569304024744666e-93,7.993563774786119e-93
IRF2BP1,1755.7911,-0.16183537444198645,0.013743560587173636,-11.775360061571055,5.22933339099126e-32,9.388359656718789e-32
IRF2BP2,10274.375,-0.045500263246210336,0.012042681033437934,-3.7782503015627045,0.00015793409967982696,0.00019136890461740253
IRF2,1803.6101,-0.02256716709180997,0.010482860602602933,-2.15276802270999,0.0313369144588353,0.03505622514794372
IRF3,2659.122,-0.5857028249047364,0.013747399181741168,-42.60462776716684,0.0,0.0
IRF4,584.1052,-0.7829516983845533,0.045191553908754394,-17.32517761981364,3.0375615360680855e-67,7.470610692535654e-67
IRF5,876.41705,-0.5371283825753449,0.023015970865564964,-23.337202923686455,1.858970991309306e-120,6.907609127955131e-120
IRF6,2374.288,-0.8793949447340981,0.0379533948801835,-23.17038956621122,9.057826341922802e-119,3.3274681792711355e-118
IRF7,1653.0492,-0.7448009092966633,0.022952288306790716,-32.449963129659054,5.423084993906167e-231,4.588885593970725e-230
IRF8,1135.569,-0.3691691110619478,0.03165064185890691,-11.663874391794005,1.949644736642532e-31,3.483965346555368e-31
IRF9,3247.63,-0.17263784208218724,0.01544741355758296,-11.175841278454106,5.35406244234157e-29,9.295868775680711e-29
IRGC,1.0666662,-0.41888930804860197,0.06425996589773023,-6.518666827730107,7.09350147024761e-11,9.715863592086321e-11
IRGM,4.756354,-1.6077579155699135,0.058919293268690616,-27.28746097204576,5.975303806439545e-164,3.0588687501961956e-163
IRGQ,1768.168,0.023169714780898784,0.011602825697448343,1.996902770503068,0.045835746181813214,0.0509511305768788
IRS1,2180.1719,0.35989925863389044,0.02560069322119972,14.058184109477976,6.862456358678678e-45,1.3948956570121724e-44
IRS2,2798.7744,0.23037946625737796,0.028043536556822693,8.215064665277714,2.1204995780905433e-16,3.1710923248380614e-16
IRS4,20.509472,0.014657377927723413,0.07830019346131875,0.18719465789014092,0.851508013192978,0.859614798462629
IRX1,160.99303,0.8619685135795495,0.07321840123464393,11.772566718811412,5.405443322470469e-32,9.702823188342116e-32
IRX2,618.278,-0.06177566186855039,0.054667456036556,-1.1300262779237642,0.2584651518866994,0.2743387741651276
IRX3,1191.5977,-0.0856719389978566,0.039739254761248004,-2.155851676448653,0.03109524882856491,0.03479352409457285
IRX4,178.81895,-1.420074403864374,0.09292005967643846,-15.282753894146058,9.963950865231294e-53,2.1628753136287866e-52
IRX5,480.55487,-0.2729417912989785,0.04497805375949033,-6.068332630808598,1.292450089670865e-09,1.73511318005995e-09
IRX6,159.4293,-0.5560337678839914,0.06290770748588441,-8.83888143609044,9.668165150967499e-19,1.4897008575535253e-18
ISCA1P1,147.26189,0.09146878440503574,0.013381496750602836,6.835467370338454,8.173810260730447e-12,1.1390185016989127e-11
ISCA1,1578.3086,0.3477181740123542,0.012225897662211549,28.44111603249387,6.276084596023148e-178,3.5375084798016406e-177
ISCA2,842.02313,0.012362972638860431,0.013401054279212933,0.9225373154437018,0.35624837549172694,0.3735891973130766
ISCU,4091.6792,0.17714021691655257,0.016679949319082496,10.619949349240375,2.4069168591739374e-26,4.067603580636025e-26
ISG15,4968.8833,-1.053454468788632,0.033616900779617646,-31.337049054425467,1.4606259964644529e-215,1.1042289142970587e-214
ISG20L2,1589.0121,-0.14474467130408586,0.012791284135598203,-11.315882734655293,1.0949464151423859e-29,1.9154505985464714e-29
ISG20,1057.9512,-0.9120013747987751,0.026997081724078113,-33.781479943640754,3.6895378813925185e-250,3.590597596905845e-249
ISL1,100.42572,-0.09440028049668903,0.07502171299306264,-1.2583061187288318,0.20828106916864042,0.22248776363945383
ISL2,36.343494,-0.5230762778976842,0.05076562538594422,-10.303749317003616,6.77674006214069e-25,1.1273709014963417e-24
ISLR2,175.67554,0.3140053560888317,0.04079794535796836,7.696597300028061,1.397374034790884e-14,2.0326620444632472e-14
ISLR,4400.047,0.7448891415188851,0.035822820178469626,20.79370462202139,4.934995566156984e-96,1.5156369698505058e-95
ISM1,430.5273,0.9657326660620198,0.038744344034598394,24.925771493243715,3.9111002758482177e-137,1.6424523621285862e-136
ISM2,48.518303,0.05396940267869846,0.052275965871280486,1.0323941753957782,0.3018874994318753,0.3185017153409105
ISOC1,1476.4108,0.11161341379900117,0.01859426688505965,6.002571356479867,1.9421686056531902e-09,2.5975962844891143e-09
ISOC2,2684.2178,-0.48577870775103776,0.018613523481074777,-26.09815966573719,3.8254495641842185e-150,1.7712605794229363e-149
ISPD,148.16455,0.47482052195749563,0.021671275617819744,21.91013257969285,2.0797591821533985e-106,6.961824595439172e-106
ISX,111.2979,-1.931937426883406,0.11580412361903236,-16.68280339687224,1.7481883959006842e-62,4.132764462626803e-62
ISY1,1455.0432,-0.16891044239684838,0.01006943395300646,-16.774571756977092,3.745494824758683e-63,8.908239385194163e-63
ISYNA1,3309.7485,-0.3452999757007772,0.028823698515687057,-11.979724791835807,4.5382772779674525e-33,8.229695119100326e-33
ITCH,3013.3728,0.15969646281029887,0.011176448037904636,14.28865971270053,2.5751792200018403e-46,5.295230152511612e-46
ITFG1,2264.0393,0.2620777306831449,0.013337468371751184,19.64973587028155,5.811446458173734e-86,1.6568441176580175e-85
ITFG2,1065.4982,0.022798505456525363,0.013763635898017037,1.656430439271501,0.097634681046515,0.10666726436415341
ITFG3,5774.362,-0.271141424481098,0.013031686340179397,-20.806319105848385,3.793794356047758e-96,1.1663826531980718e-95
ITGA10,256.37112,0.8067558446099464,0.03886864946409118,20.755952566740664,1.0831441224999912e-95,3.315052794644817e-95
ITGA11,1328.6896,0.9749202823283823,0.03711811531178025,26.265349793203804,4.773825595148321e-152,2.239924298032373e-151
ITGA1,2086.7925,1.1845629057541036,0.027506028127268642,43.065574581441076,0.0,0.0
ITGA2B,73.84057,-0.9388738014199087,0.041725786730190825,-22.50104491716111,4.0539862878335972e-112,1.4171549937157316e-111
ITGA2,2674.0305,-0.20175426145798786,0.033284443968051795,-6.061518156999783,1.348426622939068e-09,1.809187927798635e-09
ITGA3,13166.841,-0.10731983462012294,0.03298343583243645,-3.2537494021342326,0.0011389270147373909,0.0013447436694913031
ITGA4,1181.2261,-0.3298450517806813,0.03502916914210627,-9.416296756642057,4.6727829200584814e-21,7.401057061573878e-21
ITGA5,6351.883,0.7141842108395058,0.026180586830891504,27.27915212338983,7.497964131698742e-164,3.833527166179174e-163
ITGA6,10174.989,-0.5581299308297619,0.028377123567554546,-19.668305334086398,4.030265590841362e-86,1.1503179190234025e-85
ITGA7,1662.0345,1.5809832144635285,0.031960417596684755,49.466913555832996,0.0,0.0
ITGA8,230.19702,2.387693356572273,0.044219501979702626,53.99638733308796,0.0,0.0
ITGA9,577.3119,1.0740337013606391,0.03314680903273511,32.40232567484687,2.545291194380305e-230,2.1386538764502117e-229
ITGAD,29.31311,-0.20172131387367007,0.04936018912646711,-4.086720846162771,4.375130124782792e-05,5.3755747863882235e-05
ITGAE,632.2127,-0.24527558691819604,0.015810433683482603,-15.513526815803866,2.8101038003705733e-54,6.183625515752757e-54
ITGAL,1399.5502,-0.5487407922782523,0.033483709530274575,-16.38829149984424,2.3187045278512483e-60,5.375370699444724e-60
ITGAM,833.53314,0.08415157211388048,0.030703777525092436,2.7407563139456776,0.006129795091723189,0.007050649619909176
ITGAV,8079.182,0.7832317761552245,0.020029889634207848,39.10314986546855,0.0,0.0
ITGAX,1140.9297,-0.18557091419508986,0.02899960206784457,-6.39908484816263,1.5631096827401375e-10,2.129649336204675e-10
ITGB1BP1,2134.646,0.044356862871681654,0.012049724498459813,3.6811516211305344,0.00023218287584593052,0.0002800527975204277
ITGB1BP2,33.034737,1.073653779260139,0.036159894813896636,29.691839115846168,9.78703275293958e-194,6.191864506435577e-193
ITGB1BP3,47.503567,-0.3526126720831702,0.10710330853180008,-3.2922668488665394,0.0009938326372253771,0.001175542566887721
ITGB1,23310.725,0.4207979686885394,0.016615676658539795,25.32535853556503,1.679430843852656e-141,7.251650593848615e-141
ITGB2,4903.7603,-0.12412690050252528,0.029110228380838505,-4.2640304596246486,2.0077205698589e-05,2.484662517886897e-05
ITGB3BP,481.655,-0.28963657495318773,0.014627998305177416,-19.8001509783245,2.968029118191205e-87,8.549250823041135e-87
ITGB3,1107.8042,1.2820926427280235,0.04076414015774138,31.451482547327707,4.006195800203601e-217,3.057051735245319e-216
ITGB4,12088.66,-1.0072673543096262,0.035983648072688536,-27.992363427824277,2.012616479180278e-172,1.095291603839382e-171
ITGB5,7625.4683,0.2024452726025105,0.01987729444083512,10.1847499017077,2.3195555871174957e-24,3.832170104530155e-24
ITGB6,2860.9648,-0.2534849572993147,0.05499516558961833,-4.609222548593729,4.041775111725919e-06,5.079727112761775e-06
ITGB7,640.1314,-0.5232624779330174,0.028468276071562392,-18.380546704607664,1.8806375261135645e-75,4.94675702766745e-75
ITGB8,3900.2178,0.7130982363176238,0.038285805711283316,18.625655724608784,1.990395146193596e-77,5.315814611223326e-77
ITGBL1,800.9942,0.8410329381180848,0.040524447083654276,20.75371778378487,1.1346880521494715e-95,3.472285292907123e-95
ITIH1,3371.0554,-0.4011861276860308,0.1149306011630204,-3.490681538478847,0.00048179016815953703,0.0005755980302540939
ITIH2,5031.219,-0.022355795982353176,0.09375486407973026,-0.2384494522155303,0.8115325159757178,0.8210908703284783
ITIH3,3216.8335,-0.3098721896677927,0.07560681172164911,-4.098469206830268,4.15891553792844e-05,5.112387479572824e-05
ITIH4,4606.6084,-0.3748844814428833,0.06461872250330854,-5.801483949542469,6.5730589510768495e-09,8.707196771746605e-09
ITIH5L,79.154335,-0.11344627817300948,0.07546191430837336,-1.5033580742387995,0.13274673187899785,0.14383898633905567
ITIH5,2125.814,1.1022954516866967,0.03805852988317719,28.963164238614972,1.915945094271688e-184,1.136559620462625e-183
ITK,258.8197,-0.23055410975442722,0.03616538563373488,-6.37499381561599,1.8297033488660445e-10,2.4903683968153364e-10
ITLN1,675.7519,-0.5980572544403068,0.08998357949546042,-6.646293221425784,3.005662011060646e-11,4.1416089937856986e-11
ITLN2,48.16555,0.23080053346523138,0.08125011954309264,2.8406177709415146,0.004502624397003052,0.0052060955303603555
ITM2A,1265.0575,1.23126177754702,0.033008308979645275,37.301570895567025,1.5476357254457056e-304,2.214217549848849e-303
ITM2B,34400.055,0.34393749674584423,0.01871802639683228,18.374666722558423,2.0959122769237648e-75,5.511583317733263e-75
ITM2C,12998.886,0.5100303064880425,0.03053521654282925,16.70301914422859,1.2459744002882342e-62,2.95099962953329e-62
ITPA,2081.2385,-0.4866820489169078,0.01345399092192398,-36.173805359407076,1.5720022919500978e-286,1.9610535944737767e-285
ITPK1,5234.5674,0.1135495770089564,0.017636254582023073,6.438417889742836,1.2072523928168946e-10,1.6475701478320925e-10
ITPKA,228.68004,-0.47084906521805914,0.04160475476752461,-11.31719362003281,1.0787000361608622e-29,1.8873542485561182e-29
ITPKB,3726.283,0.5415713888727302,0.0259630207677922,20.859336581687888,1.2539886779841555e-96,3.8705208452212585e-96
ITPKC,2619.6846,-0.31212575414369614,0.01933880634550204,-16.139866575389366,1.3383030499729172e-58,3.058313143382941e-58
ITPR1,2121.899,0.9445101946956777,0.029352318417652675,32.178384727785016,3.541479304656946e-227,2.9049547608183222e-226
ITPR2,3015.1497,0.5447384974090412,0.02442885942504744,22.29897384609406,3.7807025375883553e-110,1.2990940584432292e-109
ITPR3,7160.8193,-0.3700264038293075,0.029374356114640864,-12.596919652815053,2.1955262040084124e-36,4.121596863753552e-36
ITPRIPL1,89.54991,0.2895922985955891,0.02924706128631149,9.901586205897788,4.0972426624677696e-23,6.654628110505092e-23
ITPRIPL2,3516.5715,0.13769833434142456,0.017146671285395477,8.03061609157387,9.698439382505815e-16,1.4366307289612624e-15
ITPRIP,2201.4604,0.33501143189883587,0.020974445391186865,15.972361874207287,1.9910160588212304e-57,4.504400037953265e-57
ITSN1,1669.703,0.7501944583214993,0.01456674598572794,51.50048329644228,0.0,0.0
ITSN2,2599.949,0.10607685551092146,0.016206577193513847,6.545296656062283,5.937739984067538e-11,8.141049790264058e-11
IVD,4485.6655,0.2821311190725568,0.019280198321968145,14.633206275222406,1.7246430108736437e-48,3.6104891576736776e-48
IVL,1743.2712,-3.9839299789560116,0.09554018840713356,-41.698996468155904,0.0,0.0
IVNS1ABP,8063.1597,0.2660439173778064,0.017467051542043706,15.23118637037458,2.1957073346636902e-52,4.7454783042906656e-52
IWS1,2437.4534,0.022195927478972602,0.00780480075089618,2.8438813734513304,0.004456763749247042,0.005154240693644656
IYD,2092.5403,2.01047011034965,0.07816720093459847,25.72012412254323,6.961953227938873e-146,3.113761110887687e-145
IZUMO1,2.664019,-0.26812169720104756,0.046479645310652996,-5.768583116523802,7.99407837218267e-09,1.0571707799887429e-08
JAG1,5944.8223,-0.06976356785214044,0.026020286623819402,-2.6811221898023874,0.007337571800172603,0.008417988520213797
JAG2,1889.0822,-0.5819799695203772,0.024671716461243935,-23.58895338451997,5.004044733520158e-123,1.9003422258857843e-122
JAGN1,1926.577,-0.27109479571344924,0.011407462142509461,-23.764689492435405,7.745780161328612e-125,2.982718712019845e-124
JAK1,8138.911,0.46964967298187876,0.013066572551578769,35.942835898855,6.549321031358638e-283,7.965210685629063e-282
JAK2,873.012,0.1675208796711631,0.02157649817106289,7.764043930716807,8.226338371323768e-15,1.2004015402937256e-14
JAK3,1050.3922,-0.6232790113535084,0.028978514557490644,-21.50831472458609,1.3014737745408447e-102,4.216534782921238e-102
JAKMIP1,158.69366,0.2373301877599418,0.04732071165400158,5.015355421855167,5.293551781682666e-07,6.773390781426523e-07
JAKMIP2,279.57986,1.5253972438105583,0.050263095768177675,30.348254927351896,2.649277659507168e-202,1.8032980230660793e-201
JAKMIP3,93.4389,0.41841135217931635,0.04290949227196213,9.751020812071324,1.8262254660563452e-22,2.9444938832217573e-22
JAM2,458.24512,1.9189004707974657,0.030834703576621453,62.23184426045061,0.0,0.0
JAM3,1769.8016,1.334058384445518,0.0253959247983294,52.53041167192602,0.0,0.0
JARID2,1683.1132,-0.32286002285650234,0.020256320334343377,-15.938730111268656,3.4121747006804363e-57,7.697336812316122e-57
JAZF1,1047.7765,0.6230917990076846,0.021990261542494383,28.334897145430066,1.2848616550734447e-176,7.168675920975681e-176
JDP2,1054.2557,0.3982451077273001,0.018599731715908865,21.41133613162119,1.0476562698320045e-101,3.359992753230904e-101
JHDM1D,1609.5765,-0.10053334188621797,0.017989518106006016,-5.588439962305256,2.2911856214159156e-08,3.00381531756112e-08
JKAMP,1826.8567,0.19706889779462922,0.010452557292054122,18.853653922991462,2.742301127686326e-79,7.435145646366483e-79
JMJD1C,2900.7324,0.528608019586435,0.016023141521861146,32.99028588527596,1.1194634626749296e-238,1.0013689207644504e-237
JMJD4,1309.457,-0.39735272832739404,0.013071933047847616,-30.3973962284653,5.945873795096722e-203,4.0648772530011473e-202
JMJD5,303.90067,0.22309992030380618,0.022046408086070134,10.119558679709383,4.524510665686506e-24,7.446605710809344e-24
JMJD6,1286.0065,-0.07833427799539766,0.011578105257394389,-6.765725155708812,1.3264313788749158e-11,1.839565152759837e-11
JMJD7-PLA2G4B,1299.7291,-0.6420659704569822,0.018442130444291164,-34.81517346363507,1.433659127199386e-265,1.5517206895615257e-264
JMJD8,3834.584,-0.18039696127020957,0.01299767077820254,-13.879176073049978,8.471210067813067e-44,1.704708567466702e-43
JMY,1404.5859,0.48752428383674357,0.015173540042071137,32.12989734004077,1.6862966578846593e-226,1.3754532715494302e-225
JOSD1,3409.0461,-0.018257427249564823,0.011430652037931088,-1.597234102567377,0.11021353362741448,0.12006835033821336
JOSD2,904.6844,-0.5275291907026776,0.01839793280598584,-28.673286084132442,8.217487632349175e-181,4.743403195548536e-180
JPH1,425.71793,-0.41121502688645667,0.03445372823343148,-11.935283871178925,7.749406855721329e-33,1.4022769013921476e-32
JPH2,580.2966,2.152725251982487,0.041227654808791925,52.21556409081536,0.0,0.0
JPH3,266.02914,1.8824950751933915,0.056045449622629806,33.588722864546085,2.4510095217057442e-247,2.33505394723478e-246
JPH4,638.7386,1.579710768933265,0.05362264800040564,29.45976798686471,9.438735485944932e-191,5.83905243872236e-190
JRKL,692.42926,0.19435533219904713,0.014203028871293112,13.684076400905893,1.2640304386419284e-42,2.5114077974344708e-42
JRK,1036.626,0.07345169776667561,0.01681464050842104,4.368318057700361,1.2520706189077464e-05,1.5578381550047554e-05
JSRP1,136.26399,-1.5411197925108293,0.05158999069194547,-29.872457270116115,4.486086891249268e-196,2.8920912925568034e-195
JTB,6326.711,-0.38549497737130983,0.012349803362643266,-31.214665209762593,6.738549854139191e-214,5.03450042129981e-213
JUB,1614.3492,-0.02282195913620146,0.026547748795559954,-0.8596570395459812,0.38997812270112187,0.40755426313187926
JUNB,11411.755,-0.08170143701027968,0.024624758103320665,-3.3178574452376934,0.000907107676838192,0.0010742092364325704
JUND,8208.345,-0.08261712274874657,0.019407516336188646,-4.256965256017472,2.072205439839783e-05,2.5632195485569075e-05
JUN,12989.586,0.4763454937977869,0.022490879523715056,21.179496039517442,1.4760300023943695e-99,4.654661527067374e-99
JUP,28020.316,-1.2361344558888274,0.028986449541826057,-42.64525236542491,0.0,0.0
KAAG1,23.957619,-0.4705932088631817,0.057410374391364836,-8.197006444430436,2.464472384651715e-16,3.6822393423693137e-16
KAL1,1132.1877,1.4113099837123466,0.035628804923081764,39.611488141664935,0.0,0.0
KALRN,998.91174,0.632983071385036,0.027065612036568636,23.386985320332155,5.797715690775164e-121,2.1634108091732326e-120
KANK1,3092.8237,0.5904948413040776,0.021552611578809777,27.397832468926584,2.9105594222005675e-165,1.505107423840014e-164
KANK2,4988.978,1.1723674837960605,0.0214979033315711,54.534038306626904,0.0,0.0
KANK3,361.18567,0.7577745218421802,0.02490200942655821,30.430256003116238,2.1863378464779238e-203,1.4987088288365e-202
KANK4,315.67984,0.51243474590354,0.04663001847165246,10.989374713953023,4.298939759727202e-28,7.385209228612448e-28
KARS,6702.264,-0.3123351834379258,0.009544179389293915,-32.7252004282615,6.843210132698964e-235,5.948800815184381e-234
KAT2A,3133.3362,-0.4131742669140315,0.015798652432264703,-26.152500581013403,9.230495927229671e-151,4.2885364350175467e-150
KAT2B,1578.701,1.0526167472500834,0.022692603336053115,46.385896393726114,0.0,0.0
KAT5,2291.489,0.1168313535699413,0.009426682310247276,12.393687378531867,2.8273748315340405e-35,5.253013706442921e-35
KATNA1,645.1089,0.008334739793142544,0.010790033096605235,0.7724480285203966,0.4398491170690797,0.4573253753337109
KATNAL1,735.63214,0.7919777322985235,0.01935814811461373,40.91185415099953,0.0,0.0
KATNAL2,172.82779,0.0862462860321825,0.028152763157748412,3.0635105175615833,0.0021875651521568815,0.002558400673986785
KATNB1,1264.791,-0.24941337036391528,0.013125852373583916,-19.00168943434603,1.6514221792366068e-80,4.5159575751615955e-80
KAZALD1,305.244,-0.1775716465560536,0.03425760322830111,-5.183422943300277,2.178502568986394e-07,2.8102986821691796e-07
KAZ,1521.44,0.5832310199829777,0.02669694359792426,21.846359222496357,8.418268523537819e-106,2.8018232609237608e-105
KBTBD10,158.34566,0.33191568185033266,0.045971804013126345,7.219983835212572,5.199375438096734e-13,7.3786480234359e-13
KBTBD11,1299.699,1.0875925212791941,0.037742923191286866,28.81579987239224,1.3598982483843622e-182,7.946661434804027e-182
KBTBD12,92.64738,-0.22372261573378874,0.056095885651286856,-3.9882179082532496,6.657150136923027e-05,8.140604218728806e-05
KBTBD13,0.5830673,0.9737753776306239,0.07352374263629907,13.24436627835463,4.8636990123201026e-40,9.459309150919467e-40
KBTBD2,2535.641,0.22231571600619915,0.009345306803553294,23.789022734028354,4.3386376969699033e-125,1.6748260309558261e-124
KBTBD3,232.48622,0.4209078392971596,0.016301604456729592,25.820025287351477,5.284191526449688e-147,2.3864431075197247e-146
KBTBD4,773.51605,0.38312536426527793,0.013666885021448407,28.033115348816665,6.417294923228415e-173,3.505492550094105e-172
KBTBD5,8.180441,-0.2752548031321413,0.11219375577113168,-2.4533879023859764,0.014151763987813266,0.01607071413587072
KBTBD6,906.06323,0.42207224427780243,0.015662066255121326,26.94869485306828,5.908779258644544e-160,2.9347849945534103e-159
KBTBD7,326.21207,0.4681891584912349,0.019928374755955717,23.493594647065418,4.7424971823135647e-122,1.7863552291345396e-121
KBTBD8,133.48004,-0.06645675897366575,0.025061189515063476,-2.6517799138672458,0.00800687142421506,0.00917240014211087
KC6,11.080355,-1.0488262227395238,0.08752735102476594,-11.982839769054104,4.370902806705525e-33,7.926884931562247e-33
KCMF1,2899.662,-0.17143142058996946,0.008574105183156289,-19.994088820690482,6.2000995195091986e-89,1.8076446529813513e-88
KCNA10,0.7330833,-0.2586234915127369,0.08243604125220032,-3.13726238650299,0.0017053343847088212,0.0020012048382204673
KCNA1,53.51944,2.472803413773315,0.07069602517467212,34.977969520402866,4.86615244231676e-268,5.363833111701511e-267
KCNA2,27.45136,1.794945929233517,0.05557436448249083,32.298091862103604,7.439930375046049e-229,6.187481311501737e-228
KCNA3,95.251945,-0.11861079582316802,0.03987484621861348,-2.9745768842062845,0.0029339292243126223,0.00341461527912769
KCNA4,16.49369,1.1556676256291456,0.08054274034561554,14.348501437498657,1.0886420255836489e-46,2.2441943093213352e-46
KCNA5,64.40594,1.2873875243246087,0.040444082250450715,31.83129527708004,2.38926391124987e-222,1.8949366563746048e-221
KCNA6,239.09062,2.0266334285350864,0.05215422802761308,38.85846853033822,0.0,0.0
KCNA7,7.5254173,-0.9694640949636322,0.05801647044059668,-16.710152954862547,1.1055160658739986e-62,2.620773356442564e-62
KCNAB1,347.42905,1.5077343518495787,0.035435202991556364,42.54905361227498,0.0,0.0
KCNAB2,1641.2712,-0.39620681754950954,0.033287792578157935,-11.902465945112985,1.1490091296301297e-32,2.076027411265514e-32
KCNAB3,52.28307,0.6633972309374618,0.032949049552528004,20.13403239082394,3.714980866248826e-90,1.0920198593121548e-89
KCNB1,87.064735,2.3123147741935624,0.05342558681257074,43.28103652479654,0.0,0.0
KCNB2,30.05022,0.14266559343895754,0.06773854143189209,2.1061214254576335,0.03519380617281281,0.039299621537532685
KCNC1,111.56701,1.7641293423162705,0.05901054139667878,29.895156027420537,2.27481255442545e-196,1.4711851586895722e-195
KCNC2,113.32159,0.399173622543578,0.11257340347587169,3.545896368222842,0.000391280050316234,0.0004687578289036253
KCNC3,565.3212,0.23843840689452322,0.03139767344278262,7.594142519159586,3.0983724322930356e-14,4.48296242975296e-14
KCNC4,483.19232,0.012018515861779789,0.022471160569151168,0.5348417953222689,0.5927592591660138,0.6088484817799745
KCND1,244.86305,0.6172110956001997,0.025352939452609344,24.344754846037226,6.588428970271174e-131,2.6619135821740587e-130
KCND2,297.75262,2.3046299481506813,0.050112308385817025,45.98929928366554,0.0,0.0
KCND3,119.526115,1.1653531318224681,0.04429052105636208,26.311569699970192,1.41388990737741e-152,6.658659408812558e-152
KCNE1L,37.723076,0.4552544647064194,0.0468346683092158,9.720458821245407,2.466674792607843e-22,3.970825658472608e-22
KCNE1,69.52031,0.02911302085931403,0.04897069825098896,0.5944987900744523,0.5521785512983635,0.568629394328952
KCNE2,26.891102,-0.00228477635359674,0.03051804455468145,-0.07486640729889939,0.9403210046124734,0.942868170454361
KCNE3,1258.7994,-0.06528073940335916,0.03443869540582414,-1.8955636569299057,0.05801776679771387,0.06415292821174542
KCNE4,879.1968,0.6343722330042603,0.03917116386317637,16.194878334994137,5.480601316139605e-59,1.2565266012982682e-58
KCNF1,214.84122,1.7122905898908827,0.05245045689753886,32.64586604528184,9.172236393659627e-234,7.912608505869337e-233
KCNG1,353.36005,-0.1452341194909845,0.04871705205808312,-2.981176268995679,0.002871434622513946,0.0033432195745031128
KCNG2,10.774989,-0.02738583334187129,0.044414029148415184,-0.6166032190044729,0.537496470790545,0.5542668616129618
KCNG3,39.57283,-0.4985464172160105,0.04920280080667436,-10.13248044912888,3.9646239273729874e-24,6.530402794286946e-24
KCNG4,6.08749,-0.7871187007042183,0.13872043573813256,-5.674136593616891,1.3938988018682754e-08,1.8339398802660085e-08
KCNH1,137.23877,1.019058139430542,0.045114395451590586,22.588314200597658,5.646138498074536e-113,1.9856578628830448e-112
KCNH2,904.1603,0.37013540962224223,0.048145232325059316,7.687893312534476,1.4957745355374866e-14,2.1745553962444795e-14
KCNH3,259.92743,-0.0995097758647558,0.04770390062604481,-2.0859882432847985,0.036979688032859365,0.04125990402044083
KCNH4,17.688078,-0.08061139706754637,0.03689927226832261,-2.1846337911859,0.02891570824921815,0.03240284589640204
KCNH5,12.130463,0.011961315428537884,0.09663624555092952,0.12377669848767041,0.9014920818288641,0.9059866370793683
KCNH6,67.851616,0.19377279421995144,0.07378478497116964,2.6261890482660544,0.008634684575411456,0.009882704254036532
KCNH7,8.458109,1.6827288233496382,0.057807086432593774,29.10938653363532,2.7308322036258325e-186,1.640998017521202e-185
KCNH8,114.16475,0.5699970302852884,0.04862632057762988,11.721985614258271,9.833964863024685e-32,1.761788900442798e-31
KCNIP1,198.89763,2.702396552761261,0.062303385660653944,43.37479454937371,0.0,0.0
KCNIP2,295.80667,2.485950958143608,0.04163774488513597,59.70426508451599,0.0,0.0
KCNIP3,770.30743,0.9633444057820072,0.03974606912963098,24.237476230418647,8.96249468982733e-130,3.591171607758209e-129
KCNIP4,128.12479,1.4261820186429113,0.0339480566945205,42.01071158435732,0.0,0.0
KCNJ10,1087.4636,3.2847857463515564,0.056936164964412395,57.692430608993284,0.0,0.0
KCNJ11,386.31937,0.35747881689494443,0.037033008388168635,9.65297804455855,4.774854463009043e-22,7.656841683396433e-22
KCNJ12,231.76111,0.030042538741934337,0.038221525872716496,0.7860109730307621,0.4318610586018291,0.44939638190856446
KCNJ13,73.98924,-0.085729218269435,0.06124099079656045,-1.3998666114698115,0.1615532660504322,0.17401528720812387
KCNJ14,88.7163,-0.2389776166244484,0.019416688152656205,-12.30784646411269,8.218697866869336e-35,1.5204404349985717e-34
KCNJ15,1482.2018,0.9817735445200714,0.05211922415787061,18.837071356746435,3.7515793498748077e-79,1.01594046267759e-78
KCNJ16,2508.1755,1.7582592930981922,0.07668468535021838,22.928428082716064,2.4191143536026237e-116,8.712320736776193e-116
KCNJ1,252.02222,5.240204845863053,0.063604513883533,82.38731067827129,0.0,0.0
KCNJ2,428.84937,0.43833073262713945,0.029370682200595168,14.924090956874577,2.297451912067864e-50,4.887546862882931e-50
KCNJ3,208.18135,0.36748457119979366,0.07757986666661293,4.7368548953428835,2.1706046406194165e-06,2.7441219497249565e-06
KCNJ4,66.7726,1.4152723284166044,0.07014018544716102,20.177767130125098,1.5352622834057423e-90,4.525978110028599e-90
KCNJ5,178.32271,0.5832901282468256,0.036648333358666435,15.915870512809875,4.9178215970853914e-57,1.107176046611318e-56
KCNJ6,10.538948,0.5394387614046908,0.0568313753374963,9.4919181209535,2.2682150608526986e-21,3.604042021688917e-21
KCNJ8,670.1008,0.9602362851902102,0.03041537721633522,31.570750491119835,9.308880693501684e-219,7.19512156564164e-218
KCNJ9,83.71218,4.222271156337482,0.07157955671630657,58.98710958872988,0.0,0.0
KCNK10,85.76175,0.814747374747566,0.057538807826075136,14.159962736981544,1.6208007365156954e-45,3.312375245404843e-45
KCNK12,34.47686,-0.12387498902922466,0.052201140763011994,-2.3730322214911896,0.017642724757979573,0.01994271463814925
KCNK13,106.59282,0.59055133898174,0.03279296587327302,18.00847600256408,1.6716793845384295e-72,4.283126175411262e-72
KCNK15,287.04163,-0.3517069095968483,0.05178651766725376,-6.791476342485249,1.1099178712356303e-11,1.5412876297992088e-11
KCNK16,7.9827256,-0.6355247400201901,0.14024122016839782,-4.53165438276328,5.852354360411304e-06,7.333543572574243e-06
KCNK17,53.977398,-0.21901596394754447,0.04547771281724709,-4.815896631118271,1.4654037290471468e-06,1.85882582677077e-06
KCNK18,0.08903571,-0.11682519074218314,0.2094366538761912,-0.557806804969509,0.5769763153923456,0.5932956616532534
KCNK1,1172.5197,-0.46268225523572687,0.03231293354140582,-14.318794505080929,1.6699482097199554e-46,3.4369668016264223e-46
KCNK2,192.40492,1.194486025424135,0.05200811404217328,22.96730130332218,9.897098001812091e-117,3.5738740372276047e-116
KCNK3,827.2542,0.4497968253618739,0.05316556052355466,8.460304395033967,2.666805076931202e-17,4.033990977133691e-17
KCNK4,16.172564,1.7771506044920287,0.05314854677410572,33.437426088907976,3.9206461601743915e-245,3.676666751496565e-244
KCNK5,1221.117,-0.12548519653262163,0.036809822083095106,-3.4090139378926976,0.0006519814852602076,0.0007758762601363436
KCNK6,731.3671,-0.7412751528587213,0.02857585696592294,-25.940609716191574,2.3207627722878673e-148,1.0579581119795944e-147
KCNK7,57.48585,-1.284580801902427,0.037488721907608484,-34.26579345831782,2.5377539634240846e-257,2.601517267943149e-256
KCNK9,64.8269,-0.06409558915894539,0.05628643759780374,-1.138739488488189,0.2548118272168193,0.27057393158646137
KCNMA1,1572.8558,1.3209922548425739,0.03570345360864895,36.99900489521752,1.1880931734078271e-299,1.6410033186845286e-298
KCNMB1,512.8928,2.068992496046073,0.03574682048340172,57.87906359411087,0.0,0.0
KCNMB2,72.69043,0.5622395741878965,0.05019853877991106,11.200317536192886,4.062746483298757e-29,7.060474234185181e-29
KCNMB3,146.42416,-0.38699774995000846,0.019109700041978903,-20.251377525543457,3.454438128786029e-91,1.0223710693989645e-90
KCNMB4,421.62796,1.0654557483072353,0.03359210853612819,31.71744182599736,8.931620809203883e-221,6.9884269044804715e-220
KCNN1,98.93393,1.0018738677193324,0.04974866168545406,20.13870994266905,3.380262759177736e-90,9.942035468665058e-90
KCNN2,255.50905,0.8862403445563724,0.04775227775957162,18.559121912854337,6.8820310973959604e-77,1.831280500743489e-76
KCNN3,189.57132,1.4649291907105195,0.03376913419311536,43.380715132731474,0.0,0.0
KCNN4,1652.8085,-0.97429484756358,0.04063474237371204,-23.976892448415853,4.845290515088234e-127,1.901045858482971e-126
KCNQ1DN,1.713463,1.713907592024155,0.08827228002833386,19.416147305519022,5.636301347069578e-84,1.5820964997241075e-83
KCNQ1OT1,497.24493,-0.6082082179320263,0.03426234595897247,-17.751505359858506,1.6779535421283253e-70,4.2336666457046194e-70
KCNQ1,1649.1412,-0.3713869080639637,0.035435012582433124,-10.480789507270512,1.0585631614659692e-25,1.776693108350014e-25
KCNQ2,365.0519,1.3571662112634129,0.09921412446733535,13.67916331016193,1.3523986313811757e-42,2.68514567352149e-42
KCNQ3,67.28502,1.044111486338991,0.041818685763809656,24.967582487792487,1.3758926048755223e-137,5.792348540665997e-137
KCNQ4,40.66342,0.5530563506492396,0.04029764037013891,13.724286225430255,7.264097470838724e-43,1.4463546250249934e-42
KCNQ5,287.51767,0.44306521713632213,0.048155401145092445,9.200737749050509,3.555005119371781e-20,5.57684922370859e-20
KCNRG,38.48536,-0.7449535770710279,0.030832656313756573,-24.161187070302887,5.6959310312104734e-129,2.26668217092287e-128
KCNS1,156.21243,-0.11557918865314228,0.05216571033720378,-2.215616118443095,0.02671780401377786,0.029982789764993023
KCNS2,11.986738,1.7558976792371697,0.04650933731278563,37.753659387326195,0.0,0.0
KCNS3,891.7224,-0.16587502744774865,0.031239424589232973,-5.309797783692834,1.0974693314651192e-07,1.422782610755117e-07
KCNT1,64.57547,0.699274481299912,0.061421872482119236,11.384779607679343,4.979397582391696e-30,8.756634307671464e-30
KCNT2,136.58342,1.3724042540674917,0.043861414402038,31.289557639156374,6.472042694894976e-215,4.863946741431039e-214
KCNU1,5.9254956,-0.8155098865693312,0.10577762332648155,-7.7096635462518215,1.2614986700442998e-14,1.8360631558072564e-14
KCNV1,30.6214,1.1089861945641677,0.08073879231959935,13.735481578351045,6.224083442737834e-43,1.2403691739496824e-42
KCNV2,6.4140024,-1.1165636991094585,0.047763951830882743,-23.376702645184437,7.376727241916534e-121,2.7495933708930563e-120
KCP,267.75967,-0.28074519991927205,0.04370381021303549,-6.423815190272231,1.3290054131188496e-10,1.8123934091825748e-10
KCTD10,3366.6938,0.3923753436127634,0.011333922082475805,34.61955541581173,1.2833105114728254e-262,1.3551306381263097e-261
KCTD11,1369.4482,-0.23268557043197466,0.020272842276235555,-11.477698453005566,1.707657832550668e-30,3.018161803359584e-30
KCTD12,5119.427,0.9803106721661001,0.02380225442602319,41.18562278261839,0.0,0.0
KCTD13,799.5937,-0.17212573616979243,0.01527573460732139,-11.267918734808053,1.8898427956172602e-29,3.295812016101748e-29
KCTD14,656.0646,-0.25383703119783996,0.033812206269288936,-7.507260223607353,6.037763409103499e-14,8.698190294787585e-14
KCTD15,1719.357,0.2615997273170256,0.024319017966567397,10.7570020992073,5.4928064681793286e-27,9.347045042265375e-27
KCTD16,52.063007,1.3976924602094398,0.047439526486846184,29.462614062916195,8.678744239056817e-191,5.373800303009663e-190
KCTD17,653.61334,0.17801363119049118,0.02235599656501513,7.962679304981844,1.6835339160470167e-15,2.4853213687768263e-15
KCTD18,789.5164,0.2852937642851924,0.010744082159236909,26.553572474305724,2.335474148093479e-155,1.1211487427737594e-154
KCTD19,10.015151,-0.17185048942220113,0.04097974120589776,-4.193547454552217,2.7462559320074043e-05,3.3895740842521214e-05
KCTD1,1478.3256,-0.3456183267158546,0.024807703525903252,-13.931895241934553,4.054519062519768e-44,8.186646195957547e-44
KCTD20,3126.7422,0.5194300525084073,0.016033660053954353,32.396224614996825,3.102173298473613e-230,2.602272195452175e-229
KCTD21,820.13226,0.2687915405925,0.016947746519716426,15.860016567972453,1.1986226131290404e-56,2.6893054640394684e-56
KCTD2,2418.5305,0.3811773585919311,0.012462587501593727,30.585731778668414,1.8946966643381542e-205,1.3196759968956716e-204
KCTD3,3989.4526,0.3452337867423555,0.01866115833894287,18.500126330416876,2.0599058411031624e-76,5.459206328953305e-76
KCTD4,28.508108,1.8149450836451224,0.07295447328556369,24.877776535250042,1.2947458803280094e-136,5.423813040658013e-136
KCTD5,1969.6013,-0.21498254211140339,0.012537368055826312,-17.14734234124184,6.579339434189207e-66,1.5955779814253492e-65
KCTD6,457.83646,0.30456193610615284,0.01866253981744279,16.31942592409081,7.180769783962303e-60,1.6577082666026595e-59
KCTD7,833.228,0.7624554928600134,0.018065695268295306,42.20460278648103,0.0,0.0
KCTD8,29.608227,1.7300464713943493,0.06651662931410599,26.0092324165239,3.893769341205635e-149,1.787849571890066e-148
KCTD9,1211.422,0.17082221809435674,0.016347128987978778,10.449677017901715,1.4702506751981146e-25,2.4638104779289174e-25
KDELC1,393.72684,0.5411700537547525,0.022344500555011106,24.219384650035806,1.3903260714131416e-129,5.562123892297141e-129
KDELC2,2164.2734,0.5047436736647746,0.01806996459778113,27.932742808292705,1.068357043464772e-171,5.790916146938043e-171
KDELR1,10338.764,-0.27419422904333235,0.011439914889554217,-23.968205331116497,5.969246332391535e-127,2.3379739530811708e-126
KDELR2,13420.8545,-0.11663222481106118,0.014065385047967293,-8.292145889594163,1.1122339296190332e-16,1.6689247179476632e-16
KDELR3,1498.718,-0.1122873660447235,0.027745498804138423,-4.047048021640725,5.186760348641712e-05,6.357067842874999e-05
KDM1A,4329.982,-0.23509738367036406,0.012814403626290504,-18.346338271102184,3.531234045552348e-75,9.264483754304156e-75
KDM1B,1382.5458,0.049163571358075045,0.016261069571951545,3.023390997777692,0.0024995905819507223,0.002917287586444322
KDM2A,6580.422,-0.1260248939782093,0.011886869507479011,-10.602025529002114,2.91595234343023e-26,4.922951634455266e-26
KDM2B,1764.4777,-0.10993940837761272,0.01297080883317663,-8.475910006198733,2.3324901716068262e-17,3.5301194918037e-17
KDM3A,3009.7068,0.15628382443804695,0.012332565201840489,12.672450692960735,8.404695119519354e-37,1.5845095651291278e-36
KDM3B,4738.3745,0.24624668545788433,0.011077696954470775,22.229050539110773,1.79899147164972e-109,6.148341005760726e-109
KDM4A,2803.069,-0.003724882338010488,0.01053434282541228,-0.3535941823560985,0.723643034864663,0.7364483152616682
KDM4B,3030.4905,0.0663757579182253,0.01676436895276264,3.959335308430269,7.515865245492161e-05,9.18239921585303e-05
KDM4C,1184.4843,0.003569734456606861,0.012372330279332534,0.2885256355118449,0.7729444101586943,0.7839963753697119
KDM4DL,1.5466518,-0.0332980363096648,0.065137997472549,-0.5111922011986557,0.6092164790677135,0.6250586250738084
KDM4D,80.632225,0.3592170225752695,0.018133936823357844,19.809103013559174,2.484711797544464e-87,7.1591066354667065e-87
KDM5A,3029.7168,0.09701665041021738,0.012879908878400757,7.532401923503632,4.981534079393369e-14,7.191310524170006e-14
KDM5B,4634.5664,-0.1499978943958799,0.01729063322569684,-8.675095494649517,4.132035932671026e-18,6.31704734949684e-18
KDM5C,5965.2446,-0.1052830986584751,0.010304909244641593,-10.21679047908363,1.6677137975479105e-24,2.760405301160806e-24
KDM5D,875.7469,0.07395969304394635,0.08324564581134751,0.8884511895259349,0.3742981004131871,0.3918715944827767
KDM6A,1454.7198,0.12448815678146719,0.015204519692741352,8.187575753602918,2.6654046272034966e-16,3.979829321982837e-16
KDM6B,2577.0945,0.07407308490819427,0.01478459572544563,5.0101528837009575,5.438681220183542e-07,6.956468616053072e-07
KDR,2274.7202,1.457000296243572,0.029385758822765496,49.58185034564487,0.0,0.0
KDSR,3211.5686,0.3116197581232436,0.012010116010833304,25.946440304336605,1.9945247966209853e-148,9.100522262305387e-148
KEAP1,4252.1826,-0.16082673881350068,0.011454288119083481,-14.040745015445735,8.778489686796521e-45,1.7818671139929251e-44
KEL,48.52371,-1.2076458221625284,0.04719810498167443,-25.586743845572194,2.142847729555287e-144,9.45313909556145e-144
KERA,18.656063,1.7714731290399144,0.0640061520676731,27.676607198116717,1.335522313427685e-168,7.088086230207048e-168
KGFLP1,16.190626,-0.03989793396008036,0.05615674544804885,-0.7104744700169693,0.47740995712717604,0.49466076223483013
KGFLP2,220.0841,0.6698800952626632,0.022953005426763606,29.184853260286836,3.019135870431399e-187,1.8255594649870167e-186
KHDC1L,35.86163,-2.083013232744956,0.07350545021800381,-28.338214738731853,1.1694401085189441e-176,6.526488807384097e-176
KHDC1,100.215004,0.6267786860474799,0.030409737888819524,20.61111767352398,2.18136458187568e-94,6.609674285222052e-94
KHDRBS1,7731.937,-0.0034658754494247975,0.007403878625999008,-0.4681161894326902,0.6397015024488574,0.6547854644724126
KHDRBS2,21.913553,1.4156822156301292,0.06680367281023741,21.191682374283786,1.1395217848987586e-99,3.59905740284732e-99
KHDRBS3,825.92303,0.8038314539079092,0.030272476019744227,26.553211352240783,2.358008740965487e-155,1.1316996689607812e-154
KHK,1739.2719,0.5831194280829647,0.04281560002446473,13.619321643274219,3.074098247980019e-42,6.083355971094985e-42
KHNYN,3527.3853,-0.18932316662616916,0.013258087133513062,-14.279825190438558,2.9233381079105912e-46,6.0074937457304655e-46
KHSRP,5864.903,-0.1134156287426125,0.011234148234896948,-10.09561440450878,5.776817643328538e-24,9.490053288188953e-24
KIAA0020,1409.7144,-0.36108092718820956,0.015175553846797326,-23.793591379494373,3.891034262669921e-125,1.5026093807605636e-124
KIAA0040,2480.609,0.23746287804582059,0.02353800000107808,10.088490017628702,6.211766697894974e-24,1.0200464446075478e-23
KIAA0087,13.286269,0.6886250830584607,0.0571710374436959,12.044998898903026,2.0607916410276327e-33,3.7503939411532645e-33
KIAA0090,2904.9397,0.03539262710366611,0.012251350518804017,2.888875561052934,0.0038662203976769214,0.004479420730497635
KIAA0100,9055.838,0.06511434869908383,0.012233934297128381,5.322437338442127,1.0238605775674573e-07,1.3282004268316467e-07
KIAA0101,864.56964,-0.9986876746152041,0.029105243012715862,-34.31298182869956,5.025024567354376e-258,5.169503545566839e-257
KIAA0114,2082.7927,-0.3715903445638327,0.020904564022236744,-17.775560598564127,1.0929966596095497e-70,2.7625473610168618e-70
KIAA0125,253.0716,-2.562768902360387,0.05785856845457971,-44.29367975760096,0.0,0.0
KIAA0141,2519.6128,0.18167277994192868,0.011794672475746787,15.402952503810493,1.5636377818833102e-53,3.419712278586563e-53
KIAA0146,1978.426,-0.12408293043197018,0.012501683108365897,-9.925298006388928,3.23136015893513e-23,5.2537343456125474e-23
KIAA0174,5572.8833,0.08144179639921693,0.008397928905760731,9.697843041199153,3.0793956787064263e-22,4.951304424481452e-22
KIAA0182,4074.6697,-0.053012006892925345,0.01711447230063842,-3.097495848057661,0.0019516313014837784,0.002286280089010199
KIAA0195,4351.496,0.09552948582995192,0.01281888612175499,7.452245454293287,9.176479251534819e-14,1.318167932561895e-13
KIAA0196,2903.1685,0.12295314041752106,0.013929914622358985,8.826553769408484,1.0795046220360267e-18,1.6624534493215935e-18
KIAA0226,1745.2831,0.15979196872752208,0.013579014336123234,11.76756756949873,5.735446507743875e-32,1.0291552569289403e-31
KIAA0232,2744.6567,0.47409754293090495,0.013892621578396831,34.12585164402171,3.0514597676347656e-255,3.0770019519205645e-254
KIAA0240,1406.5897,0.36507884367303944,0.014381392541687745,25.38550022988213,3.646460379580571e-142,1.5829059033663295e-141
KIAA0247,4181.4795,0.30287621429250244,0.015075738577751569,20.090306868247254,8.970596018364173e-90,2.6300743712251755e-89
KIAA0284,3869.063,-0.3788836521062196,0.02011698894599552,-18.834014032782974,3.9746022558410356e-79,1.0760495655141974e-78
KIAA0317,2206.369,0.06156973030382247,0.011086802786076926,5.553425229241313,2.8012551727951487e-08,3.6682803153622195e-08
KIAA0319L,4637.192,0.04169752877096383,0.013106622216847774,3.1814092205514375,0.0014656044676307678,0.001723657868204887
KIAA0319,134.86922,0.20783983173487686,0.045368851793125574,4.58111288957878,4.625080824492633e-06,5.8074401632280956e-06
KIAA0355,1668.0076,0.5792496300754807,0.012114096585807732,47.81616408392355,0.0,0.0
KIAA0368,5559.6943,0.02050165071567205,0.01083166067829545,1.8927523049861956,0.0583908170132013,0.06455140332166405
KIAA0391,1326.3245,0.04950001704144985,0.010099549222564785,4.901210534313263,9.524791414783928e-07,1.2140188343679082e-06
KIAA0406,1565.6694,-0.10656243599220527,0.010499183183860629,-10.149592985101291,3.327482522441377e-24,5.486250135599611e-24
KIAA0408,88.53627,1.9769141475242504,0.09080437522610421,21.77113319266506,4.3572427855376954e-105,1.4407845683086236e-104
KIAA0415,1794.1438,-0.40727609450123614,0.01300825660941406,-31.30904522643649,3.514588863922908e-215,2.6501301733557957e-214
KIAA0427,1926.0918,0.6434355672882637,0.018485703180614575,34.807199975114614,1.8927395502827147e-265,2.046430403834614e-264
KIAA0430,3914.2874,0.3607359521577742,0.011791514028170627,30.592844251887808,1.5238823277343194e-205,1.0621266795735368e-204
KIAA0467,2193.978,0.021619786268994124,0.013188457944752008,1.6392959934786868,0.10115163004899315,0.11042069899021188
KIAA0494,6733.795,0.39837799088431725,0.011522493977748391,34.57393786914908,6.227519733111701e-262,6.5421090942425755e-261
KIAA0495,1005.7945,0.3043523726003396,0.02100988981769954,14.486147963705237,1.4822539405806118e-47,3.07742279994704e-47
KIAA0513,1306.3838,0.5018339349660094,0.024854746397133063,20.19066809001498,1.1825455875049265e-90,3.4917252525036695e-90
KIAA0528,2102.7412,0.04620736694474505,0.015340155476187453,3.0121837432790572,0.0025937554666558543,0.003025280294794989
KIAA0556,1468.9196,0.11648919107622127,0.0141198597018501,8.250024684094978,1.5836181264585184e-16,2.3718738642366644e-16
KIAA0562,1570.9745,0.1110955430920824,0.00951528043405745,11.675488059652455,1.7008672603765104e-31,3.0412749476554873e-31
KIAA0564,1369.7098,0.16371886156716417,0.016033074368830294,10.211320536593284,1.7644688773778388e-24,2.918893465063413e-24
KIAA0586,647.3811,0.2333731529844547,0.013000219719050982,17.95147759252572,4.673039060059588e-72,1.1929580216144597e-71
KIAA0649,1653.6696,0.053147518008539674,0.014832454962964117,3.583190924310663,0.0003394223284477978,0.0004074709113077844
KIAA0652,4225.7812,0.08589115695055391,0.009660496440294125,8.890967196292332,6.05792623063262e-19,9.361873396800478e-19
KIAA0664P3,119.98662,-0.016268902331535967,0.02235855323602801,-0.7276366301429856,0.4668360513624781,0.4842736522380246
KIAA0664,5817.2417,-0.4031763989124075,0.01643232894412572,-24.53556037511872,6.168074666619388e-133,2.52059076952437e-132
KIAA0748,155.651,-0.59015574279501,0.042399309539583444,-13.918994181828559,4.856908850864194e-44,9.799009740832835e-44
KIAA0753,796.2251,0.16962329850107716,0.012525224115491871,13.542536000715383,8.770783906433755e-42,1.7287674465203293e-41
KIAA0754,402.4126,0.9222717717902216,0.0306077471699813,30.13197170861187,1.8479879536736473e-199,1.2247131103138601e-198
KIAA0776,1915.694,0.3105075762743844,0.013115794500388847,23.6743245912536,6.631097502837361e-124,2.5366875997795155e-123
KIAA0802,835.5335,-0.02698012829520087,0.03162148806029456,-0.8532213361925368,0.3935365735041739,0.4111691320167037
KIAA0831,1150.1046,0.23773224891949077,0.011040551029320533,21.532643460289453,7.701311797643172e-103,2.4998566149269348e-102
KIAA0892,2893.8838,0.06502185640148939,0.009862082005136753,6.593116582038375,4.306881030757674e-11,5.91898143007935e-11
KIAA0895L,949.60425,0.12221055127596221,0.021696956363170122,5.632612668356131,1.7749980875627155e-08,2.3309802015538493e-08
KIAA0895,489.07687,0.13218059437104318,0.02135133980138354,6.190740047258208,5.988239637510131e-10,8.086129255161422e-10
KIAA0907,2087.637,-0.23482568978272664,0.014242719828822643,-16.487419018628426,4.51842416570445e-61,1.0538503561642446e-60
KIAA0913,3703.7217,0.09542818779342063,0.011823762843762431,8.070881415197135,6.979247807785201e-16,1.0357960790107808e-15
KIAA0922,1114.6576,-0.05025739815028308,0.02113797414619643,-2.3775882117504814,0.017426274333243407,0.01970351655839734
KIAA0947,2325.6416,0.2143566050362736,0.012604827883451701,17.005912894510246,7.42396658637462e-65,1.7872121997398708e-64
KIAA1009,406.2293,0.21412104390461587,0.015092516878739654,14.187232363227722,1.0991161112292535e-45,2.2484832102608896e-45
KIAA1012,2047.5957,0.26573553351210993,0.012713832760259667,20.901292200628454,5.211500232568851e-97,1.6129664523391492e-96
KIAA1024,111.649635,0.3269104554574071,0.029317560687265976,11.15067037618174,7.106890553813415e-29,1.2319215392514884e-28
KIAA1033,2371.1433,0.29723125550306795,0.01385517933529932,21.452718027676596,4.307338492286615e-102,1.387329605512786e-101
KIAA1045,156.85773,1.5577586255031668,0.049799234253638636,31.28077467153719,8.52112646405227e-215,6.401535560208124e-214
KIAA1107,256.08316,0.6880278249571726,0.023451185780121224,29.338722203991512,3.3281424088692743e-189,2.039664398018349e-188
KIAA1109,3217.9685,0.6228149950695858,0.017002297708115403,36.631225129784,9.108917261695213e-294,1.1964415905216314e-292
KIAA1143,1452.4694,0.30460222467473386,0.010878263603288599,28.000996830289147,1.5799945675378306e-172,8.600831390508742e-172
KIAA1147,2741.8772,0.5008681495028148,0.018378181842633533,27.253411343493486,1.514133498763228e-163,7.723939839970073e-163
KIAA1161,1002.86035,0.24443231364909523,0.029348705383198948,8.328555227823566,8.183489265900888e-17,1.2295768115459497e-16
KIAA1191,5415.439,0.3718276684638012,0.012381600649509036,30.030662350472852,3.905523104448424e-198,2.5599660297316634e-197
KIAA1199,1709.5281,-0.3001687207661505,0.04412897213785759,-6.802078231698494,1.0312057000220162e-11,1.4335484361043515e-11
KIAA1210,43.676556,1.3273647795855983,0.06910213650754127,19.20873719209449,3.127821305095064e-82,8.669750027288006e-82
KIAA1211,628.8665,0.6641356723545607,0.036216228506516346,18.338068311974105,4.1114875553217385e-75,1.0778492806952778e-74
KIAA1217,4902.697,0.19217358633452816,0.025852212151328872,7.433545153104042,1.0572507888726854e-13,1.5169898379490453e-13
KIAA1239,24.251877,0.692304575729067,0.06468982438462675,10.701908411635603,9.970331487635874e-27,1.6918317949389792e-26
KIAA1244,1255.5364,0.279558273044716,0.04086531487326579,6.8409670624513845,7.866034275959215e-12,1.0965052504228254e-11
KIAA1257,65.15248,-0.9129465354179498,0.0353099294458947,-25.85523533307692,2.124670639437065e-147,9.631745613070408e-147
KIAA1267,2558.069,0.09913527735737636,0.011793002742995943,8.40627951318458,4.232218273802874e-17,6.382498654544646e-17
KIAA1274,1018.76276,0.6637905968779645,0.024394264604953836,27.210928782955236,4.82249522474583e-163,2.4508532271742476e-162
KIAA1279,1471.605,0.4252612807044074,0.01193778585363794,35.623128603434665,6.14376147945902e-278,7.209270314715053e-277
KIAA1310,3082.0662,0.113920658434859,0.009263723834489642,12.297501573905148,9.341919101872839e-35,1.7271352251637225e-34
KIAA1324L,573.19415,0.5513990756244931,0.031160911141083235,17.695216713272426,4.564709977794273e-70,1.147461790812614e-69
KIAA1324,5789.9316,-0.5575510080747982,0.05285804330265842,-10.548082623534363,5.184426278165435e-26,8.722397702435344e-26
KIAA1328,231.22409,0.5015080727743084,0.015395199828406992,32.57561307187019,9.086117706590248e-233,7.769183972636324e-232
KIAA1370,1673.6741,0.29551808918855077,0.01907119032374947,15.495524095343974,3.719155853834056e-54,8.176038659778376e-54
KIAA1377,356.2858,0.712289009441621,0.029741596697575885,23.94925251271653,9.407379589012116e-127,3.677512308999571e-126
KIAA1383,194.87245,0.2927306789416253,0.028036891717032372,10.440910565124872,1.612564288281782e-25,2.7007400744594276e-25
KIAA1407,411.9203,0.16033403564450088,0.019909682608116205,8.05306838890242,8.074375670884739e-16,1.1969288938658978e-15
KIAA1409,185.18938,1.5120798194843634,0.05238890840456245,28.862594498202583,3.5213935456445214e-183,2.0690346665447853e-182
KIAA1429,3095.7485,0.10231851149631407,0.012684105044227368,8.066671723353474,7.224044798089981e-16,1.0719703210226963e-15
KIAA1430,2022.9015,0.46935905730684013,0.013338881603631001,35.1872871544999,3.1289244200630164e-271,3.5252779340377947e-270
KIAA1432,1268.3267,0.24045390774117678,0.01504790099213655,15.979232443569948,1.783282046727759e-57,4.03622447908065e-57
KIAA1462,2217.672,1.3627390041047254,0.025908898552372352,52.59733451617325,0.0,0.0
KIAA1467,1165.3678,0.2392486499192941,0.0306467864466472,7.806647210329885,5.872936397214462e-15,8.591442991369493e-15
KIAA1468,1503.6473,-0.12377619002598092,0.013158287492110036,-9.406709657331893,5.119110439757565e-21,8.104196690748387e-21
KIAA1486,11.841166,0.6801603185356637,0.06458798627741685,10.530755915105551,6.233190193630355e-26,1.0477338107011263e-25
KIAA1522,8604.7295,-0.5909708201850457,0.023818327829508736,-24.811599891277286,6.720130570897045e-136,2.800719309987573e-135
KIAA1524,474.36536,-0.5127138528080583,0.025576172489309983,-20.046543438911986,2.1636576518783498e-89,6.329918973213295e-89
KIAA1529,228.35135,0.34754154628571,0.028264547804931376,12.296023579937609,9.514385319697984e-35,1.758541722412449e-34
KIAA1530,456.793,-0.13257638207121886,0.015937209292184777,-8.318669827359995,8.895597170739741e-17,1.3361772377090923e-16
KIAA1539,1319.2533,-0.06664031949374231,0.015618472075806786,-4.266763046365401,1.9832961507222975e-05,2.4550335048587606e-05
KIAA1543,1669.4916,-0.6769885042608871,0.029865434020896458,-22.66796135583387,9.279279789981224e-114,3.2810179787344116e-113
KIAA1549,1091.7373,0.4455382972307468,0.026253273883368292,16.97077092975439,1.3514615212076562e-64,3.245388665990407e-64
KIAA1586,342.55917,0.3203166070261344,0.015280829835361082,20.96199031579396,1.4585894752286176e-97,4.5336523856762485e-97
KIAA1598,2398.1743,0.20408601981922864,0.01905927933183374,10.707961002405488,9.339617550408017e-27,1.585072305007976e-26
KIAA1609,1035.1466,-0.4107938861971999,0.01966025239333285,-20.894639497939895,5.990726085671659e-97,1.853856093299731e-96
KIAA1614,194.55501,0.8599194404375058,0.027408872599903027,31.3737618102741,4.614199367666413e-216,3.500018067299572e-215
KIAA1632,1795.0927,0.23852721016898257,0.014296311060947725,16.684528557898503,1.6984148329923435e-62,4.01556469456406e-62
KIAA1644,375.69144,1.2922086435801823,0.04297207127033682,30.070895011108778,1.1641987445594214e-198,7.653187678555137e-198
KIAA1671,3694.8792,0.2038530033829633,0.02128003400257561,9.579543122830074,9.747516404453592e-22,1.5562240156702533e-21
KIAA1683,362.50262,0.02682954046197123,0.03274415788738041,0.8193687727211739,0.4125760457428097,0.43022104667475225
KIAA1704,629.80133,0.15713886481273787,0.012019345093974882,13.073829196526626,4.6466315733280623e-39,8.9541667961558e-39
KIAA1712,647.3159,0.035528092612778964,0.013810872881267807,2.5724726393627892,0.010097493687743564,0.011531658382721221
KIAA1715,1436.5125,0.3498742226323673,0.015696043856527214,22.29059920005714,4.5585059646592317e-110,1.5652997627677062e-109
KIAA1731,773.7847,-0.013410672792185973,0.01516696557941432,-0.88420275776111,0.37658676993143003,0.39414610574922804
KIAA1737,1861.7046,0.5505970059896464,0.015727371436473257,35.008838458075715,1.6507234794225607e-268,1.826471702041517e-267
KIAA1751,19.257723,-0.13384560636593726,0.04900380444002501,-2.7313309220664452,0.006307909823944303,0.0072518344404360535
KIAA1755,432.62497,1.2911014645278385,0.037136080744831275,34.7667669455813,7.734793579969803e-265,8.323079413034101e-264
KIAA1797,1805.7272,0.023324589549276565,0.01499957340743984,1.5550168605266794,0.11994205384177771,0.13036678629890303
KIAA1804,672.0156,-0.2396501734942613,0.030896232669586104,-7.756614732195818,8.722639843571794e-15,1.2725490833054688e-14
KIAA1826,798.03107,0.5053125666874949,0.015778392289166516,32.02560548798395,4.800128768706315e-225,3.8841741495267036e-224
KIAA1841,494.51855,-0.21555808478182262,0.01686613021860971,-12.780530091246458,2.1062904457506426e-37,3.996083047715714e-37
KIAA1875,76.43219,-0.6771507650114845,0.030756511105603793,-22.016501243800327,2.0013168191337962e-107,6.740249647765915e-107
KIAA1908,405.06107,0.4708119768011739,0.024076548604941732,19.554795187900783,3.755101617052113e-85,1.062692713672004e-84
KIAA1919,253.27753,-0.08944216639100445,0.019145039823949987,-4.671819291757985,2.9854356400773345e-06,3.7630314633688986e-06
KIAA1949,3847.1582,0.11556249922333836,0.019281054687255734,5.993577690525514,2.0527402763104085e-09,2.7436803627497114e-09
KIAA1958,162.0934,0.3569852872495382,0.024234228927743483,14.730622885255467,4.099101647702408e-49,8.634620842790826e-49
KIAA1967,5030.621,-0.0008790316562488157,0.011132555615008031,-0.07896045496182158,0.9370640771835662,0.939741271236896
KIAA1984,59.114723,-0.8010149127870807,0.03635923407145004,-22.030577190184896,1.4669225353687622e-107,4.94864555055056e-107
KIAA2013,3993.9,-0.25091960274305436,0.012352873155596845,-20.312651120307798,9.939198813062062e-92,2.9536147808368194e-91
KIAA2018,1393.2864,0.17904058280693275,0.01658524164181865,10.79517481104967,3.627715034720092e-27,6.183577561274811e-27
KIAA2022,162.95508,0.9525622748092744,0.04753650947547408,20.038540593745907,2.5410943549657012e-89,7.427730075053368e-89
KIAA2026,1472.345,0.330959039280189,0.01565138311541964,21.145673634052848,3.0244121332021293e-99,9.518319155953338e-99
KIDINS220,4375.8677,0.6037046905923114,0.014086432761362231,42.857173339741266,0.0,0.0
KIF11,1434.9637,-0.6808401460354521,0.026593286918731886,-25.601955415141976,1.4509418494352705e-144,6.414706864854e-144
KIF12,1006.96875,-0.2458258065366794,0.0526321249998916,-4.670641866297165,3.002600308141107e-06,3.7841983207530512e-06
KIF13A,2277.9053,0.49855170881065713,0.01874708985386007,26.59355199644515,8.059902431200747e-156,3.8792329455512054e-155
KIF13B,3548.6128,0.10694890017353964,0.02180558816153087,4.904655603934475,9.359140365198995e-07,1.1930545281766098e-06
KIF14,442.53732,-0.6155117722146549,0.03367686957500048,-18.276988923922158,1.2620395900779377e-74,3.297044015705984e-74
KIF15,465.45813,-0.4779612136311348,0.03147646223322678,-15.18471834889359,4.4647683929905835e-52,9.63006883281018e-52
KIF16B,1308.936,-0.019473011962284573,0.019844745264330135,-0.9812679227123298,0.32646063678679405,0.34337735608298925
KIF17,144.8533,0.18037376484286308,0.031984068855718924,5.639487760501469,1.705567742725855e-08,2.2400911989004372e-08
KIF18A,341.22894,-0.5378574105750821,0.028490472123429745,-18.878501143993454,1.713808461481819e-79,4.653431110603942e-79
KIF18B,713.11346,-0.7240463356824092,0.03278193172199079,-22.086750159286805,4.238099705851914e-108,1.4344716859757127e-107
KIF19,96.5127,0.01766419534270867,0.04589995283972648,0.384841252547438,0.7003550334373991,0.7135329092604719
KIF1A,3863.5583,1.3671044356520292,0.06919894633818435,19.75614525936291,7.10261835223728e-87,2.0383733723315307e-86
KIF1B,4462.6655,1.022491389899743,0.018137478249464146,56.37450674434035,0.0,0.0
KIF1C,7595.6855,0.18667848670966208,0.016338220223660656,11.42587651250522,3.105067044789378e-30,5.475622344293369e-30
KIF20A,1093.581,-0.5626042915032561,0.032181787704293224,-17.482070812001588,1.9624104478779403e-68,4.872282232725242e-68
KIF20B,729.0948,-0.4404796826304158,0.02232706760400548,-19.728505795870554,1.2274497070245809e-86,3.513730116045197e-86
KIF21A,1839.3091,0.3062860229718842,0.025015787616362445,12.243708959679013,1.8154294013110544e-34,3.343918138178934e-34
KIF21B,953.36676,0.8704100737689967,0.03468650504772963,25.093622795703613,5.838001316520269e-139,2.4792630121617887e-138
KIF22,3215.4104,-0.5487656501906605,0.01528608631852017,-35.89968280669672,3.0897468967329036e-282,3.744295063725309e-281
KIF23,978.4541,-0.5629448522740854,0.030388684142939777,-18.524818304937195,1.3024207511184459e-76,3.458907392645505e-76
KIF24,347.99222,-0.433039409436041,0.020955948930965446,-20.664271079424264,7.264564763515137e-95,2.2104210733882034e-94
KIF25,16.494884,-0.7341794767928543,0.05209625420819357,-14.092749813812611,4.2084965206639294e-45,8.568934959915685e-45
KIF26A,521.8011,0.2208652994125538,0.03836552216001353,5.756869370665068,8.568816641248506e-09,1.1322940092112567e-08
KIF26B,608.70404,0.29321203565746,0.03255502166758945,9.006660743505844,2.124259711357665e-19,3.301359043017611e-19
KIF27,168.13179,0.3839093560606292,0.020561794915376172,18.671004046127344,8.523523763317757e-78,2.281193904264312e-77
KIF2A,1281.0587,0.32590793118295847,0.017655113524570304,18.4596904873706,4.35831893312634e-76,1.1527999890804098e-75
KIF2B,0.2536229,-0.683135742427259,0.2601175823730689,-2.626257464777925,0.008632949070217541,0.009881273408700675
KIF2C,1231.7139,-0.8055469016806694,0.031239843068313428,-25.78588182786794,1.2769263894606637e-146,5.740106947014716e-146
KIF3A,967.39044,0.7161099079126299,0.02022867732879041,35.40072819755884,1.663987639577081e-274,1.91612694310802e-273
KIF3B,4067.5828,0.23665318948183117,0.01292658158714778,18.30748430173705,7.212591068373941e-75,1.888389166165446e-74
KIF3C,1461.1249,0.882811116948257,0.027963158699451346,31.57050769681389,9.380581005038124e-219,7.247789323778791e-218
KIF4A,947.8114,-0.6253101324507403,0.030891589469207427,-20.24208346657093,4.171563697478704e-91,1.2342517848709333e-90
KIF4B,31.440363,-0.7982993964625307,0.03336804982840803,-23.92406510322623,1.7209223367746308e-126,6.718362004677796e-126
KIF5A,659.0498,3.5297157647431465,0.06574592630532597,53.687216274831165,0.0,0.0
KIF5B,8846.559,0.18318757986305717,0.013386169572075427,13.684839331872835,1.2508332240125996e-42,2.4854297879828727e-42
KIF5C,1725.1138,1.5066086321172825,0.04939136196267236,30.503484258156426,2.3428752102625354e-204,1.6169015730757613e-203
KIF6,76.69273,0.7665852228905012,0.03951294861220993,19.40086097886449,7.588973037099327e-84,2.1284460953616918e-83
KIF7,446.3692,0.4801342018893858,0.024972059499514664,19.22685639519309,2.2060150291108232e-82,6.123842374920542e-82
KIF9,346.2114,-0.21948648960204123,0.019177238104457955,-11.445156409202596,2.486555988778673e-30,4.389473109819215e-30
KIFAP3,2107.141,0.43358395347630635,0.015514046509902108,27.947831225049114,7.004786802306553e-172,3.801931605122877e-171
KIFC1,1389.046,-0.8263280313302385,0.029330347150911276,-28.1731418683384,1.2478579190291664e-174,6.879268717442404e-174
KIFC2,1570.4377,-0.5925076861884734,0.023017357002099722,-25.741777656506034,3.9846721536769114e-146,1.786084112212863e-145
KIFC3,2152.165,0.2001773769036345,0.02424845797785741,8.255262131984944,1.51569208017223e-16,2.2706383414441816e-16
KILLIN,74.77157,0.09589732987884854,0.018600033747323788,5.155761069124213,2.5260282708485455e-07,3.255311404367992e-07
KIN,472.46954,-0.03512002394533766,0.010098978255602934,-3.47758189555988,0.0005059584626878964,0.0006041175498130832
KIR2DL1,3.858875,-0.33074751808765857,0.059859834466247916,-5.525366400305554,3.2879869918770797e-08,4.2981974552218735e-08
KIR2DL3,5.312004,-0.40434057579781796,0.05411523742100721,-7.471843330412062,7.907912740935921e-14,1.1372267817525917e-13
KIR2DL4,18.637506,-1.1061122745610157,0.04409043981420685,-25.087349530239965,6.834867030855825e-139,2.90200329262135e-138
KIR2DS4,6.2161345,-0.4530078065371656,0.055981913787483795,-8.092038586906032,5.867431430217318e-16,8.719345729036086e-16
KIR3DL1,5.288523,-0.15793376543673834,0.0546341106916481,-2.8907538429262223,0.0038431901616420108,0.004453751622317264
KIR3DL2,7.0262628,-0.6451301960125687,0.052581425207987816,-12.269165270068884,1.3261342834835922e-34,2.4473139845397436e-34
KIR3DL3,0.68862486,-1.1604276530319182,0.08786735836246981,-13.206584045066316,8.039060796201041e-40,1.559478215815693e-39
KIR3DP1,0.24080642,-0.5801472629310189,0.17456282106713136,-3.3234296935881473,0.000889178333437324,0.001053651224634799
KIR3DX1,1.5304694,-0.8511273034748668,0.07038985371608322,-12.091619154486104,1.1695871543897398e-33,2.1348058881316758e-33
KIRREL2,54.50395,-0.14022473928953794,0.05880623140605893,-2.384521774933707,0.017101335913113653,0.019342560991948938
KIRREL3,92.90539,1.3246223371741936,0.055776688777109895,23.748672899309923,1.1339827896032605e-124,4.362576646548144e-124
KIRREL,724.76105,0.9383878631709017,0.03218586040578202,29.155282827310256,7.160311984415048e-187,4.3167542697869695e-186
KISS1R,48.77864,0.2301929135894573,0.05651817891183417,4.072900401630914,4.643128317862972e-05,5.701414319865636e-05
KISS1,25.687563,-1.1523279422930695,0.054620243348085074,-21.097085469749537,8.459211987883201e-99,2.6524117797830598e-98
KITLG,1991.348,0.46340496790179836,0.031215818601688407,14.845196719484193,7.473525604397858e-50,1.583942408702228e-49
KIT,1906.4585,0.2501742296852996,0.043425110197766036,5.761049967310609,8.359228651923718e-09,1.104957382966595e-08
KLB,248.76869,0.4378426126448223,0.054866239579907695,7.98018264049506,1.4611692047557253e-15,2.1589334378127446e-15
KLC1,3600.1416,0.3989683876807518,0.014248035022084913,28.001642827403074,1.5516356385258754e-172,8.448716224859133e-172
KLC2,1832.4396,-0.14986065286007227,0.015516774181183536,-9.6579773031563,4.547538308493512e-22,7.295195998945662e-22
KLC3,373.4006,-1.534361833229498,0.03938581071533012,-38.95722356255266,0.0,0.0
KLC4,1820.7874,-0.0019468892163645114,0.018749918058483785,-0.10383454531864482,0.9173006514328435,0.9208285569015956
KLF10,3728.8628,0.46503748560065544,0.01978918138848221,23.49958173971353,4.119095853245194e-122,1.5541266211308172e-121
KLF11,1375.7358,0.39601806448556437,0.018102631865305918,21.876270115426777,4.371692271531883e-106,1.4581140720202752e-105
KLF12,980.35187,1.0580490890934182,0.022005022757957814,48.08216291031961,0.0,0.0
KLF13,5115.1177,0.25328638126625547,0.0174872960739823,14.484022012019137,1.5288317084913077e-47,3.173802870722396e-47
KLF14,10.980739,-0.05451118707851596,0.05884863361313333,-0.9262948641572303,0.35429276422073586,0.37161496067851424
KLF15,827.2289,1.0013375720021676,0.04314722360570123,23.207462458137318,3.828050952674725e-119,1.4126389223401256e-118
KLF16,1490.2285,-0.5481084627925398,0.015304362918640502,-35.81386992103743,6.718514271787619e-281,8.046013650548479e-280
KLF17,15.609869,1.1871865219874205,0.05691099698179793,20.860406335301473,1.2262533217677922e-96,3.785487699449656e-96
KLF1,11.361523,-1.2617843790971128,0.04359656304596403,-28.942290193078033,3.5088587038109226e-184,2.074240834810876e-183
KLF2,1290.2268,0.4478486639704951,0.02785396750160866,16.078451443035192,3.612977308872463e-58,8.22412846951414e-58
KLF3,3923.9321,-0.04783709156015718,0.015033864445761094,-3.1819557594617796,0.001462841618249957,0.0017206073433445532
KLF4,2636.701,-0.20998143310027348,0.031675842148314905,-6.629071837051193,3.3780416645922444e-11,4.649374678842179e-11
KLF5,6330.743,-1.3622860334130942,0.039856252079916964,-34.17998337328692,4.7964037670786964e-256,4.8678955281134185e-255
KLF6,8917.263,0.5544976067351879,0.0226191202711988,24.514552294115365,1.0334263041672284e-132,4.2180284936929833e-132
KLF7,270.84573,0.46495393396013124,0.02377448988885862,19.55684164554973,3.607413688203011e-85,1.0210390001129585e-84
KLF8,415.7102,0.32617433881308144,0.031221384705592874,10.447145182342021,1.5100226360131444e-25,2.530251098484906e-25
KLF9,3308.052,1.2353211232124568,0.02371767769806243,52.08440467649048,0.0,0.0
KLHDC10,1396.915,0.5340521572338113,0.01715648721068782,31.128292795340865,9.977980979764598e-213,7.378921713295585e-212
KLHDC1,133.67638,0.896154427816132,0.0235138567092988,38.11175847906475,0.0,0.0
KLHDC2,2202.3984,0.32949459288336314,0.012716454116430917,25.91088599593369,5.0210983146437565e-148,2.2858797090302378e-147
KLHDC3,5298.847,-0.02642554094995526,0.014045792700523552,-1.8813848042175831,0.05991959244821702,0.06621271073888679
KLHDC4,830.0814,-0.4455120329953726,0.014341269668484565,-31.065034218999497,7.148885022662411e-212,5.2354010854814396e-211
KLHDC5,1799.5194,0.48942739465407975,0.014999060964804686,32.63053572503783,1.5134910619369186e-233,1.3050895607782179e-232
KLHDC7A,623.3607,0.4090097330566461,0.05779513372268958,7.0768887743930335,1.4742676381241358e-12,2.0785744352194794e-12
KLHDC7B,778.88403,-1.6885612495010995,0.04625907114471663,-36.50227312646666,1.0205843542370403e-291,1.324287881957419e-290
KLHDC8A,365.1996,1.7845915801236862,0.050972689797098354,35.01073981434809,1.5443349444409726e-268,1.710615622082359e-267
KLHDC8B,1452.0221,-0.038832385774690906,0.022297672805729564,-1.7415443357260414,0.08158820886292414,0.0894258054870242
KLHDC9,315.94193,-0.15144190889341005,0.031047286724552942,-4.877782404529609,1.0728518201633154e-06,1.3657343967176226e-06
KLHL10,4.4932075,0.7018291124245585,0.03319531889091614,21.142412119336896,3.240837918463327e-99,1.0193143701837614e-98
KLHL11,129.99806,0.31567960698300995,0.026578669201956704,11.877178822774537,1.5552822633538977e-32,2.806842620301569e-32
KLHL12,2181.2097,0.009906671000752166,0.009834966241260448,1.0072907987412196,0.3137950501761,0.3305336002967311
KLHL13,599.751,0.7122496651279632,0.035136660078223476,20.270841438608777,2.326449568831624e-91,6.892343825937577e-91
KLHL14,326.448,0.5175584493414019,0.05715846960553192,9.054798928544292,1.3681962818203563e-19,2.1310617475006223e-19
KLHL15,681.60724,0.3418604845963683,0.01674395730202149,20.41694674860976,1.1822624594809627e-92,3.5370582531334196e-92
KLHL17,335.10028,-0.4987103826904408,0.018551874171739844,-26.881940771791598,3.571675550890069e-159,1.7593937222494777e-158
KLHL18,967.04663,0.01610502765567367,0.011457234943003065,1.4056644326307552,0.15982379323183116,0.17222530071491296
KLHL1,6.4416604,0.9004258069838007,0.11369927764076754,7.9193625998987685,2.3873121099472664e-15,3.515354205584869e-15
KLHL20,866.0409,0.5170132928676312,0.012242565927394372,42.23079507464568,0.0,0.0
KLHL21,3059.4482,0.00330590212541974,0.017363470533651486,0.19039408734634566,0.8490003305485612,0.857210758264142
KLHL22,1245.8245,0.19664903723259408,0.015090889934172461,13.030976840358072,8.155678504196552e-39,1.5679080138521019e-38
KLHL23,355.2099,0.5928151051425307,0.027540541883871446,21.525179411582336,9.04695955019062e-103,2.935251784578977e-102
KLHL24,2939.2222,0.1885783986430421,0.015687099038023292,12.021241032899386,2.748126622652296e-33,4.996794669159426e-33
KLHL25,727.27704,0.4749156531181522,0.02055096561848806,23.109164889600542,3.7449397562416357e-118,1.369556825890488e-117
KLHL26,580.49414,0.14047805293081453,0.015073235385690638,9.319701400282883,1.1666817286243396e-20,1.841705304571833e-20
KLHL28,757.6944,0.4233622916361985,0.014236883996348572,29.73700507391793,2.5534908932411583e-194,1.625086623804212e-193
KLHL29,516.943,0.2087196842550792,0.026343406854967836,7.923033091512188,2.317858596650342e-15,3.413576618142673e-15
KLHL2,1014.0354,0.5117226530176057,0.016728469383610722,30.589926746014935,1.6663022599045804e-205,1.160994103675474e-204
KLHL30,69.37675,0.1961609309620065,0.04146303816399204,4.730983054984127,2.2343517369432288e-06,2.8234850110127983e-06
KLHL31,94.86832,0.4637856794128032,0.03381877486898093,13.713852178548139,8.388335805766086e-43,1.6688960096705923e-42
KLHL32,127.16269,2.1172315420572776,0.04254356285489396,49.766201981687665,0.0,0.0
KLHL33,4.5684204,0.5275782052181619,0.04956792879852636,10.643539441854722,1.8689215879245446e-26,3.163399950827719e-26
KLHL34,9.7875805,0.09543512148907952,0.055895659091478804,1.7073798402285667,0.08775147494750607,0.09606561695199635
KLHL35,162.9179,-0.79480381521504,0.03641429809842275,-21.82669601558148,1.2944578667518196e-105,4.29916275843398e-105
KLHL36,681.4631,-0.1282768688700859,0.013521625129554389,-9.4867937574833,2.3824961689749398e-21,3.785331629792477e-21
KLHL38,27.252897,0.2862145711522254,0.051631957411880695,5.543360846636553,2.9672049437742453e-08,3.883345683356895e-08
KLHL3,393.99152,0.36919151945590006,0.027921530434632285,13.22246716813115,6.50932501768884e-40,1.26381220708685e-39
KLHL4,173.06677,2.044023802439863,0.04668077177239772,43.78727524913142,0.0,0.0
KLHL5,1759.8976,0.7449588130028634,0.019870348387250897,37.4909789443269,1.292102271354831e-307,1.8884357604101224e-306
KLHL6,560.65027,-0.5285355148833574,0.0326953335884795,-16.16547246575859,8.835791792687883e-59,2.022348342971699e-58
KLHL7,1434.6503,0.37197904309896224,0.013002538215494153,28.608186873521557,5.314485554738946e-180,3.0401127116867155e-179
KLHL8,834.4578,0.3603708589143209,0.015661884371882893,23.009418940755253,3.751669368958891e-117,1.3598048189893905e-116
KLHL9,2115.8076,0.394974476523209,0.013948202238716042,28.317231838442797,2.120520913995643e-176,1.1808447835896418e-175
KLK10,2745.8154,-1.463313383148901,0.06494110821988287,-22.532929037710534,1.9745802943780007e-112,6.912049555234132e-112
KLK11,1446.4473,-0.8140474914789906,0.07411547653119789,-10.983502091311907,4.587859862493347e-28,7.8782252817562465e-28
KLK12,210.58228,-2.7835269242889042,0.08953359863906722,-31.089188490122144,3.372100334331579e-212,2.4829146729351397e-211
KLK13,380.64142,-3.2487858575784214,0.0710016176203393,-45.756504801769,0.0,0.0
KLK14,96.25237,-1.8642404642485895,0.059258107249650076,-31.459669415269722,3.0958413844685785e-217,2.3650369510842697e-216
KLK15,30.236814,-1.2500469814611677,0.10339712690653696,-12.089765149771656,1.1962819109065128e-33,2.183335134392263e-33
KLK1,341.7227,-0.6024084248610436,0.06482152007549115,-9.293339992019298,1.495210849210389e-20,2.3561143714453802e-20
KLK2,13639.599,-0.09402262677232122,0.11907821148949586,-0.7895871595335067,0.42976890959478964,0.44732439828427
KLK3,40175.332,-0.054583062021117484,0.14659062668404793,-0.3723502877081106,0.709632061741829,0.7225867332700758
KLK4,2091.8857,-0.02838404979786449,0.08692885973377577,-0.32652044309326206,0.7440306247637458,0.756100603452386
KLK5,749.4039,-0.986137733335102,0.0906312488661187,-10.880769554349113,1.4235601896083086e-27,2.4352795479569413e-27
KLK6,1359.6846,-0.5736900753631466,0.0727761284534368,-7.882943041277631,3.197588501840349e-15,4.6966095021259404e-15
KLK7,1179.9111,-0.6161331987614038,0.07851532591867674,-7.84729849303016,4.250946571236413e-15,6.231640354536444e-15
KLK8,511.95425,-1.7567447621156493,0.08847715553867237,-19.855348552065465,9.907278391974562e-88,2.86386881701278e-87
KLK9,83.81007,-4.206408040019558,0.1167018232460625,-36.04406446290445,1.70842707482887e-284,2.0990867119155682e-283
KLKB1,233.62837,-0.23510674059620315,0.06014974333133932,-3.9086906705669584,9.279769196226802e-05,0.00011304860044637473
KLKP1,18.6858,-0.15922522923746293,0.10264590684270873,-1.5512087538127994,0.1208516650130264,0.13132040179334992
KLRA1,68.32541,0.05523740025972151,0.024690149101959383,2.2372242480843476,0.02527168731497747,0.02838968614719562
KLRAQ1,1361.4625,0.35372196533752354,0.011922890349552863,29.66746778399996,2.0190461634900423e-193,1.2722302953418065e-192
KLRB1,128.68024,-0.12586433700186142,0.03572089555994882,-3.5235493127720945,0.0004258078527261365,0.0005094330418787925
KLRC1,24.633549,-0.42851348476192935,0.03978188196319847,-10.771573983310788,4.689153407483495e-27,7.984149387217233e-27
KLRC2,89.11172,2.5402144110411022,0.053283141274045445,47.67388615427703,0.0,0.0
KLRC3,45.71639,1.973822972195954,0.051589783199625386,38.25995865418342,0.0,0.0
KLRC4,12.567464,1.3678114089578215,0.05819750631576496,23.502921268420376,3.8076377817674436e-122,1.4371467852985424e-121
KLRD1,84.00562,-0.15452525338167314,0.03427515972158605,-4.5083744215013875,6.5326216451566016e-06,8.174912045838297e-06
KLRF1,25.201298,0.18875128131531688,0.036563656259153574,5.162264954508309,2.4397962511244204e-07,3.1447807455930406e-07
KLRG1,62.778637,0.24241310939687466,0.02576410152867087,9.408948692703758,5.011239649794109e-21,7.935274794287801e-21
KLRG2,117.23052,-0.5144384736739664,0.06018402111588238,-8.547758427165109,1.2550205314656137e-17,1.907072921339635e-17
KLRK1,201.07518,-0.08467335059834555,0.0336253416224344,-2.5181409767998484,0.011797609010760227,0.013437815925370227
KL,729.5969,1.801180927546136,0.049777851335750314,36.184384805949485,1.0717613064322048e-286,1.3402941300769815e-285
KMO,385.3869,0.5481978750216961,0.044437547229123436,12.336366635969926,5.770150512102947e-35,1.0695055924608877e-34
KNCN,3.594607,-0.006487189387594617,0.112848979209657,-0.057485583237242774,0.9541583900273608,0.9558485785842168
KNDC1,467.9159,0.6970053825470819,0.052238256612688244,13.342814782562728,1.3043971122116809e-40,2.5480925741237394e-40
KNG1,5670.6597,0.4783067331665132,0.13466092723586132,3.5519340538087145,0.00038241068972118643,0.00045829404473944163
KNTC1,1187.4213,-0.5885609175416214,0.022191316814400296,-26.522126760846163,5.386512498398265e-155,2.5815444433825398e-154
KPNA1,3533.1794,0.07655496400479417,0.009911086835089499,7.724174480416896,1.125805462439743e-14,1.6399737700208018e-14
KPNA2,5456.9053,-0.5956210708273438,0.02205234149557303,-27.00942532324351,1.1453879156622912e-160,5.721038413878455e-160
KPNA3,2298.4902,0.1577611691575872,0.012856673319016184,12.270761280388461,1.300250277223801e-34,2.4001990564873844e-34
KPNA4,4031.5222,0.025741892753124888,0.011300529236779194,2.2779369190377565,0.02273033623972667,0.025587023969069735
KPNA5,150.81009,0.9006970758058462,0.020070849001221604,44.87588321505611,0.0,0.0
KPNA6,4147.7715,0.11216419017517967,0.00957916513690548,11.709182227483131,1.1437744708761634e-31,2.047490060016514e-31
KPNA7,29.175692,-0.9139371347721664,0.06024217547631387,-15.171051303276887,5.49889405106682e-52,1.1849278575959927e-51
KPNB1,10599.611,-0.05744363433244512,0.010129916905519147,-5.67069156323955,1.4222224418751822e-08,1.87108411593776e-08
KPRP,44.017532,-4.271985355113653,0.13449043254848456,-31.764232400498667,2.0197114278974106e-221,1.590073664368267e-220
KPTN,447.8951,-0.4243540129227703,0.016442099892878283,-25.808991289888382,7.028568179020653e-147,3.168614250590821e-146
KRAS,2702.4182,-0.02871737835487748,0.01785290416736916,-1.6085550051495812,0.10771367956540301,0.11739522496102997
KRBA1,648.7876,0.4232332830481999,0.023557154159433855,17.966231412494665,3.582394382566364e-72,9.152210720876974e-72
KRBA2,144.24739,0.5441613729234099,0.02138040220533694,25.451409552416052,6.81035250582004e-143,2.9715380768536262e-142
KRCC1,1557.8691,0.1897219909131099,0.014542991658611781,13.04559580083126,6.732858726622494e-39,1.295842983695475e-38
KREMEN1,2578.3901,-0.40915417778907054,0.025514115288544834,-16.036385081820573,7.117874379886616e-58,1.6160678543561015e-57
KREMEN2,292.41525,-1.688981295438636,0.047720163886459464,-35.39345127684866,2.1533052395762135e-274,2.476787648165657e-273
KRI1,1948.5518,-0.32601167711540957,0.012619378548768689,-25.834210128138167,3.66130079080951e-147,1.6549827442293695e-146
KRIT1,1552.3734,0.17417027823775078,0.012742815503959014,13.66811582445328,1.5741865109775444e-42,3.123062090917153e-42
KRR1,1520.2115,-0.021550246001893054,0.01233137513841118,-1.7475947134854308,0.08053423140692946,0.08831177513808451
KRT10,3031.4407,-1.823669310982566,0.03310658484279661,-55.084791126662005,0.0,0.0
KRT12,6.7963867,-1.1964697881820423,0.07035431561157311,-17.00634535040841,7.369381912474201e-65,1.774491382094172e-64
KRT13,18170.148,-5.17931293103872,0.09090864669332227,-56.97272063141567,0.0,0.0
KRT14,56880.043,-4.035774500961009,0.09023133946140373,-44.72697097317616,0.0,0.0
KRT15,8129.4644,-1.9001374919147633,0.0706281327559418,-26.903408284638655,2.0035486192372513e-159,9.895741469929937e-159
KRT16,25559.764,-4.840845448111571,0.08473192072042672,-57.13130785839209,0.0,0.0
KRT17,47605.0,-2.5357688659445103,0.06696382747185914,-37.867740863679586,0.0,0.0
KRT18,29484.85,-0.7700537700620895,0.038262799717458135,-20.125390085104975,4.422777461748332e-90,1.2993264984665841e-89
KRT19,36013.17,-1.3005011216043239,0.052112321729233906,-24.955731743473066,1.8503783839914984e-137,7.781832993117727e-137
KRT1,1753.0238,-5.241569260144648,0.08482436619650048,-61.793202769146,0.0,0.0
KRT20,1505.9355,-3.2637809722123787,0.11776274750196485,-27.714884727514725,4.620044474829327e-169,2.459714578008637e-168
KRT222,142.9538,0.33726617632632083,0.024512409174286525,13.75899749095705,4.497197206022564e-43,8.97104036031877e-43
KRT23,1611.4764,-1.1255211968115144,0.06331851686100265,-17.77554580569643,1.0932850065735078e-70,2.7629331490603334e-70
KRT24,80.89278,-4.2354774772381685,0.11737740313150896,-36.08426634292432,4.0036158921964695e-285,4.931011249197092e-284
KRT25,1.8566176,-0.4533273698126573,0.15472967230071785,-2.9298024294371503,0.0033917757997765636,0.003937120902426082
KRT26,0.08595191,-0.3802370731091212,0.3200708576856573,-1.1879777992239247,0.23484215640200812,0.2500209936823973
KRT27,13.10282,-0.22064194407951776,0.08454076383429597,-2.609888225187872,0.009057181086573914,0.010359860089980242
KRT28,1.24217,-2.8400423455134867,0.22689797541618395,-12.516825415935003,6.040307688463457e-36,1.129554737112405e-35
KRT2,28.816965,-3.0251079842387565,0.07364698384245395,-41.07578920964482,0.0,0.0
KRT31,57.810734,-2.7802674251845843,0.08945365469845029,-31.080534770288708,4.41414119518241e-212,3.2454857563278686e-211
KRT32,8.976312,-1.2786626550826614,0.07283970455949519,-17.554473385298465,5.497449058407996e-69,1.3721045161226967e-68
KRT33A,4.075138,-2.0128092105249884,0.09622581928680955,-20.91755856633065,3.7060735779286117e-97,1.148606362810909e-96
KRT33B,7.2022986,-2.068017708121983,0.09642599508535155,-21.44668257031183,4.904038812213083e-102,1.5785189909540893e-101
KRT34,14.203848,-1.2685459839530753,0.09300161433535126,-13.640042627420101,2.314252723494028e-42,4.586825467057527e-42
KRT35,0.6185186,-0.9373716057223829,0.1305742957940031,-7.178837151848025,7.030682852315379e-13,9.961561151805192e-13
KRT36,9.616643,-2.171689555189513,0.055730426319309384,-38.96775421646236,0.0,0.0
KRT37,3.64795,-1.4886342437002211,0.09649422419270492,-15.427184954897678,1.0745597921330857e-53,2.352867585291191e-53
KRT38,2.599094,-1.8848211714215137,0.10755672518192193,-17.523973217235078,9.402365238214643e-69,2.341276343992318e-68
KRT39,3.1132224,-1.025154375541128,0.06885235770669768,-14.88916879082276,3.8755769797576876e-50,8.236207905103003e-50
KRT3,9.829937,-2.850124786147075,0.08340678871401477,-34.17137657606725,6.43827714157394e-256,6.517995242431817e-255
KRT40,15.857331,-2.073729379986581,0.07653731657209961,-27.09435701254418,1.1475561377779925e-161,5.768665533091888e-161
KRT4,2653.8357,-3.9632585530502054,0.09493629876178163,-41.74650375821992,0.0,0.0
KRT5,73921.21,-2.9179885441132414,0.08006002717444206,-36.44750878931458,7.533786441225778e-291,9.683103418997198e-290
KRT6A,62255.297,-3.5483643250953874,0.09534704414643254,-37.21525252157648,3.8672446432055866e-303,5.490462600489716e-302
KRT6B,22751.256,-4.175562636451324,0.0899772819372663,-46.40685455871625,0.0,0.0
KRT6C,10510.114,-5.02301143832355,0.09657620044283671,-52.010862047701515,0.0,0.0
KRT71,2.2922099,-1.0166605983405863,0.07755192196737451,-13.109418471514962,2.9081976362026705e-39,5.612664297606425e-39
KRT72,4.1854806,-1.7349153906580506,0.07477576076209712,-23.201574587489283,4.389581059092498e-119,1.618096700743512e-118
KRT73,2.2562873,-1.7618775314055592,0.07868640121511053,-22.391131176389568,4.8024520207705265e-111,1.66535719112361e-110
KRT74,7.582123,-2.125987800161274,0.0844560377903217,-25.1727153651163,7.9724321899915375e-140,3.4034545388139594e-139
KRT75,227.84135,-2.8341710782074623,0.09198421788084661,-30.811492922391928,1.8384477009724461e-208,1.311456087739945e-207
KRT76,7.4383597,-4.422341564124305,0.16426472189284275,-26.92204091764266,1.2126093926956466e-159,6.00961894495878e-159
KRT77,15.51803,-2.016717669958735,0.10939384027029998,-18.435385986776314,6.832936228162944e-76,1.804068845404868e-75
KRT78,173.54372,-4.533016695554287,0.0930464221145006,-48.71779690761318,0.0,0.0
KRT79,27.955902,-1.8839769438690872,0.07878614803625025,-23.912540349126495,2.2682148561900294e-126,8.841391203747427e-126
KRT7,16637.367,-0.566234527438569,0.05633159028303126,-10.0518115074258,9.019394918816673e-24,1.477279655287117e-23
KRT80,1774.0165,-1.0346985378839484,0.044629355014770986,-23.1842592737783,6.563803597637732e-119,2.414317569002829e-118
KRT81,290.76346,-0.38597125436353247,0.055684891390732086,-6.931346092699242,4.168548130456403e-12,5.833617774811789e-12
KRT82,1.2212875,-1.9368672887425902,0.10755761575408317,-18.007718701862927,1.6947039812764207e-72,4.3415727135782873e-72
KRT83,23.118341,0.00668292354390364,0.07159385343158622,0.09334493428670829,0.9256295354918107,0.9288230919748521
KRT84,6.3218117,-3.35036781862795,0.10723372082179607,-31.24360315908168,2.727029445981437e-214,2.041161488630003e-213
KRT85,5.016694,-0.8826413702660012,0.08561887516339964,-10.308957792093404,6.419366998261434e-25,1.0681805698210424e-24
KRT86,89.796425,-0.635187388558335,0.042100149192997656,-15.087532959716519,1.9562090121205347e-51,4.198003507722353e-51
KRT8,45140.633,-0.8557816843670846,0.04249853539848335,-20.136733568414336,3.5178527364861715e-90,1.0345220838093595e-89
KRT9,25.69608,-2.2188413137316263,0.08216701315687719,-27.00404004579439,1.3249582917496818e-160,6.611476926895042e-160
KRTAP1-1,1.544265,-0.6565951574252501,0.09486349818566127,-6.9214731691656635,4.469708034932069e-12,6.2529228257529016e-12
KRTAP1-3,0.47114876,-1.2850641186537566,0.1755767926948025,-7.319100086806617,2.4963936082035314e-13,3.5583615115462925e-13
KRTAP1-5,2.122809,-0.2390737884586971,0.06551944337882938,-3.6488983442119185,0.0002633672862947033,0.000317309420148767
KRTAP10-10,0.17149001,-0.640563002721477,0.21077843269667282,-3.0390348506068405,0.0023733739699665327,0.002772999750619721
KRTAP10-11,0.19179751,-0.6669132798212237,0.23601306268972796,-2.825747321867409,0.00471704573715191,0.005448138319775103
KRTAP10-12,0.22885844,-0.7104974410197115,0.1975953404353423,-3.5957196128934146,0.0003234960864372091,0.00038855792470649794
KRTAP10-1,0.137539,-0.5860595526146154,0.23492588751578464,-2.4946571823645365,0.012607887259562448,0.014335081912064777
KRTAP10-2,0.37184095,-0.779098000053985,0.11465361392635477,-6.795232817994044,1.0813775135959473e-11,1.5022698600682286e-11
KRTAP10-3,0.11631457,-0.5925070240865781,0.23505877117210316,-2.5206760893545286,0.011712961668071552,0.013343639785141779
KRTAP10-4,0.34739476,-0.8600153279612337,0.13333242408850735,-6.450158945511613,1.1173290562645782e-10,1.5254628659127247e-10
KRTAP10-5,0.10193023,-0.5570828394289385,0.2974639345971388,-1.8727743925777312,0.061099545510494346,0.0674799634939869
KRTAP10-6,0.2675164,-0.6257244508922604,0.14542534291183162,-4.302719446029597,1.6871443085410076e-05,2.0928936739938076e-05
KRTAP10-7,0.14148523,-0.5754838591161142,0.24970705280426175,-2.304635983058194,0.02118696895175022,0.023869487072584957
KRTAP10-8,0.0434796,-0.5197310748269169,0.4784315991689323,-1.0863226336423526,0.2773362767807922,0.29352720206800526
KRTAP10-9,0.15506178,-0.5470353987776804,0.3234171452171913,-1.691423620755535,0.09075592410713676,0.09932268230377882
KRTAP11-1,0.9690181,-2.1956998756823167,0.1539604778826141,-14.261451418437465,3.804584487778553e-46,7.812156892252502e-46
KRTAP12-1,0.17445707,-0.6658994246036655,0.19268328216168157,-3.4559273494464646,0.0005484031095668509,0.0006539529612646587
KRTAP12-2,0.10302634,-0.6014496760711393,0.2689928761582825,-2.235931615219544,0.025356250998500755,0.028483111569105986
KRTAP12-3,0.05562569,-0.5136252345633139,0.3843295948814614,-1.3364186401563247,0.18141247703774066,0.19468539455017458
KRTAP12-4,0.02666787,-0.4751315486991442,0.5104723394121516,-0.9307684511295851,0.35197335257092666,0.3693343719715233
KRTAP13-1,0.18746385,-0.7190106262136583,0.22080410872743156,-3.2563281107292736,0.0011286324438182095,0.0013329752827297208
KRTAP13-2,3.0274343,-0.5894670798590346,0.14846130800892454,-3.9705098100280756,7.171900286129093e-05,8.765847266932953e-05
KRTAP13-3,0.011819196,-0.4110325682691117,0.8804091668826496,-0.46686538910594805,0.6405961892052885,0.6556023634459593
KRTAP13-4,0.064331345,-0.3390320668127137,0.3493994122902939,-0.9703280969775454,0.3318829764721337,0.3489905231132777
KRTAP15-1,0.013196868,-0.42891379952373343,0.68893487158514,-0.6225752494381137,0.5335636800029778,0.5504065140444175
KRTAP17-1,0.5909931,-0.5308540313579823,0.10596202904940205,-5.0098515111529744,5.447204790478702e-07,6.966933178122622e-07
KRTAP19-1,2.4735568,-1.4675830485601542,0.1750904221005532,-8.381857962038218,5.209868248739576e-17,7.85047055555392e-17
KRTAP19-2,0.00041500255,-0.41531030055266055,3.01484939916689,-0.1377549076472694,0.8904341229842649,0.8953597229138466
KRTAP19-3,0.08627331,-0.46970547511213623,0.31504025704035793,-1.4909379503584046,0.13597778650009065,0.1472303225738098
KRTAP19-4,0.0033696927,-0.41313316395838495,1.4210708535134149,-0.29071960974849803,0.771265772661162,0.7823716923571797
KRTAP19-5,0.04785427,-0.4039027990510526,0.4875726435180653,-0.8283951210566378,0.4074467687160771,0.425133700506899
KRTAP19-6,0.009258537,-0.40008139429209066,0.8903710662714267,-0.44934231293869015,0.653184738561537,0.6679821223816723
KRTAP19-7,0.007117341,-0.4253732797215602,1.3006983850727505,-0.32703452591568205,0.743641771810117,0.7557431653912131
KRTAP19-8,0.049330626,-0.41330245314815695,0.2972335442584871,-1.3904973416753101,0.16437790598190127,0.1770016283855465
KRTAP2-1,1.1803074,-0.7598806501149807,0.10762646212179174,-7.060351470580611,1.660819840803736e-12,2.3396506462028274e-12
KRTAP2-2,0.5454689,-1.280005198746025,0.15563660985910752,-8.224319457387114,1.9630224284936845e-16,2.9362408068255764e-16
KRTAP2-4,0.40933692,-1.2466589109644683,0.3693062086119467,-3.375678182205736,0.0007363399429655953,0.0008745781984036261
KRTAP20-1,0.0042426162,-0.39808560097109785,2.0242607617881916,-0.19665727286016105,0.8440957483859995,0.8524278443150082
KRTAP20-2,0.01912641,-0.39386062364410906,0.5821354803020459,-0.6765789699671821,0.49867312587547796,0.5158521502819398
KRTAP20-3,0.0038744071,-0.42461546876307976,1.6722669761084745,-0.2539160760988061,0.7995603947964718,0.8096215098807007
KRTAP20-4,0.060553342,-0.41944746633361424,0.3402914325325527,-1.232612479285647,0.21772037878185435,0.23224191510110934
KRTAP21-1,0.0064625107,-0.418038615616019,0.9225880147246682,-0.4531151596856328,0.6504658197362614,0.6653018650595601
KRTAP21-2,0.0620112,-0.3025245972378827,0.27866905181850055,-1.085605291523077,0.27765365769283257,0.2938325614392545
KRTAP22-1,0.00077577354,-0.41685299416534016,3.0148494862427855,-0.138266602053437,0.890029719648286,0.895129924532898
KRTAP23-1,0.008320616,-0.4204163337779895,1.253855443781227,-0.3352988862178149,0.737399633822576,0.7497362737212258
KRTAP24-1,0.08391344,-0.4552870820833609,0.3291258704808199,-1.383322074980712,0.16656613224442207,0.1793199664937967
KRTAP25-1,0.005132867,-0.4177612933992511,1.4758450368835314,-0.2830658253128099,0.7771263780956181,0.7880810884463384
KRTAP26-1,0.19634631,-0.7709391599370851,0.19787679075878603,-3.8960565156773153,9.777158369441132e-05,0.00011903669850702787
KRTAP27-1,0.046630286,-0.4630796617302097,0.386709080402683,-1.1974884614760053,0.23111622227939488,0.246118588209342
KRTAP3-1,5.093837,-1.3731084605506105,0.10383950853936016,-13.223372104367543,6.4314639814733585e-40,1.2490525154899942e-39
KRTAP3-2,1.1627187,-2.4122452609771905,0.12275060704237327,-19.65159536966272,5.6023993172634246e-86,1.5979160507168122e-85
KRTAP3-3,1.3601671,-1.4569314787116758,0.13583417540944484,-10.725809424027851,7.700984544054914e-27,1.308389754922924e-26
KRTAP4-11,0.26304978,-0.7087183608947188,0.19365761202929713,-3.6596462874255713,0.000252563629000895,0.0003044010728646236
KRTAP4-12,0.26942575,-0.5748860754268154,0.17981793449096733,-3.19704526166545,0.0013884313847479205,0.001634312821582037
KRTAP4-1,10.849278,-2.0332954338524867,0.08881868235956855,-22.89265478653475,5.498870065995359e-116,1.9748014759851738e-115
KRTAP4-2,0.09877234,-0.4965028797637578,0.2795805535507297,-1.7758848870497985,0.07575189241842856,0.08322447670103
KRTAP4-3,0.1515229,-0.5924423751583309,0.4029195482338424,-1.470373869312727,0.14146052449030638,0.15297964613290915
KRTAP4-4,0.14587869,-0.5972552586783068,0.2674043347606321,-2.2335287092968854,0.025514099266769463,0.028657262880511944
KRTAP4-5,0.073836386,-0.5001440474056004,0.4343376166529464,-1.1515098582981727,0.24952254191672285,0.26513723543228396
KRTAP4-7,0.2490217,-0.8452939626446571,0.24861611733991767,-3.3999966361349703,0.0006738668214391079,0.0008014051415198784
KRTAP4-8,0.27794912,-0.9399513708689704,0.19679035231111094,-4.776409818012709,1.7845252749388486e-06,2.2592593789241976e-06
KRTAP4-9,0.36738938,-0.8981310622132944,0.2392241767438998,-3.7543490563446853,0.00017379253668328086,0.00021030921625861358
KRTAP5-10,4.9004493,-1.315393633538823,0.04800877430759284,-27.39902554293678,2.8168338905195063e-165,1.4570101925072822e-164
KRTAP5-11,0.255031,-0.6260581621721417,0.12233625944001535,-5.117519246034447,3.0958048108163205e-07,3.9810188316958987e-07
KRTAP5-1,17.899576,-1.1322253940755902,0.03752828722579841,-30.169919220221015,5.878333854997526e-200,3.914851127049219e-199
KRTAP5-2,10.55207,-1.088158541411512,0.05883979819886501,-18.493580445904758,2.325861230857443e-76,6.161640702540882e-76
KRTAP5-3,0.48658374,-1.1398782241813203,0.12926291287205904,-8.8182928796409,1.1621793881172736e-18,1.7885562145800568e-18
KRTAP5-4,0.98007715,-1.5686972408249222,0.0838018511893082,-18.719123963995003,3.45791387992787e-78,9.2838808758343e-78
KRTAP5-5,2.6484654,-2.2122078161529792,0.10131705353888534,-21.834506027200415,1.0911568402605792e-105,3.627508509285619e-105
KRTAP5-6,0.90073556,-0.17682338596706101,0.08873695992995997,-1.9926689634919608,0.046297708079321646,0.05145341114618207
KRTAP5-7,2.2745402,-0.5748309846470603,0.055208901535352996,-10.41192577032107,2.187510696596055e-25,3.657949098316146e-25
KRTAP5-8,8.382466,-1.0753894458576836,0.054761046715545464,-19.637854101726,7.343637496548305e-86,2.091621653500657e-85
KRTAP5-9,15.496594,-1.4218859801602537,0.039361322898256654,-36.123937801471364,9.548494537033629e-286,1.1817495457718397e-284
KRTAP6-1,0.0043894947,-0.4241850210982718,1.3092125116075788,-0.3240001278153201,0.7459379374638011,0.7578875371207469
KRTAP6-2,0.009079941,-0.42625822472655023,1.0760509479617502,-0.3961320098587955,0.6920076452752592,0.7053461324801743
KRTAP6-3,0.10195488,-0.5040836423659082,0.2647115481259161,-1.9042752231048468,0.056874349339549365,0.06291593556856583
KRTAP7-1,0.31230813,-0.4680238465504389,0.13866260612856027,-3.3752708074483553,0.0007374308704398006,0.0008758228381334675
KRTAP8-1,0.09474494,-0.3402227513885715,0.24921962529108108,-1.3651523269533912,0.17220517846837902,0.18522428299015894
KRTAP9-2,0.34580156,-1.2432044639472992,0.22302227295194305,-5.574351151085191,2.4845413263349443e-08,3.25563344679495e-08
KRTAP9-4,0.34231284,-1.3109571232156874,0.20689204159954086,-6.336430889657752,2.3514858373630156e-10,3.1954278576207205e-10
KRTAP9-8,0.32939008,-1.1583068122395241,0.25737832627715296,-4.500405410952216,6.782398096978293e-06,8.483831583704907e-06
KRTAP9-9,0.08361422,-0.610975501857408,0.43938659299958294,-1.390519218364016,0.16437126756420573,0.1770016283855465
KRTCAP2,4770.985,-0.5969002521987409,0.015885404889172866,-37.57538799691373,5.42519883769881e-309,8.015357266814957e-308
KRTCAP3,1001.8472,-1.3359134225985838,0.03742827993685228,-35.69262132410284,5.145454483616343e-279,6.083409281762202e-278
KRTDAP,740.08923,-5.095115987192098,0.126410918176754,-40.305980374795276,0.0,0.0
KSR1,1632.9525,0.5622030972686077,0.02394416151236241,23.4797571415621,6.567596149820351e-122,2.470615114822478e-121
KSR2,201.90063,0.89220065053774,0.043308895695705125,20.600863545597587,2.6959277976398653e-94,8.157906366252976e-94
KTELC1,901.08594,-0.00921679972303388,0.011819910890573736,-0.7797689685109377,0.43552687488231356,0.45303963037650835
KTI12,489.62808,-0.17446946470820807,0.011116821633636517,-15.694185843578735,1.657556019619227e-55,3.6816695399768536e-55
KTN1,9441.208,0.2101827901927193,0.014146155450331809,14.857944331990872,6.179232469481245e-50,1.3105843717696496e-49
KYNU,740.19965,-0.7892378390146164,0.040186326804613155,-19.63946202030131,7.114788267710083e-86,2.0267241407906757e-85
KY,99.89423,1.1327343808362116,0.0470874660835005,24.055963827561385,7.230434504821157e-128,2.8522460004583208e-127
L1CAM,2724.1619,0.17765258959645702,0.057041126323547374,3.1144649667115627,0.0018427883896230401,0.002160140996334378
L1TD1,210.20389,-2.8458108571120517,0.0638949379421189,-44.538909478087504,0.0,0.0
L2HGDH,554.0714,0.1809954191305997,0.01556600548075377,11.627608595820382,2.983386376255438e-31,5.317699460180744e-31
L3MBTL2,1939.5138,-0.08089395859046843,0.009220656722599831,-8.773123327777437,1.7377752888485976e-18,2.6685297258763464e-18
L3MBTL3,491.77786,0.1818013543591245,0.017236216570926142,10.547636925483113,5.209072792768244e-26,8.76313939745238e-26
L3MBTL4,264.74377,0.2703968154727003,0.03156417690455478,8.566572677955099,1.0661061911029743e-17,1.6221865429495855e-17
L3MBTL,334.00687,-0.05874402376581599,0.024087692612180675,-2.4387567838735325,0.014737883717498351,0.01672325128773542
LACE1,124.02507,0.20969774559262527,0.01337939348686215,15.673187712024262,2.3071212592471297e-55,5.1210948230497506e-55
LACRT,2.8526459,-0.13105210671153567,0.32787089912238354,-0.3997064303734324,0.6893727553273409,0.7029772063966607
LACTB2,1047.5427,-0.21365907743173831,0.022254813581063522,-9.600578169459009,7.949722518450657e-22,1.2703956103071972e-21
LACTB,815.31384,-0.05787015455240035,0.015534816569852486,-3.725190721897907,0.00019516760624224434,0.00023578312933099054
LAD1,6512.3467,-1.8035055884809552,0.046605441284953676,-38.69731814047231,0.0,0.0
LAG3,372.65253,-0.8169558688900179,0.03646836621395296,-22.40176771553443,3.78268043506067e-111,1.3135185225550089e-110
LAGE3,1184.8577,-0.661327878840928,0.017407255719397087,-37.99150707621325,0.0,0.0
LAIR1,1252.8887,-0.09362262235292097,0.030042346497116033,-3.1163551875652735,0.0018310158587679477,0.002146711884172568
LAIR2,12.582753,-0.8513985266222305,0.04692864499233153,-18.142405917779108,1.474334508077515e-73,3.813489550241408e-73
LALBA,4.695825,3.268003963511519,0.21773675123315783,15.008968146181534,6.413769532855574e-51,1.3704653014211444e-50
LAMA1,877.1712,0.2655440776382529,0.04621901387825733,5.745342779006628,9.173495911209223e-09,1.2114108014289977e-08
LAMA2,1068.5011,1.4005014888297285,0.03367903220688307,41.583780680713986,0.0,0.0
LAMA3,4537.179,-0.7630513626316214,0.04299120809063499,-17.74900954220547,1.7542055139301753e-70,4.4249622175820144e-70
LAMA4,4065.08,1.19719059685709,0.02651830443941848,45.14581992193703,0.0,0.0
LAMA5,9022.78,-0.08277728101391277,0.02424261837809443,-3.4145354978944895,0.0006389086751481216,0.0007604525996691381
LAMB1,9872.466,0.5436289993345651,0.02609284590551163,20.834408071207502,2.1110833240659824e-96,6.509093653590691e-96
LAMB2L,58.445557,0.43965528164898804,0.02496765018611205,17.608997177216978,2.1013497686830035e-69,5.26022131324447e-69
LAMB2,10825.845,0.5850664811717294,0.02058433620307469,28.42289765381591,1.0542034760778294e-177,5.930513558847341e-177
LAMB3,9548.263,-1.1320172789469933,0.042175690730402365,-26.840515456714932,1.0884150166380758e-158,5.343390721903686e-158
LAMB4,22.558681,-0.06077026069693989,0.04778728476289328,-1.2716826452572978,0.20348589923177673,0.21763958090148372
LAMC1,12024.087,0.6233741425977039,0.02085687559341383,29.888184345048906,2.8025384559837106e-196,1.8113295373134084e-195
LAMC2,11057.523,-0.9395222467601633,0.05018902140208642,-18.719676545060235,3.422229171207682e-78,9.189285636588921e-78
LAMC3,686.57983,0.3904328150730322,0.036708110361391266,10.63614583341997,2.0232629601232413e-26,3.4223671157485104e-26
LAMP1,16999.62,-0.05272286465944123,0.013363737401203737,-3.94521854752191,7.972722897755903e-05,9.733549141005782e-05
LAMP2,11838.125,0.24548889927063344,0.014298541037856412,17.168807546216357,4.546647217935179e-66,1.104728377013275e-65
LAMP3,1431.3258,0.02607178963533613,0.04367096795171294,0.5970050781600204,0.5505039901948119,0.5669909817562693
LANCL1,3171.4536,0.5959947202614799,0.014533740639217824,41.00766176143591,0.0,0.0
LANCL2,1779.98,0.6334881094038958,0.020155222695982605,31.430469360686565,7.761566643973857e-217,5.916051490253228e-216
LANCL3,33.24344,-0.5439500173725231,0.03711014826667849,-14.65771609058594,1.2025018226186878e-48,2.5220701150400602e-48
LAP3,5002.4956,0.09495855398856295,0.016619570994456077,5.71365855473881,1.1057275217703726e-08,1.4578102976119036e-08
LAPTM4A,15781.11,0.2457776783030475,0.011487030903426284,21.396101426848116,1.452583341928379e-101,4.6527917335305014e-101
LAPTM4B,10445.153,-0.35727364465752,0.025150667035165917,-14.205334759431087,8.489599837718464e-46,1.7383059750187087e-45
LAPTM5,10181.429,0.004364434697801401,0.02684163542975327,0.16259943285585113,0.8708338335657231,0.8780361538017312
LARGE,1138.2854,0.5027610737319269,0.021878042123702472,22.98016755289268,7.360279024579541e-117,2.662070006420588e-116
LARP1B,921.81824,-0.010421308718687225,0.014618712856567533,-0.7128745752746213,0.4759233732176805,0.4931706599144275
LARP1,10856.045,-0.051072914376887664,0.00986885928171403,-5.175158842473361,2.2771716506523272e-07,2.9366527925274424e-07
LARP4B,3490.054,-0.2517133145922254,0.010178010436175663,-24.731092208115815,4.953258775935914e-135,2.0534187623555137e-134
LARP4,2602.445,-0.001106720178985602,0.013014310931147487,-0.08503870737688156,0.9322306181102076,0.9351243178018188
LARP6,858.31055,0.8375625885768543,0.026373894625356258,31.75725847374885,2.5210384491805413e-221,1.9816919608828818e-220
LARP7,1890.8842,0.13551894369933393,0.00994905250953708,13.621291431463105,2.9922912069815944e-42,5.923770583716286e-42
LARS2,1280.4713,0.08031682391233579,0.013199722846352657,6.08473563022794,1.1668368230033867e-09,1.5677180016845478e-09
LARS,5270.5303,0.15520117931442268,0.009560531017566237,16.23353127867695,2.9215724562126066e-59,6.710321935472976e-59
LAS1L,2224.3547,-0.34914381818175455,0.010088524785331905,-34.60801510736121,1.9140658228132837e-262,2.0159578937742183e-261
LASP1,13738.288,-0.07425972024601565,0.014692532888920163,-5.054249039797345,4.3208749831135817e-07,5.539590288489258e-07
LASS1,508.5176,1.7720377971234247,0.05393091139052402,32.85755332951377,8.885000482137791e-237,7.827335561049039e-236
LASS2,12718.066,0.01060715857592194,0.019496623534633436,0.5440510536134415,0.5864063411748397,0.6025359190460564
LASS3,347.5674,-2.9890618096412664,0.07416857966068695,-40.30091749519667,0.0,0.0
LASS4,2424.9573,-0.06782624006940315,0.028712355292332986,-2.362266675054508,0.01816357111733122,0.02051779084379661
LASS5,1952.48,0.025751325104906318,0.010689972432796856,2.40892343425519,0.015999654180924906,0.018123683273212607
LASS6,2633.2825,-0.016546472429800185,0.023012573241274367,-0.7190187840498923,0.472129346049877,0.48951320820072547
LAT2,667.6412,-0.2103735019935551,0.027987194155823653,-7.516777166809342,5.614298609988528e-14,8.093861025404082e-14
LATS1,749.6538,0.4173128072982503,0.021277121671034925,19.613217132952183,1.1924521582273773e-85,3.39113472403285e-85
LATS2,1277.4032,0.6551733070234681,0.018913954163218262,34.639679327212065,6.38891631998839e-263,6.760496224461727e-262
LAT,453.36896,-0.8287799462845398,0.028892927103127682,-28.684526954516272,5.950633246707244e-181,3.439776895789687e-180
LAX1,119.55151,-0.5076413913625273,0.03892689625736832,-13.040890493971448,7.161567730920674e-39,1.3779638732994423e-38
LAYN,452.4608,0.6271005902549825,0.027642162720344175,22.68637937629413,6.106210036915872e-114,2.1616471942543945e-113
LBH,4515.8237,0.42615179430540046,0.023204324392205378,18.36518862184801,2.495811386475519e-75,6.5581084173018955e-75
LBP,1697.3789,-0.46147037824501136,0.08871487064669505,-5.201725199857492,1.974470281979445e-07,2.548547547760066e-07
LBR,3186.5352,-0.22499096182654657,0.01972370157134928,-11.407136789849286,3.852008351534621e-30,6.78282633012397e-30
LBX1,3.191089,0.08161377692870443,0.10766300776654393,0.7580484571420802,0.448421974258267,0.46578688642469684
LBX2,47.20204,-0.525699599411786,0.035117061806538764,-14.969919815840095,1.1546037409543825e-50,2.4621951987106183e-50
LBXCOR1,21.423826,0.04364287847918591,0.03624754158393739,1.2040231301790039,0.22858063864052314,0.24350757271113027
LCA5L,121.64921,-0.0016789028477670886,0.02213964765219997,-0.07583241044038296,0.9395524305521967,0.9421439163479374
LCA5,367.90643,1.080735108794556,0.023405020712030693,46.17535365986813,0.0,0.0
LCAT,517.60016,0.7185520988521847,0.0336320748881698,21.365083814823983,2.8234596840463175e-101,9.018326907357856e-101
LCE1A,1.2159766,-3.004143554530998,0.25283420528042205,-11.88187156559398,1.470378534899466e-32,2.654321386062975e-32
LCE1B,2.8970814,-3.1140757777448123,0.11958227895867345,-26.04128140776618,1.6888816972021146e-149,7.779172505280057e-149
LCE1C,8.543955,-2.5523404525284548,0.10676335812282504,-23.906520901975895,2.6199786195914888e-126,1.0204734018799142e-125
LCE1D,0.7462931,-1.6410129197496899,0.19687589744910428,-8.335265723291085,7.732433805829551e-17,1.1624916545036468e-16
LCE1E,3.3989065,-1.283969055483226,0.09700253336976702,-13.236448687260813,5.404450312321918e-40,1.0502978609064712e-39
LCE1F,1.7520876,-2.9086917392827427,0.18380188930493205,-15.825146032406385,2.087143187383279e-56,4.673575467656861e-56
LCE2A,4.4004374,-2.6478659773235225,0.18592774874984475,-14.241370613732737,5.072237692073263e-46,1.0402507018527204e-45
LCE2B,3.8731616,-4.334868154042124,0.2605878306898303,-16.634960053839905,3.890152081011215e-62,9.161319400498246e-62
LCE2C,4.181823,-4.17168025456435,0.20434060616760671,-20.415326805591466,1.2221136863942376e-92,3.655746773626253e-92
LCE2D,2.3976107,-3.361552342637865,0.20395881266688667,-16.48152535643596,4.981206603176299e-61,1.1616538972974372e-60
LCE3A,3.3719974,-3.753134838949805,0.17598069119548265,-21.326969529746602,6.381028617504086e-101,2.0324055322866971e-100
LCE3B,0.017216913,-0.45944358235502203,0.817685497348521,-0.56188300250505,0.5741957352473318,0.590615418274159
LCE3C,1.1197693,-3.204892506971465,0.3115520611562433,-10.286860228359112,8.076716065162391e-25,1.3419885935741544e-24
LCE3D,177.79225,-4.901550212395241,0.16783432094621273,-29.204695349326567,1.690471161435695e-187,1.0236853770276417e-186
LCE3E,56.65384,-4.773189772756975,0.17123145431672965,-27.87565983016139,5.26466420701573e-171,2.8385407465739738e-170
LCE4A,0.05321665,-0.5838729486502426,0.4601113616508524,-1.2689818103064026,0.20444755167012307,0.21858773786640245
LCE5A,1.3609879,-1.2664505376640647,0.07995357871665369,-15.839823032214982,1.6528533499210492e-56,3.7043638651522063e-56
LCE6A,1.5643132,-3.2708064546468156,0.23240982458754336,-14.073443153496203,5.530954724107616e-45,1.1251469547172958e-44
LCK,685.6832,-1.0729748041399367,0.03645540087778345,-29.43253340532668,2.1066800891439481e-190,1.2985134706291746e-189
LCLAT1,1118.9143,-0.14482493946618213,0.013277445782309508,-10.907590348374292,1.0602961489068393e-27,1.8172042508287182e-27
LCMT1,1569.5223,-0.22001629134155604,0.011646521188773734,-18.89115966694271,1.3485061330723719e-79,3.6654521179199493e-79
LCMT2,655.36505,0.11931446873120098,0.01205123624878493,9.900599927516225,4.1378533442961705e-23,6.720050752754127e-23
LCN10,135.23148,0.8010852957339474,0.051256961256873575,15.628809747798337,4.6337792240924855e-55,1.0260943139362508e-54
LCN12,303.43924,0.3421882461054448,0.05165177479043057,6.624907807985746,3.474649683870752e-11,4.781371606213224e-11
LCN15,48.867546,-3.636506615650099,0.1400067562113738,-25.97379379435032,9.794691405918772e-149,4.4821335655900266e-148
LCN1,8.824599,-1.976169052380398,0.10681291242258634,-18.501218696874737,2.018575480255484e-76,5.350368207592943e-76
LCN2,10601.255,-2.0749194331335716,0.06385409057491405,-32.49469868651973,1.2669620950566535e-231,1.0769971312425222e-230
LCN6,16.066908,1.3652489462174875,0.07745744955469681,17.625792665086564,1.5616451395273144e-69,3.9116059787938725e-69
LCN8,5.251636,0.08132007380096147,0.0921069841263672,0.8828871618399046,0.37729724069494586,0.3948491067805286
LCN9,0.10695854,-0.07498013619903807,0.3379928049285841,-0.22183944482155749,0.8244388718821112,0.8334864928318553
LCNL1,20.566738,1.7946033969659996,0.06100254270272081,29.418501548558524,3.1851000533751544e-190,1.962634745359103e-189
LCORL,180.57336,0.300037839694974,0.015686847011679703,19.12671421296961,1.5131624698600532e-81,4.176582798790784e-81
LCOR,251.43555,-0.020600495291901614,0.028261033508228967,-0.7289363740325782,0.46604058344594,0.48352037091045674
LCP1,8216.048,-0.37376946939888167,0.030357479064449876,-12.312269691609023,7.780393175750181e-35,1.4401402369769792e-34
LCP2,1026.4474,0.008313612495695974,0.02630407747268068,0.3160579383303011,0.7519585318415792,0.7635854032501727
LCTL,13.751177,1.350676204449678,0.04496720641301931,30.036916059313352,3.2360757115151005e-198,2.1218442966420587e-197
LCT,13.700438,-1.0898944518419071,0.06304908811888559,-17.28644274421223,5.951343709847534e-67,1.458569960139472e-66
LDB1,3002.3394,-0.023671193970515484,0.014010413521547747,-1.6895428485468784,0.09111544772039633,0.09968934867473929
LDB2,818.30225,1.474045493066198,0.02674102066685247,55.12300788478839,0.0,0.0
LDB3,304.1621,1.604726751415904,0.04357700077266396,36.82508486041922,7.327456447875544e-297,9.872911040522712e-296
LDHAL6A,5.8847346,-0.4380746301061049,0.049622109064217775,-8.82821464801459,1.063597929710896e-18,1.6380808117848652e-18
LDHAL6B,4.4161196,-0.022916006260350334,0.03564923187319671,-0.6428190750886837,0.5203415042852342,0.537256957386301
LDHA,35883.285,-0.19958887623569177,0.0201880909856074,-9.88646605456572,4.7655448330608453e-23,7.734512695813597e-23
LDHB,19459.822,0.17066988640941003,0.02498362905937504,6.831268828231606,8.416683797469847e-12,1.1726220860376967e-11
LDHC,25.534254,-0.5254089095675035,0.05865773021087017,-8.957198099529212,3.330330375920344e-19,5.165488048404866e-19
LDHD,871.87445,0.09198521293951015,0.037990380973228564,2.4212764016325923,0.015466112521948966,0.01753492146986462
LDLRAD1,25.831305,-1.2814515139777194,0.0837483230026058,-15.30121998905993,7.503675227165933e-53,1.630561681608189e-52
LDLRAD2,581.58734,-0.5210512582840869,0.02775633516352321,-18.772336305004757,1.2716796542523729e-78,3.4318830966230195e-78
LDLRAD3,1038.2574,0.6290103807393064,0.030074501129005542,20.91507280673239,3.9043222933025925e-97,1.2098644987724122e-96
LDLRAP1,1882.555,-0.38849803289509377,0.016723069925990174,-23.231262837172572,2.200544647335562e-119,8.127882524511014e-119
LDLR,4488.757,-0.2957303457343267,0.030951295745855898,-9.55470000876853,1.2394247676906247e-21,1.9758397028747495e-21
LDOC1L,2275.3901,0.6809680473402956,0.016766704073990765,40.61430584897377,0.0,0.0
LDOC1,1883.2838,0.46785125887963297,0.032541254725785104,14.377173308837289,7.197468632321569e-47,1.4874963342344414e-46
LEAP2,220.80443,-0.32297892761363717,0.05749254915779583,-5.617752775706278,1.934570336794786e-08,2.5395523558453188e-08
LECT1,34.261726,0.8586739996395489,0.08679679717803919,9.892922637205391,4.467898203123254e-23,7.253743183204651e-23
LECT2,130.12003,0.016075975908972417,0.1875240119885234,0.08572755957224441,0.9316829934008127,0.9346210427517687
LEF1,1211.0603,-0.5516471729834772,0.03466442764696701,-15.913927055182286,5.072920914264085e-57,1.1418418672581813e-56
LEFTY1,742.77673,-2.4241217978707366,0.0602553423375372,-40.23081943989859,0.0,0.0
LEFTY2,174.00693,0.19194685996821761,0.06276277563764547,3.0582914477269676,0.0022260296316720597,0.002602787575879363
LEKR1,41.50028,0.069723058616913,0.02190744800559353,3.1826189248109102,0.001459495647686132,0.0017167709666767947
LELP1,0.19459084,-0.8438987591878665,0.1986466998071672,-4.248239512698003,2.1545697694780965e-05,2.663967322774479e-05
LEMD1,89.62915,-0.9189456790312042,0.05997772819620268,-15.321448588801077,5.497843715085027e-53,1.1962231505334623e-52
LEMD2,2421.564,-0.21747142999428104,0.009242468378186076,-23.529583342427607,2.0317291410953103e-122,7.679905975410215e-122
LEMD3,1482.8523,0.1346810774218128,0.01160634995869082,11.604085513634178,3.928649280168326e-31,6.995222205260359e-31
LENEP,1.367453,-0.3092787517915744,0.043833290435316384,-7.05579591949568,1.7161554340494167e-12,2.4174364133267886e-12
LENG1,445.7543,-0.22120195040020377,0.013951182920360548,-15.855426142924312,1.2894992624292487e-56,2.891927239898334e-56
LENG8,6748.894,-0.1694438398332085,0.01892235773935512,-8.954689588221642,3.406928346869006e-19,5.283892299375797e-19
LENG9,444.56644,-0.825215573644357,0.02228395466149869,-37.03182788601392,3.52222403905681e-300,4.891470614676508e-299
LEO1,1249.9127,-0.0749054409858777,0.01190957019547118,-6.289516729525788,3.184557892659092e-10,4.3188392044129e-10
LEPRE1,2191.7905,0.14087491103770788,0.01911588727193969,7.36951986761812,1.7124364539465298e-13,2.4486229643136254e-13
LEPREL1,1980.2612,0.31569707149447024,0.03928172662538738,8.036741218254862,9.225922945601346e-16,1.367233696677084e-15
LEPREL2,1480.0065,0.2894050110208224,0.03004785629012375,9.631469487423807,5.888132521484258e-22,9.430183291763532e-22
LEPROTL1,2257.0854,0.2794082943465866,0.013187686724066224,21.18705882182461,1.2570856857954887e-99,3.9672930517920245e-99
LEPROT,1324.8253,0.7424547244814618,0.020261943848912473,36.64281818258576,5.9548318507456234e-294,7.846888132642728e-293
LEPR,1158.6971,0.726748838123613,0.03470385453290316,20.941444341134307,2.2454804918900345e-97,6.972050836417449e-97
LEP,88.62643,2.560326418395512,0.07083795713294623,36.143425389729686,4.719423708796306e-286,5.8744457476898146e-285
LETM1,2987.9058,-0.3346906139940749,0.012074467747197141,-27.718871009595187,4.136183855062184e-169,2.2026828957680094e-168
LETM2,144.13214,-0.07056732403173517,0.026572135406188593,-2.655688861772855,0.00791466010116966,0.009068807125152695
LETMD1,2330.792,-0.029529531116729017,0.013459440508606355,-2.1939642363177714,0.02823798072691085,0.031657326520879846
LEUTX,0.2071675,-0.5791564216792524,0.25117533997338054,-2.3057853599028917,0.021122628665863383,0.023799634567951332
LFNG,2101.8516,-0.20657570593174418,0.029805304471593106,-6.930836963220011,4.183579848001801e-12,5.8542512973722366e-12
LGALS12,69.66486,1.1986854267693012,0.05772369008300965,20.76591820525558,8.802883472788175e-96,2.697033929608645e-95
LGALS13,0.29406217,0.4741954990767986,0.27258319799161285,1.7396358343825329,0.08192298284020687,0.08977661791601742
LGALS14,1.96186,-1.0030385822195025,0.120847395110188,-8.30004305268589,1.0407367336861282e-16,1.5622177365712517e-16
LGALS1,13418.349,0.1059277229593207,0.026483876701776158,3.9997060910730107,6.34211977216746e-05,7.761900597628935e-05
LGALS2,363.5146,0.11957241642826676,0.053782441063505174,2.223261236638147,0.026198189734777885,0.029412647226775283
LGALS3BP,36015.094,-0.572797351051805,0.02155555260408337,-26.573076625430485,1.390116630994915e-155,6.678004834928144e-155
LGALS3,11879.3,-0.42903274651279466,0.028024988554702156,-15.308935654883959,6.664561469853656e-53,1.4489940940276655e-52
LGALS4,6055.9775,-1.7428856862447237,0.07475570298490203,-23.314417718695314,3.166034123851155e-120,1.1742993027415862e-119
LGALS7B,788.6494,-4.039269908131818,0.08559978130722798,-47.18785312820354,0.0,0.0
LGALS7,1500.2314,-4.670319465921512,0.07981427142974568,-58.51484179784104,0.0,0.0
LGALS8,1982.9272,-0.04867668772158102,0.016577872635853832,-2.936244522491107,0.0033221233959152604,0.0038580292178106664
LGALS9B,45.561028,-2.155034095583643,0.07890476874119809,-27.311835899956797,3.0688947923019133e-164,1.5765740367518206e-163
LGALS9C,166.25368,-1.5457680420451743,0.03890768986809245,-39.72911389202866,0.0,0.0
LGALS9,3629.3474,-0.7130106399177762,0.025225534979316712,-28.26543185317569,9.197932662145644e-176,5.103862389441896e-175
LGI1,66.459854,2.5104985778886926,0.08473925667710566,29.626157655061938,6.880760033628981e-193,4.318292032202603e-192
LGI2,349.34583,1.2515557283232295,0.03515177283329292,35.60434161482339,1.20015847264229e-277,1.4066796974395152e-276
LGI3,562.15466,0.4876470018271279,0.06536357820218994,7.460531005794751,8.617447309293497e-14,1.2382144806966358e-13
LGI4,609.54803,1.022488449795242,0.04320097648313375,23.66817912540554,7.67140588368763e-124,2.93354906810662e-123
LGMN,6767.7695,0.17513511705918103,0.01974081765842205,8.871725583487313,7.20210785714468e-19,1.1114053957675171e-18
LGR4,2670.994,0.29915544939894373,0.025751690695643325,11.616924610295776,3.3808842478975297e-31,6.023577702191809e-31
LGR5,848.3931,-1.184502992077984,0.06047130743081738,-19.587851534930394,1.9630091490510965e-85,5.571574413150882e-85
LGR6,518.9866,-0.1288297640277286,0.047017618234976875,-2.740031691607272,0.006143326043036815,0.007065814073226739
LGSN,70.487434,-1.1149376905445283,0.0719450936745086,-15.497063574462617,3.631122998646285e-54,7.985097551246459e-54
LGTN,2481.9001,-0.13698483099105652,0.011650905507757176,-11.75744073281274,6.466477258054851e-32,1.160125224680461e-31
LHB,7.422653,-1.4244645019085258,0.04577636996554176,-31.117899977232664,1.3793130566873524e-212,1.0189199753663936e-211
LHCGR,5.11312,0.852229620507543,0.08673974076589133,9.82513451138495,8.775679730546187e-23,1.4205618480892884e-22
LHFPL1,19.569447,0.7180594148358094,0.04390372448477792,16.355318899761485,3.986161965836213e-60,9.223124384868674e-60
LHFPL2,2369.3533,0.4699328604221688,0.020406071466859504,23.029070597217288,2.3844872278676592e-117,8.656522017146518e-117
LHFPL3,497.43777,3.6754041050256574,0.07520628079635946,48.87097282443429,0.0,0.0
LHFPL4,342.7335,1.8846042076499472,0.07357620636219878,25.614316106112803,1.0567492168048351e-144,4.6739859450205604e-144
LHFPL5,7.012807,-0.25419673003633203,0.06287663515920953,-4.042785199823148,5.2820005264686974e-05,6.471849345111712e-05
LHFP,1634.9594,1.3690229396474698,0.02282137969224552,59.98861410261932,0.0,0.0
LHPP,1314.4634,0.2829895870949275,0.02114667431117328,13.382226582333287,7.681138447601211e-41,1.503223086174306e-40
LHX1,36.804222,0.8989836951915595,0.09399290392310673,9.564378348465494,1.1287778673547073e-21,1.8004378409177756e-21
LHX2,130.10136,1.525478169816676,0.057780052736893114,26.401467246197985,1.318035512104241e-153,6.243342250100102e-153
LHX3,8.221103,-0.18250876993863363,0.09337603937816327,-1.9545567701741133,0.050635408016527925,0.05613931665896052
LHX4,13.347037,-0.18813473650585116,0.02884101924934665,-6.523165318095097,6.88389153924825e-11,9.430032825161831e-11
LHX5,10.766408,0.866207021422246,0.09137467465559257,9.479727557850516,2.5494783429207745e-21,4.048107127088134e-21
LHX6,191.52888,0.6455356365690932,0.02651572984369226,24.345384433106883,6.488048606878157e-131,2.6218773637838903e-130
LHX8,11.100344,0.3724614205198006,0.09969550007040047,3.7359902930100666,0.00018697788097303138,0.00022602319669456987
LHX9,35.082676,0.4556435337483349,0.07661349544105239,5.947301204902132,2.7259952158286643e-09,3.6366251621162295e-09
LIAS,437.3178,-0.03368860654971805,0.012737064743547011,-2.6449270085390544,0.008170854030660032,0.009358146782752453
LIFR,2728.4126,1.6039754519573468,0.03396816173701062,47.2199662841839,0.0,0.0
LIF,1010.9025,0.08785328840122351,0.0366224594666754,2.398890999692841,0.01644480908192081,0.018615505593484894
LIG1,1960.9363,-0.6377870209478588,0.01578259623921781,-40.41077977798333,0.0,0.0
LIG3,1422.9728,-0.14379863970711174,0.013535971769547846,-10.623444120252858,2.3184591069887177e-26,3.9190890866143557e-26
LIG4,663.1401,0.22543495841211791,0.015489165590046027,14.554364281378183,5.47929298746159e-48,1.1422580988299254e-47
LILRA1,38.060905,-0.23231895645884135,0.04271355468163613,-5.438998420768815,5.358093004241495e-08,6.981019805027044e-08
LILRA2,152.32391,-0.22734483361938007,0.03821430736002326,-5.949207229573131,2.6944432681142267e-09,3.5947687087508214e-09
LILRA3,38.99366,-0.741739867747035,0.04797991964752169,-15.459381199387819,6.522206757070332e-54,1.4305710770005913e-53
LILRA4,54.649406,0.1576654420235892,0.044331042460671106,3.556547134290024,0.0003757610877981734,0.00045043099308072376
LILRA5,104.615234,-0.07807665275213058,0.036236156239022134,-2.1546615550810295,0.03118832832171295,0.034895756006911076
LILRA6,191.32295,-0.121611611029988,0.034181797912368125,-3.5577886026289107,0.00037399009927946355,0.00044836087806092326
LILRB1,344.77783,0.10292755207702908,0.029800133054160738,3.4539292791062954,0.0005524822357801717,0.0006587400198095763
LILRB2,400.40564,-0.16838772819772532,0.030901614986931093,-5.449156242123263,5.060933959747342e-08,6.596808661661831e-08
LILRB3,214.08247,-0.2586031765818455,0.03166372993672868,-8.167173516783821,3.156986674421679e-16,4.708306476049444e-16
LILRB4,869.42267,-0.009470592316917196,0.03220659419134501,-0.294057554196844,0.7687139245037404,0.779860812685452
LILRB5,230.64531,0.177420454898091,0.03789868453745854,4.681440980431156,2.8486541373001846e-06,3.593293034776608e-06
LILRP2,3.5704362,-1.5423705752542607,0.05385966624770827,-28.636838708964124,2.3381267951520475e-180,1.3416551133737468e-179
LIM2,6.25763,-2.61647044476743,0.1374996657250048,-19.02892222298411,9.8252715394492e-81,2.6933176689328966e-80
LIMA1,5894.847,0.13692011250768202,0.02074663033149575,6.599631377237279,4.121813500975699e-11,5.666936862936539e-11
LIMCH1,3263.5964,1.1142978455046706,0.0311427101968154,35.780374876256495,2.230537082622846e-280,2.663431346927773e-279
LIMD1,2246.3528,0.07710926447495976,0.01629999813922877,4.730630262428249,2.2382385067934163e-06,2.828221062550097e-06
LIMD2,1582.3892,-0.8185442407158093,0.026776078350980597,-30.569982279941772,3.068407326472591e-205,2.1357164020395038e-204
LIME1,993.44586,-0.558112728597029,0.036913150280846026,-15.11961792344312,1.2023820755988163e-51,2.5841123907016047e-51
LIMK1,2965.0784,-0.11879196045006657,0.017051538471607834,-6.966641787065995,3.245957476205304e-12,4.5515840111621866e-12
LIMK2,3442.2756,-0.2472556029786073,0.01688934700489007,-14.639737279778666,1.5667244030487134e-48,3.2819160532635825e-48
LIMS1,874.0777,0.3086057734361929,0.021821327603588896,14.142392206486893,2.0808855179748392e-45,4.247092557438571e-45
LIMS2,1514.0394,1.0892506877220829,0.027973900979927926,38.938104789305264,0.0,0.0
LIMS3-LOC440895,332.53137,-1.6093486640969732,0.04509227034820967,-35.69012275650188,5.625787293207486e-279,6.647440714011097e-278
LIMS3,132.65164,-1.6490717568868514,0.058201165954635634,-28.33399863796896,1.3180342159326648e-176,7.347715937068216e-176
LIN28A,72.19935,-1.3531018362209386,0.11548882453706405,-11.716301050295002,1.0516428597508735e-31,1.8835574013959736e-31
LIN28B,59.031826,-0.5437671201208134,0.11425222170920406,-4.759357078454151,1.9421058779732896e-06,2.4572328363469147e-06
LIN37,411.47385,-0.2825741116169639,0.01504169654506798,-18.78605320685166,9.821805499735916e-79,2.652017747601108e-78
LIN52,289.76047,0.3983885295438948,0.014488788716952779,27.49633094433599,1.9422662996433484e-166,1.0120962271420252e-165
LIN54,806.47906,0.11220630145421068,0.012098854463559601,9.274126058145715,1.7908107402640173e-20,2.819294452600922e-20
LIN7A,140.37831,0.5450561856916857,0.04319475495049876,12.618573396615417,1.6681584567613692e-36,3.136791172181095e-36
LIN7B,157.67618,-0.3506449923435366,0.02391583904777928,-14.661622017233634,1.1352814913597986e-48,2.3820669774908935e-48
LIN7C,1714.3481,0.052922327530506165,0.01170193945769437,4.5225261779754105,6.110592641850339e-06,7.655255405540032e-06
LIN9,364.15836,-0.23788308283908058,0.01888466938313183,-12.596624172386228,2.20376445929693e-36,4.136680861776342e-36
LINGO1,1092.6487,1.042462185909527,0.04006547015431499,26.01896800148383,3.021465695732848e-149,1.3888918514207508e-148
LINGO2,26.17817,0.8215689274448111,0.05752822167820958,14.281145905054167,2.8684565758409866e-46,5.8959018099491815e-46
LINGO3,19.326906,0.43111919959036954,0.057975987661056064,7.436168265227558,1.0364779830147159e-13,1.4874986082191316e-13
LINGO4,37.082546,0.05808289334532433,0.04609031541033507,1.2601973500988475,0.20759817855995288,0.22179320514809409
LINS1,540.2743,-0.09840159207457111,0.011813443369046873,-8.32962828876796,8.10965750454016e-17,1.2185734529111603e-16
LIPA,4966.2246,0.3726051419229144,0.01916035640986848,19.446670716991743,3.1097817650489633e-84,8.73992917650909e-84
LIPC,526.2162,0.3491658394594027,0.061609249452203085,5.66742563111872,1.449589382862617e-08,1.9061028383194483e-08
LIPE,645.4845,1.1686765589187815,0.032198306714984054,36.296211762431504,1.8566063424728167e-288,2.3492012757243054e-287
LIPF,543.2171,-2.249216084298352,0.1737250969619652,-12.946984193025306,2.443668019103588e-38,4.671421333420652e-38
LIPG,1226.726,0.9453955148131563,0.04424221322796896,21.368630677262274,2.6169575144300852e-101,8.365306647241655e-101
LIPH,741.2636,-0.3692218662454619,0.04944516660911821,-7.467299466584737,8.185733557763763e-14,1.1768473236530784e-13
LIPI,2.5978277,1.3438958199532445,0.07430943713181389,18.085129854629006,4.173834067878294e-73,1.0738668998854312e-72
LIPJ,1.2590475,-0.11911505211458401,0.05389460321005585,-2.2101480485964338,0.027094889122980866,0.030399253149717153
LIPK,5.8515606,-2.4153837471835327,0.11199992658335578,-21.565940450736694,3.752136978249004e-103,1.2210638865116923e-102
LIPM,1.5895915,-2.693531997955234,0.18315832498581802,-14.706030960720977,5.896598034437563e-49,1.2406866409995282e-48
LIPN,3.1897752,-1.2950007361488522,0.08450987820048371,-15.32366113552676,5.313819615461632e-53,1.156553918657081e-52
LIPT1,258.13187,0.1425479690071668,0.011945813130207277,11.932881207283156,7.976410434852181e-33,1.4430973077682e-32
LIPT2,76.56897,-0.35297050633161947,0.01962349905406319,-17.987133964191486,2.4574327012455143e-72,6.290817598976163e-72
LITAF,8624.38,0.10631598430092758,0.01592719321232037,6.67512366326338,2.4702377830889278e-11,3.4086736495802816e-11
LIX1L,1447.8174,0.7640801295436365,0.01875245198033528,40.74561184558091,0.0,0.0
LIX1,413.6675,3.056587945665023,0.07170288989477598,42.62851818316622,0.0,0.0
LLGL1,2162.616,0.5900459664157934,0.018337424800552192,32.17714443731627,3.6858190544845714e-227,3.0221341172070636e-226
LLGL2,4020.9211,-0.9552180446338515,0.028927417931837552,-33.021199710415125,4.031610576723133e-239,3.620624602183778e-238
LLPH,1333.1937,-0.2926895059683865,0.01148080269532291,-25.493819006890813,2.308284007557357e-143,1.0108486579879593e-142
LMAN1L,77.50713,0.20912943136100362,0.09526933806496218,2.1951389146674094,0.028153634489416282,0.031564504905007215
LMAN1,7729.4634,0.2784267166075492,0.01526248641045186,18.24255295761512,2.371201379917027e-74,6.177260255115899e-74
LMAN2L,1521.0985,0.13134183689940154,0.0112515306244927,11.673241737750091,1.7463926984934095e-31,3.1221293421695927e-31
LMAN2,8914.897,-0.3903580070147492,0.014611897530742698,-26.715079694027114,3.1446489002912894e-157,1.528698829059942e-156
LMBR1L,1106.8177,-0.23454703377229338,0.013546987435507368,-17.313593512128996,3.714890340814692e-67,9.130925081328782e-67
LMBR1,2221.1086,0.24856980723430877,0.012389076863535594,20.06362620655918,1.5347326312342137e-89,4.4925408539607986e-89
LMBRD1,2883.841,0.5906426655275676,0.016202057443915032,36.45479394034576,5.775622593357423e-291,7.432737065623501e-290
LMBRD2,382.3316,0.4737959149088601,0.021909477454264824,21.625158148928495,1.0415982646251778e-103,3.4016520804465825e-103
LMCD1,1271.2306,0.7026411030646497,0.024751042187581774,28.38834412464387,2.816551795358115e-177,1.5796743251155884e-176
LMF1,821.7412,-0.04763457198410961,0.01985432047995875,-2.3992043460864174,0.016430742483710944,0.0186006164493923
LMF2,4148.329,-0.2877525002146851,0.01385054150202614,-20.77554153190263,7.2047074752475774e-96,2.208713137909433e-95
LMLN,662.8314,0.004965646357546384,0.016053437638476813,0.3093198148192723,0.7570782595164076,0.7685542899772896
LMNA,21934.742,-0.22799599633081347,0.020398799493871373,-11.176932073836635,5.28867828028235e-29,9.183130158487706e-29
LMNB1,2471.7854,-0.6551926510234068,0.02508560405855816,-26.118272834649257,2.260958632455014e-150,1.0478228271830556e-149
LMNB2,4642.2944,-0.5744518125278748,0.019172007316389433,-29.963049932533536,2.9749154408776963e-197,1.9344076480622493e-196
LMO1,59.622414,0.8597294616677813,0.06628262483503447,12.970661071547685,1.7947572584908764e-38,3.437390689145414e-38
LMO2,1000.91895,0.507332835074385,0.02662816725133724,19.052487927005462,6.26525482040138e-81,1.721148601923515e-80
LMO3,1672.773,1.3294034444843623,0.05828700681447501,22.807886648147765,3.829093518217131e-115,1.3666990697297083e-114
LMO4,3369.596,0.22283518846228678,0.021682811886727757,10.277042923509667,8.942936126939211e-25,1.4850671827761452e-24
LMO7,4501.554,0.034276882330711106,0.029595202067024252,1.1581905152424454,0.24678629807672803,0.2623119057400076
LMOD1,2509.2798,2.4496389185449634,0.03850644847963554,63.61632960880502,0.0,0.0
LMOD2,22.193022,-0.1469188960616016,0.094611391084171,-1.5528668839769542,0.12045493977221423,0.13090328380604835
LMOD3,30.298035,0.13099534135545216,0.04368013048039029,2.998968636649588,0.0027089519108957185,0.003157471343328902
LMTK2,1033.6139,0.0660840241421442,0.02342028086302952,2.8216580547700545,0.00477760885607597,0.005516668231549468
LMTK3,500.4361,0.24474569558675444,0.03320985082515938,7.369671633735195,1.7104882079153286e-13,2.446008950266782e-13
LMX1A,12.1613865,1.0286963510139377,0.0741521967886748,13.87276972987872,9.26296894989221e-44,1.8634860163128017e-43
LMX1B,411.44617,-0.011278458330067347,0.06519200555151924,-0.17300370244253838,0.8626485173796068,0.870214109866783
LNP1,234.40012,0.4821626594191418,0.025088040961440402,19.218824624856598,2.575379151834004e-82,7.143343889943935e-82
LNPEP,547.5774,0.37446883156996064,0.023562029432675345,15.892893803564085,7.09740700731633e-57,1.5957604556814264e-56
LNX1,663.8158,0.19589335240432995,0.024806402938812387,7.8968866581552195,2.8595618155580184e-15,4.202845726461572e-15
LNX2,1242.0748,-0.1592065137968605,0.018597777676728586,-8.560512796971206,1.1236659650995506e-17,1.7090030915480166e-17
LOC100009676,221.53584,-0.1955402333849546,0.01253254027087509,-15.602601640098374,6.988708011570552e-55,1.545715441690004e-54
LOC100101266,17.294847,0.13893579781838336,0.02977308970672549,4.666489074091593,3.063899294199794e-06,3.860020156597377e-06
LOC100101938,1.8977494,-1.8124847367316168,0.10104300417776171,-17.937755824668184,5.982278306357803e-72,1.5256570717667355e-71
LOC100124692,111.27387,-1.3115680453986567,0.0853290997178766,-15.370700613683855,2.5737088372406927e-53,5.613685260058202e-53
LOC100125556,173.83138,-0.6215393051025192,0.017933168369679335,-34.65864437839062,3.3098242756428104e-263,3.516947412725051e-262
LOC100126784,161.96574,0.858159004326452,0.04011771120436576,21.391026022268786,1.619570178132581e-101,5.184407115817801e-101
LOC100127888,108.10738,-2.0399808869109752,0.06340397400243523,-32.1743379497415,4.034492994834051e-227,3.306692547577554e-226
LOC100128023,0.42360666,-0.48471382370394706,0.06880323661254574,-7.0449276453887535,1.8555790301113775e-12,2.6109429451957656e-12
LOC100128076,2.3846195,-0.5179654822308664,0.06603227750790872,-7.844125657619934,4.359803789250163e-15,6.3902984409894935e-15
LOC100128164,10.556688,0.9047977839665379,0.03658813349846253,24.729268685011174,5.1821252473049583e-135,2.1465490927748046e-134
LOC100128191,214.6981,-0.48445870989271245,0.021315012485628,-22.72852104681462,2.340881771705128e-114,8.302789545321376e-114
LOC100128239,38.91982,1.5129319201518,0.04416750853659327,34.25440941270932,3.749527004396796e-257,3.837939682378802e-256
LOC100128288,108.5685,0.27415153749218274,0.02515393106601598,10.898953995408418,1.1658985210759554e-27,1.996679676193252e-27
LOC100128292,40.050888,0.04702730526848231,0.02287452270075808,2.0558813787587265,0.03979395142306316,0.0443270261543001
LOC100128542,2.5130625,-0.07822364837991576,0.04255689562549694,-1.838095735842394,0.06604829943420545,0.07277180042109475
LOC100128554,0.6718627,0.22650197586770981,0.09873299461441207,2.2940859512291882,0.02178556216414381,0.02453029479010032
LOC100128573,4.1976933,-0.6877433031842074,0.03607562583359629,-19.063932705049016,5.034453697532713e-81,1.3843387740149719e-80
LOC100128640,81.79472,0.25639195887287175,0.02373594507477429,10.80184328305326,3.3736190007243395e-27,5.7514243205281216e-27
LOC100128675,20.724209,-0.1268009214276449,0.05489773643729952,-2.3097659331085234,0.02090111630450525,0.023556567030747478
LOC100128788,32.55284,-0.4319074289898342,0.023274360726901214,-18.557219854834614,7.130022918080757e-77,1.8967742922932985e-76
LOC100128811,3.680222,1.2968371368402687,0.10062402395398566,12.88794748889489,5.26258266395507e-38,1.0034740138190622e-37
LOC100128822,286.09015,0.25063658606076217,0.01855025725519679,13.511218880295967,1.3427966369180703e-41,2.6431399720598464e-41
LOC100128842,69.82162,-0.4466329266726699,0.025121275148505585,-17.77907068938096,1.0266765584352269e-70,2.595890220216441e-70
LOC100128977,11.283309,1.5812977654663658,0.11510552185415986,13.737809793954888,6.027163980567901e-43,1.201478816022539e-42
LOC100129034,3810.5405,0.47581316554689806,0.02119480838351036,22.449514849923457,1.2937591005787794e-111,4.505583566316005e-111
LOC100129055,1.5093205,0.575185065209666,0.046922361135067675,12.25822936646294,1.5178016657753177e-34,2.798743240061561e-34
LOC100129066,11.63718,-1.080295610195693,0.0428912769511587,-25.18683720761802,5.583666805151346e-140,2.3861854006313237e-139
LOC100129387,272.2932,-0.014615763927648235,0.020798761582971934,-0.7027227976695615,0.4822285174049613,0.4994246813433517
LOC100129534,104.23229,0.040249669005588164,0.023274797817652775,1.729324109318827,0.08375110402170977,0.09173555317038733
LOC100129550,471.37674,0.16909518667725038,0.017252349244241665,9.801284699455607,1.1116269690188308e-22,1.7974436869394313e-22
LOC100129637,492.66553,-0.3042274878973169,0.016251396024481158,-18.72008333555023,3.396194248239963e-78,9.1205802268721e-78
LOC100129716,19.780941,-0.12557391569852946,0.01937103276795406,-6.482561730331139,9.017816842861557e-11,1.2331658591067869e-10
LOC100129726,19.199173,0.028455424002978118,0.027951711790459806,1.018020800167603,0.3086680712878893,0.3253182825154081
LOC100129935,0.1540919,-0.11051711406788428,0.2512991797152259,-0.43978302751773046,0.6600942614301277,0.6746753887472248
LOC100130015,80.64324,-0.26047465556878635,0.025528336872211867,-10.2033538993415,1.9154145039582807e-24,3.1673102571545348e-24
LOC100130093,196.39648,0.2606261720770925,0.019987169365676006,13.039673968274176,7.276754670671468e-39,1.3998624996711747e-38
LOC100130148,10.703712,0.455689351791411,0.08368221704708267,5.445474174459593,5.1667559726310786e-08,6.733451852950719e-08
LOC100130238,48.75743,-0.037902764230616566,0.061926681089347665,-0.612058704969681,0.5404989178571442,0.5571372319707153
LOC100130264,1.3850977,-1.588398974826973,0.09547347015759414,-16.637071766691502,3.7553884499957005e-62,8.844973791469513e-62
LOC100130274,0.81691176,-0.5921215620413789,0.07402414085476856,-7.999033223541089,1.2539988215126422e-15,1.8549852508301884e-15
LOC100130331,22.982347,-0.8397691740030719,0.03626210398566674,-23.158313547802027,1.1987706937788244e-118,4.397436496332087e-118
LOC100130386,3.6138103,-0.2962404288358584,0.06112637283952639,-4.846360336373489,1.2574703727877075e-06,1.5974565905144726e-06
LOC100130522,30.604534,0.19978239056184308,0.028551889886484532,6.997168711287762,2.6118670622642295e-12,3.6690127317075445e-12
LOC100130557,101.41666,0.022524169921153046,0.019865441701525613,1.1338368539483947,0.25686298879611347,0.27269508207227794
LOC100130581,116.28535,-0.10163931599219256,0.017272750167335184,-5.884373652575868,3.995642350237056e-09,5.313343083505958e-09
LOC100130691,43.673687,0.14698082267124127,0.02782955700606996,5.281464690191906,1.2815518401352847e-07,1.6591068239421508e-07
LOC100130776,620.6082,0.0037154042867298983,0.029867028963290382,0.1243981880921771,0.9010000078990411,0.9055368100319188
LOC100130872,290.7025,-0.5346964479776304,0.040792725341307234,-13.107642196099851,2.977106490906762e-39,5.745110051978272e-39
LOC100130932,189.1735,-0.9195544226191763,0.019308383233651392,-47.62462042997684,0.0,0.0
LOC100130933,123.48954,-0.7889275478717476,0.05576904763745972,-14.146333518197466,1.9675129031543476e-45,4.016906858736398e-45
LOC100130987,33.00212,-0.08523676680456092,0.02134044085733577,-3.9941427346502456,6.492874265707216e-05,7.942106895910432e-05
LOC100131193,107.54293,0.06042661851862274,0.023510033443712094,2.5702480884723804,0.01016257081054174,0.01160467660170617
LOC100131434,97.24061,-0.3899437647242539,0.02708492941181027,-14.397075170305616,5.398000327068499e-47,1.116621506388819e-46
LOC100131496,12.643865,-0.8408786934791284,0.037956543911358866,-22.153721251409486,9.604852027032521e-109,3.267254509914037e-108
LOC100131551,84.61399,1.4551595207457453,0.0577093141837589,25.21533207121824,2.7199596829352553e-140,1.1660488352259184e-139
LOC100131691,74.63078,-0.05280404891083163,0.0191882925368686,-2.751888882732705,0.0059252622127785115,0.00681770167231591
LOC100131726,44.796043,-2.054747896589616,0.07500273653910958,-27.395639031359668,3.091072702246725e-165,1.5976427810368387e-164
LOC100132111,22.117098,-0.0494427754707335,0.03632735725692,-1.3610341958281358,0.17350288316261475,0.18656095903177744
LOC100132215,43.282536,0.13165693356686142,0.02630963847227716,5.004133131878273,5.611396788226432e-07,7.17558113256089e-07
LOC100132247,3484.469,-3.433801071231197,0.04518634061153298,-75.99201494875604,0.0,0.0
LOC100132287,1422.4355,-1.6256066791578985,0.029192585080245567,-55.68560217224257,0.0,0.0
LOC100132288,637.9369,-0.15142146666718526,0.023625912002304402,-6.409126837195366,1.4635540036795442e-10,1.9948112714006722e-10
LOC100132354,15.395091,-0.4489342690042784,0.05926827081967343,-7.574613917287761,3.6019720825904445e-14,5.208647604905097e-14
LOC100132707,169.69814,0.4923161637504616,0.017226819751482856,28.578470713265794,1.2442983612228445e-179,7.09598608855347e-179
LOC100132724,9.0895,-0.6550220866032622,0.027445026341998306,-23.86669549669557,6.794554519905798e-126,2.638884690399888e-125
LOC100132831,1.8006816,-0.43074636945225436,0.043740105483058574,-9.847858497256965,7.001994982388144e-23,1.1348003171982187e-22
LOC100132832,20.37027,-1.4554960218022794,0.03203923204984417,-45.42855520188282,0.0,0.0
LOC100133050,2.7572463,-3.0461548182486875,0.09296788171872047,-32.765668765746426,1.8164246453772026e-235,1.584429706736695e-234
LOC100133161,426.42615,-2.85732911293011,0.03934740856137992,-72.6179745350402,0.0,0.0
LOC100133308,1.0205361,-0.17844700376228648,0.08903821063663332,-2.0041620612809954,0.04505270312838157,0.05008890252242903
LOC100133331,645.9808,-1.6164750692077583,0.030476174757616162,-53.04061556491083,0.0,0.0
LOC100133469,38.090656,-0.23712239283683362,0.14460947485718215,-1.6397431293559304,0.10105858730600033,0.11032504579134862
LOC100133545,31.826298,-0.06750158391692392,0.04508426492196205,-1.497231551490632,0.13433301826532526,0.14551909752387768
LOC100133612,21.830877,-0.970491430349125,0.029112041268815638,-33.336426717308214,1.1458704808887724e-243,1.0618469331094454e-242
LOC100133669,25.541317,0.22625602367338613,0.03933851114941785,5.751514662413307,8.84474084009076e-09,1.1682999984649827e-08
LOC100133893,3.4190977,-0.20163962938909988,0.04635712136580144,-4.3497012637599495,1.3632311640613358e-05,1.6947986852176805e-05
LOC100133920,1.295757,-0.8100298350545878,0.08998149844504932,-9.00218210468304,2.2127514248888145e-19,3.438361033377452e-19
LOC100133957,15.121754,0.1232947838632932,0.018724190586916666,6.58478577703883,4.5554172498593226e-11,6.256745583882206e-11
LOC100133985,39.387253,0.20945117169087324,0.029038180184125892,7.212957918257305,5.474933866473686e-13,7.768079907139018e-13
LOC100133991,48.61874,-0.247339516051598,0.023125744854711094,-10.695418357571773,1.0693597462242992e-26,1.8141067472194404e-26
LOC100134229,425.8701,-0.5784597297503854,0.021818035995299735,-26.512914813918314,6.8793388343894935e-155,3.293896033145242e-154
LOC100134259,22.35816,0.4402611629286683,0.024326831803600867,18.097759974790495,3.318935193019451e-73,8.552107530019366e-73
LOC100134368,11.472642,-0.18064594514858334,0.024545814906716194,-7.359541568903269,1.8454288505132376e-13,2.636752471583901e-13
LOC100134713,44.111122,-0.32252666500947547,0.015053131396179241,-21.42588518767189,7.666373820032834e-102,2.461824993723162e-101
LOC100134868,16.9636,-0.5718127324846246,0.03811253535736084,-15.003271945123638,6.98874738077066e-51,1.4923841821387653e-50
LOC100144603,25.282885,-0.8119944659138119,0.022093415559010576,-36.752781105529344,1.0495890756209718e-295,1.4003003925666687e-294
LOC100144604,41.798508,-1.6210703778427664,0.05806428057472692,-27.918547544156674,1.5888983789767602e-171,8.591867755003416e-171
LOC100169752,0.022146575,-0.4525115997151588,0.9196524942396214,-0.4920462919956524,0.6226866187045472,0.6378825032809639
LOC100170939,163.97523,-0.237880834434557,0.030719796504849236,-7.74356804079111,9.666502085058569e-15,1.4092396416019148e-14
LOC100188947,30.52685,-1.267827482644176,0.060945445440146184,-20.802661683542777,4.0944502999632324e-96,1.2582477533124747e-95
LOC100188949,31.787941,-0.8953505082723043,0.03608879766956391,-24.809651916650388,7.053446163819849e-136,2.9390321418176075e-135
LOC100189589,6.0345125,0.5802190026811288,0.059121518171061364,9.814007160681012,9.799788927615499e-23,1.585708971366428e-22
LOC100190938,147.2455,0.3592280597972107,0.035678979099983354,10.068339085334934,7.625490534734987e-24,1.2501800756697503e-23
LOC100190939,356.0394,-0.040958808441625985,0.01775343965666993,-2.307091427561072,0.0210497237524224,0.02371880262760503
LOC100190940,60.605255,-2.7021332821683846,0.09463864434974803,-28.552113153505655,2.6442928073169705e-179,1.5058785248717818e-178
LOC100190986,536.91565,-0.9219709161498383,0.03465221595461235,-26.606405701656726,5.723103901366968e-156,2.755182604112795e-155
LOC100192378,27.435682,2.4398716363865636,0.06439672989982692,37.8881294156075,0.0,0.0
LOC100192379,1.2799586,0.7501007618546398,0.07618005431344696,9.846419362846731,7.102946799295672e-23,1.1508865410812621e-22
LOC100192426,1.380921,-0.6303429580357431,0.08495284020419575,-7.419916232590079,1.1719443183773948e-13,1.6802545336510833e-13
LOC100216001,21.31,-0.5266144644066946,0.05553613740655378,-9.482374702287975,2.485609108787275e-21,3.947618054902889e-21
LOC100216545,272.58292,-0.4304441003851112,0.01940971361759536,-22.176736291199248,5.760939751975349e-109,1.9623050428386503e-108
LOC100233209,66.26339,-0.2876321579219736,0.03357326442512671,-8.56729790346826,1.0594156546565902e-17,1.6124882859714055e-17
LOC100240726,6.938573,0.5474449326590832,0.05376531342510967,10.18212110716374,2.3830928472439144e-24,3.935544068546305e-24
LOC100240734,4.1943865,-0.0716672375368583,0.05774652010266416,-1.241065910282478,0.21458140155804584,0.22900155969598235
LOC100240735,20.971514,0.19433502384490178,0.04030868137382272,4.821170458111461,1.4271833644973662e-06,1.8106827517792657e-06
LOC100268168,21.648811,0.5314993453100623,0.02349227007259086,22.62443534267804,2.4913186468883553e-113,8.787379821898826e-113
LOC100270710,586.878,-0.30133928102250557,0.026298545761689388,-11.458400922741664,2.1341871170551544e-30,3.768749719500901e-30
LOC100270746,86.478195,-0.2070928987806158,0.023411539079886943,-8.845761830264765,9.090596292833758e-19,1.4009193091045529e-18
LOC100270804,64.308105,0.20513843529304096,0.023337713593879896,8.789997120662097,1.4956380026773836e-18,2.2989576516805476e-18
LOC100271722,82.709236,0.02824245228937846,0.023543569442495454,1.1995824319825379,0.2303015528481328,0.24527669567038793
LOC100271831,114.48826,-1.6637838451236624,0.05042515741987449,-32.99511454708719,9.544622748928641e-239,8.541493386612668e-238
LOC100271832,0.8850163,-0.03240232700012399,0.02833708128405964,-1.1434602835526029,0.2528475355916866,0.268544158647355
LOC100271836,1049.2461,-0.9766822706336996,0.02837666036610623,-34.41850654844051,1.3331098564114828e-259,1.3833223020734648e-258
LOC100272146,109.77839,-0.5849541072151447,0.021932957451695115,-26.670097204330094,1.0465475996055318e-156,5.062167398519606e-156
LOC100272216,67.77721,-1.1778892109340218,0.04050564245794722,-29.079632847618726,6.496707822654317e-186,3.894772513587139e-185
LOC100272217,62.812004,0.19959356624513533,0.021003876360835685,9.50270144502003,2.0451458590757762e-21,3.2526462420845032e-21
LOC100272228,91.16804,-0.49632909955478255,0.026639304237038138,-18.63145880757306,1.7858962252972953e-77,4.7721566151499714e-77
LOC100286793,379.31128,-0.11218851156587428,0.020513016873195088,-5.469137585143512,4.5223060729750555e-08,5.8992522162939166e-08
LOC100286844,58.446907,0.45005482270371655,0.019944475441486333,22.565387794936,9.48384136378467e-113,3.3266975590160596e-112
LOC100287227,18.791962,-0.14684303095051232,0.02170774466944641,-6.764545704151086,1.3372814118733084e-11,1.854359914475459e-11
LOC100287704,0.14004935,-0.3704726559376004,0.3740962950257193,-0.9903136194175092,0.32202085169987915,0.3389176240569603
LOC100287718,9.847092,-1.1590197711429946,0.12055396942448032,-9.614115376508192,6.970593227263572e-22,1.1148896811521649e-21
LOC100288778,1322.0485,-0.6172814438894695,0.018969850553623897,-32.54013215046375,2.88762302767684e-232,2.4628871897977704e-231
LOC100289341,126.79549,0.3312602407008226,0.019222192829079745,17.23321806446999,1.4959242602784368e-66,3.649990653764225e-66
LOC100302401,38.36223,0.2593224018153486,0.018448218317815377,14.05677216888321,7.000721535645142e-45,1.4225740068290195e-44
LOC100302640,16.188,1.2609939585285586,0.03575613293736446,35.266508286494386,1.916143200040018e-272,2.1769396991972505e-271
LOC100302650,169.3187,0.4473600781446625,0.039779025580458025,11.246129627781382,2.4197889984408582e-29,4.2156840851666463e-29
LOC100303728,68.427025,0.5858869837615424,0.02117103564274294,27.673987878924297,1.4360658102898104e-168,7.6197195287178135e-168
LOC113230,486.27722,-0.5739290071699602,0.027703314789376817,-20.716979593721415,2.4348875375066108e-95,7.432065273777674e-95
LOC115110,343.90454,-0.6604709747826546,0.029975505645395088,-22.033689192633112,1.369522266246859e-107,4.622364691399172e-107
LOC116437,4.812523,0.26174922139137163,0.08193844475846136,3.1944616737961957,0.0014009188511724991,0.001648725758195324
LOC121838,48.790833,0.3123772059840021,0.0673245529442258,4.639870482954222,3.486276040295763e-06,4.386988930365378e-06
LOC121952,3.9901533,-0.05386706559363703,0.03381352976056515,-1.593062480464823,0.11114617520318895,0.12105847319504193
LOC126536,1.5996137,-0.7680457279551772,0.11790362390003853,-6.514182537818723,7.308657663767836e-11,1.0007866651644428e-10
LOC127841,4.538146,-0.9427501508335407,0.04374318767506389,-21.551930733455944,5.078455591130935e-103,1.6511063139545625e-102
LOC134466,89.745674,1.4496495198545545,0.03797262746445597,38.17617101190824,0.0,0.0
LOC143188,40.312794,-0.2888287980076733,0.01765830413816295,-16.356542267468335,3.9069041769809977e-60,9.04282198034972e-60
LOC143666,84.631744,0.05153557110287613,0.026202605086866945,1.9668109690630102,0.04920500752380477,0.054583160691829204
LOC144438,1356.7373,0.02998360517018489,0.009736400986169064,3.0795368034633914,0.00207322753458544,0.002426632136174829
LOC144486,27.83427,0.3296665048913767,0.02113098642074983,15.601093972956068,7.155733721090541e-55,1.5823132706384525e-54
LOC144571,99.36103,0.3317503182734205,0.024943827016430633,13.299896525697312,2.3178887582882784e-40,4.5192393439945475e-40
LOC144742,0.41251346,-0.0437216522341983,0.10794373418571879,-0.4050411315118537,0.6854472770893056,0.699184383699643
LOC144776,0.28666645,0.5520985515306787,0.20002468818771502,2.760152041894732,0.005777446653430193,0.006651381837660331
LOC145474,4.3988934,-1.2388128033571422,0.07813272203697479,-15.855236718501862,1.2933932810169708e-56,2.9003407653072485e-56
LOC145783,94.34932,0.14123943460247843,0.018320875554474262,7.70920768401734,1.266012459662602e-14,1.8425010841569028e-14
LOC145820,50.576473,1.733468626193943,0.039499827542823315,43.885473279968664,0.0,0.0
LOC145837,181.96414,-0.15893473733627864,0.0540721026056016,-2.9393112099882313,0.0032894259977267856,0.003821147089336964
LOC145845,0.81046873,0.6933887368970061,0.09526238357385287,7.278725462075504,3.3698866941098935e-13,4.791697388279322e-13
LOC146336,60.295937,-1.3907823079064214,0.08196331678386858,-16.968350751029455,1.408320177020051e-64,3.3811309532961344e-64
LOC146481,9.003776,0.06701649095989029,0.20290483102501086,0.33028533929598536,0.7411843695139615,0.7534105920880143
LOC146880,899.6271,-0.6387504008237943,0.01810411547498416,-35.28205516068457,1.1067962257096027e-272,1.2616609383662822e-271
LOC147727,1206.7256,0.3595856159644584,0.01833644579372659,19.61043159669922,1.2595853458630684e-85,3.581049861252089e-85
LOC147804,387.59317,-0.15784532413784605,0.022741157724073622,-6.940953756754088,3.894614958743558e-12,5.4540147162649675e-12
LOC148145,10.3892145,2.3491054498246027,0.10453749008269914,22.471416216002854,7.9030672840861105e-112,2.7570004598476546e-111
LOC148189,133.24207,0.32263254951822623,0.016746272671226456,19.265931939145798,1.0378019323413936e-82,2.885239593136479e-82
LOC148413,888.9955,-0.191478850307892,0.011722403706044717,-16.33443576159683,5.614931856663521e-60,1.297405489386138e-59
LOC148696,12.760764,-0.6186715652046594,0.04777739714618328,-12.949042898082661,2.3790158668910485e-38,4.5486836996651816e-38
LOC148709,42.12742,-0.34537808018575583,0.03463379424572526,-9.972285385058113,2.015371445167203e-23,3.284314996570807e-23
LOC148824,4.860637,-0.007182968101817308,0.05649678108981337,-0.12713942216280408,0.8988300502456795,0.903489730075629
LOC149134,67.27913,-0.9197846279926221,0.03784153741178797,-24.3062172126786,1.684982928993596e-130,6.782239511937647e-130
LOC149620,4.7967577,1.4172226107932668,0.13914094705630914,10.185517928232363,2.301311410088675e-24,3.802954464122998e-24
LOC149837,112.28792,0.45308197861701127,0.02839612547397685,15.955767593442657,2.597602069221196e-57,5.869542788820681e-57
LOC150185,0.7421246,0.004543707298262451,0.11215101910673539,0.04051418644656411,0.9676831971788217,0.9689682378203635
LOC150197,21.00453,-0.7456587519009014,0.03990146799505084,-18.687501722828564,6.257541337532433e-78,1.6769420046179124e-77
LOC150381,174.93665,-0.5898212697217879,0.023055295351531384,-25.582898016642012,2.364769051866995e-144,1.0429881526637814e-143
LOC150527,0.95692796,-1.0303338802107804,0.09956049284368187,-10.348822618109061,4.236636736231528e-25,7.06476265975409e-25
LOC150568,28.95949,2.1381623048627936,0.10785227663830492,19.82491581548499,1.8148454332820768e-87,5.2334898266557795e-87
LOC150622,129.11847,3.0655565408079317,0.09209996890070825,33.28509854452684,6.343833871063398e-243,5.8387935705687034e-242
LOC150776,992.06,-0.4952459687797704,0.017959343133115056,-27.575951141920733,2.162194513782974e-167,1.1348316088194783e-166
LOC150786,143.8571,-0.29332095586412693,0.022941985010683466,-12.785334648572704,1.9800866268823847e-37,3.758048255495336e-37
LOC151009,282.42056,-1.3780763153854128,0.03547834349655391,-38.84274685821417,0.0,0.0
LOC151162,3660.3403,-0.07970516995175883,0.017738352109884455,-4.493380752507681,7.0101283042103845e-06,8.767612860635165e-06
LOC151174,27.841238,-0.0036313897746045737,0.036636690316536165,-0.09911893632393773,0.9210438371121102,0.9243126869308155
LOC151300,0.12869014,-0.4564436270592636,0.2264298056864406,-2.015828374164422,0.04381792543593329,0.04873472515433848
LOC151534,541.7121,-0.20001421229004268,0.02899691488021913,-6.89777561220786,5.282309330290769e-12,7.383627576751785e-12
LOC151658,1.3055681,-0.08950805150521907,0.09716493844158304,-0.9211970175747356,0.356947575095942,0.3742838731653421
LOC152024,1.594159,-0.79685290984663,0.05255115587876152,-15.16337550566946,6.180932944143344e-52,1.3313331973107739e-51
LOC152217,881.28094,-0.4904236170447783,0.014222108080372374,-34.48318732168836,1.4332115925139626e-260,1.495579436801218e-259
LOC152225,10.014223,-0.08000990301775081,0.05392783959370066,-1.483647474487311,0.1379024677055618,0.14926664575562404
LOC153328,61.934925,1.8673314603556423,0.061101663194385106,30.561057796659767,4.031874766751325e-205,2.8015337329791883e-204
LOC153684,80.63208,-0.2161236540460728,0.02521052512870736,-8.57275494828831,1.0103835123513909e-17,1.5382036886234926e-17
LOC153910,3.5153787,-0.32352800665851705,0.07150107461571986,-4.524799220113929,6.045286873307097e-06,7.574373527826894e-06
LOC154449,0.23001052,-0.1075370166789139,0.11805018772089895,-0.9109432077580351,0.362325298056964,0.37980541361042786
LOC154761,111.71535,-0.29792972128136985,0.027365253438791218,-10.887153738508552,1.3272360678794738e-27,2.2716434725479787e-27
LOC154822,181.54645,2.9936667137557027,0.05723481005085656,52.30499954652859,0.0,0.0
LOC157381,15.385888,-0.6254428217788383,0.05342958852729232,-11.705926229608831,1.188542418222583e-31,2.127255832315918e-31
LOC157627,34.196125,3.4549436226929986,0.13600716085242504,25.4026596911452,2.3568702165844612e-142,1.024413337733626e-141
LOC158376,62.458954,1.4055091039438519,0.030921573939687308,45.453996186782234,0.0,0.0
LOC158572,65.77996,0.43181918870530417,0.019157558276705136,22.540408462720425,1.6677308981210416e-112,5.842941551341643e-112
LOC158696,15.222078,1.172267145200211,0.043742870368992846,26.799044857174554,3.3151301611495345e-158,1.621641877723291e-157
LOC162632,516.6131,0.018108973728975613,0.035491675384746284,0.5102315833971179,0.6098892278107522,0.6256227535143398
LOC168474,14.890413,0.45771503710303796,0.03270111664339773,13.996923777691528,1.627649276404199e-44,3.2985577959698474e-44
LOC200030,1321.8876,-0.33811788969529527,0.02111157920803648,-16.015755446972197,9.919460521971397e-58,2.2493906968903504e-57
LOC200726,0.77898335,0.031026412957567813,0.11308529470139946,0.2743629314447359,0.7838057267981258,0.7943797686122582
LOC201651,38.963585,-0.5759058372871352,0.054745970443893927,-10.519602312600316,7.016912600004517e-26,1.1788853245048023e-25
LOC202181,131.7617,-0.560459496316271,0.02955557690427388,-18.962901591517433,3.455445253047613e-80,9.426425017659971e-80
LOC202781,526.33496,-0.07302100846455012,0.016780936125637573,-4.351426399448009,1.3525472503786438e-05,1.6817215995150122e-05
LOC219347,125.3707,0.41459404581336784,0.025658683875559436,16.158040210639154,9.96805449724395e-59,2.2802204663976357e-58
LOC220429,9.363735,-0.5927376468359323,0.029216062639962306,-20.28807420563146,1.6389019283049836e-91,4.8631984198165227e-91
LOC220594,220.21843,-0.08505595268011698,0.0362805242698617,-2.3443970116708903,0.01905787301862876,0.021507718225402605
LOC220729,334.5643,-0.16455516519349053,0.016003462740931746,-10.282472478447492,8.453079615484529e-25,1.40417956830654e-24
LOC220930,223.03645,0.32382463528050554,0.02012418135218762,16.091319672256077,2.9351372798093485e-58,6.68865680318318e-58
LOC221122,1.0813198,1.2269326199567099,0.07637723019640164,16.064115140097268,4.553154206368272e-58,1.0356124062948457e-57
LOC221442,115.95149,-0.2128487361380921,0.02988143173283757,-7.123110366367971,1.055182576074194e-12,1.491216303366272e-12
LOC221710,931.9185,0.47446678317184393,0.015816571957639188,29.998079510692136,1.0396075186493962e-197,6.788123628025355e-197
LOC222699,93.50455,0.014534557347168298,0.02462259015847444,0.590293598424124,0.5549938304228228,0.5714129358540634
LOC253039,906.5623,0.06170242674475028,0.01743690663233017,3.5386108353844357,0.0004022383787430369,0.0004817159501664405
LOC253724,26.540596,0.11805358836882084,0.019522906832930762,6.046926791131888,1.4763480010972923e-09,1.978864240854551e-09
LOC254312,0.06981243,-0.4475424312523784,0.327496680858349,-1.366555624562047,0.17176463445489043,0.1847601940543728
LOC254559,516.99207,1.3934192684716311,0.04843474999516316,28.768998882223656,5.241167324805412e-182,3.053073692867336e-181
LOC255025,0.14821774,-0.09334501309408401,0.30915766688776714,-0.3019333598735265,0.7627028643350283,0.7739939993518513
LOC255167,209.07724,0.5422183032544228,0.05981159752462572,9.065437568879178,1.2410511608007482e-19,1.9340600568541362e-19
LOC256880,10.970367,0.11267264395223453,0.024831594272544402,4.537471203643719,5.693280155098051e-06,7.135526389906502e-06
LOC257358,13.342962,0.09163273080673419,0.042162349594354324,2.1733307486024,0.029755432828258873,0.033327328874430455
LOC25845,1291.1232,-0.19599369442828163,0.024041973099471703,-8.152146814962885,3.5751988014171296e-16,5.329682389840473e-16
LOC26102,5.9250817,0.5083052835025204,0.04589064581582541,11.076446505950697,1.632227632880358e-28,2.8192519197260715e-28
LOC282997,158.5917,0.09158045198282946,0.021917762182497875,4.178366898056763,2.9360974186208573e-05,3.6219102851249415e-05
LOC283050,62.98023,-0.12745289749402672,0.025164732566321697,-5.0647427767461615,4.089521600846063e-07,5.245956163545145e-07
LOC283070,851.3778,0.2813420126551021,0.02500137667056412,11.253060835899722,2.2369208587232283e-29,3.898431070257336e-29
LOC283174,467.3405,1.7282922030420103,0.04246008287411508,40.703929103624716,0.0,0.0
LOC283267,620.3344,0.3520458419094983,0.017205214006958673,20.4615787846122,4.737908580567925e-93,1.4206050190247774e-92
LOC283314,265.9883,0.13321766793222023,0.030970074689785933,4.301496501594037,1.696484531440253e-05,2.1043519512332975e-05
LOC283332,0.43911913,-0.34324246221938487,0.09302415138817019,-3.689820945391981,0.00022441194773373396,0.0002707759641978954
LOC283392,72.1691,0.8413199242558979,0.06865389265296844,12.25451160517001,1.5890378350527189e-34,2.929037689799756e-34
LOC283404,4.713491,-1.0084502642575974,0.051179763667981375,-19.7040820821237,1.98916746601808e-86,5.686248306748398e-86
LOC283663,136.8402,-0.8498310601746389,0.03471413425726526,-24.480836937386083,2.3636334240040022e-132,9.620394418092259e-132
LOC283731,21.385252,-0.11625476754403351,0.04895722084308692,-2.374619423693235,0.017567052415269672,0.019859382537757524
LOC283761,12.031037,3.5619176206507053,0.0949891243552255,37.498162498376146,9.868225595284422e-308,1.444336483784296e-306
LOC283856,9.714875,1.9801309752692065,0.05262535188606813,37.62694033013051,7.7978090383269e-310,1.1596464149839125e-308
LOC283867,10.85063,0.9463653794405352,0.058146475106169465,16.27554168524523,1.4721103240777174e-59,3.3907335770899704e-59
LOC283914,0.13847487,-0.4838160108159917,0.21286327673964195,-2.2728956268382468,0.023032470406789872,0.025912802001096098
LOC283922,134.8882,-0.14536274495381835,0.023238245804786714,-6.255323494507314,3.966927659158258e-10,5.370930385901641e-10
LOC283999,18.408625,3.070081531044093,0.11846245395520677,25.916072380240898,4.3887826375558786e-148,1.998908852751681e-147
LOC284009,2.6888156,-0.11238233466374467,0.03348459704124205,-3.356239721963101,0.0007901005132453333,0.0009374471909296429
LOC284023,264.75485,-0.0004942476247254973,0.01627433938686603,-0.030369750376741726,0.9757721694253308,0.976683657685856
LOC284100,9.726746,-0.05580584624169031,0.04868523208706878,-1.1462581947208759,0.25168833509856003,0.2673408887291482
LOC284232,35.137005,-0.21650698070369157,0.02453776731560955,-8.823418117831853,1.1101787743790416e-18,1.7094334947498797e-18
LOC284233,50.184513,-1.0555061904001821,0.044781137459329594,-23.570330060481318,7.76918159554466e-123,2.9460377743284357e-122
LOC284276,37.298706,0.48706595544803843,0.04802642805528967,10.141623584567052,3.6104823110661925e-24,5.95092368612343e-24
LOC284379,15.318137,-2.392493539281861,0.16180768749583008,-14.786031345658515,1.8027458485698573e-49,3.808457272079872e-49
LOC284440,213.62965,0.5161125922427708,0.022826793554310044,22.609946991233073,3.45954151956553e-113,1.2181391524876275e-112
LOC284441,235.9975,-0.18925394688874222,0.022130138849282586,-8.551864413398267,1.2111600298641547e-17,1.8408366590522082e-17
LOC284551,10.930491,-2.624848391650906,0.07653274864008491,-34.29706156242912,8.6801491974702e-258,8.911707388365902e-257
LOC284578,71.843414,1.8920968492943633,0.05388553952697727,35.113257952017044,4.230641108486435e-270,4.73510842922899e-269
LOC284632,1.4838189,-0.9809685668465331,0.05844883368646208,-16.78337282329288,3.229605592017905e-63,7.684845751273087e-63
LOC284661,0.7918404,-0.6103789022163149,0.12102476563069144,-5.043421476880968,4.572804713256718e-07,5.860363285735461e-07
LOC284688,1.111312,0.8362458386397369,0.06095859956946131,13.718258695999877,7.893851533425191e-43,1.5709767680254495e-42
LOC284749,43.887585,-0.517802285391287,0.052904596699703516,-9.787472501310814,1.2744169995573174e-22,2.0590314811512918e-22
LOC284788,0.22181746,-0.44389858518918224,0.1492995967907783,-2.9732068587649403,0.0029470576190034218,0.0034293064737820453
LOC284798,4.0439878,-0.11882967054434147,0.06146906951051072,-1.9331620193798857,0.053216241927689985,0.05894290133321584
LOC284837,168.28555,-1.7510648794744836,0.03641797573413534,-48.08243303411215,0.0,0.0
LOC284900,406.98492,0.2186597527843185,0.01676801268513001,13.040290277107644,7.21817100110802e-39,1.388723713962939e-38
LOC285033,86.784134,-0.02613265174500514,0.013527024024044182,-1.9318847736615647,0.05337372953164634,0.05911090461485002
LOC285045,0.48035032,0.2626618041528868,0.07659346485266155,3.4292978475142,0.0006051450411454252,0.0007206029065145764
LOC285074,548.817,-0.30883541262917336,0.014336143398397129,-21.542433278374094,6.234444537302993e-103,2.025324020024759e-102
LOC285194,0.35351437,-1.0236406173926234,0.19138242937350486,-5.348665605006355,8.860507837667428e-08,1.1504533103767293e-07
LOC285205,3.0937905,0.14664319427291603,0.05859383139523514,2.502707038967263,0.01232475157984929,0.014022556019568106
LOC285359,162.97536,-0.3415890899661705,0.014946443468057664,-22.854205463405876,1.3272379278106548e-115,4.756422631983299e-115
LOC285370,2.1509035,3.5912063371418523,0.1717542568466814,20.908980092106756,4.4361428060860987e-97,1.3740366862788207e-96
LOC285375,0.355563,0.17523707424001767,0.11534010854321458,1.5193073463630515,0.1286851514323327,0.13954942995690112
LOC285401,4.519183,1.3006716654741064,0.09251662315645243,14.058788800306457,6.804075845953702e-45,1.383167050901362e-44
LOC285419,15.778238,-0.5146481642386111,0.04031717015047061,-12.764987282536342,2.571926565007905e-37,4.875859292019363e-37
LOC285456,4.5370145,0.5768488767359766,0.03465142331388548,16.647191415794524,3.171407311708142e-62,7.4764568618649915e-62
LOC285501,0.8161986,-0.10288538392824646,0.10179698436772971,-1.010691864471987,0.3121639320686247,0.32888353824183036
LOC285548,10.61367,-0.04106962540150041,0.05415121273137466,-0.7584248501549271,0.4481966859216622,0.4656003841554812
LOC285593,12.307526,0.3019104075002213,0.03660069406359382,8.248761812430416,1.6004406442788099e-16,2.3963647184579166e-16
LOC285627,0.1400654,-0.5239735971368575,0.18134574454926664,-2.8893625182062563,0.003860237646975454,0.004472743626132449
LOC285629,38.807602,-1.5501028753352637,0.05972453388812216,-25.954206327318754,1.629994490585151e-148,7.445604180799435e-148
LOC285692,0.13235754,-0.43275671107841646,0.15246671615724525,-2.8383684123694026,0.004534481169701707,0.005242036348529728
LOC285696,6.418379,0.9656295690538702,0.04881120556751873,19.7829485632792,4.175463570692846e-87,1.2015302167595145e-86
LOC285733,91.866394,-0.020806807715087916,0.10384039179802143,-0.2003729700438627,0.8411888975861656,0.8495765832898474
LOC285735,1.9598528,-0.348436243814481,0.11797288745335179,-2.9535281481709754,0.003141639561050171,0.0036521806557083558
LOC285740,6.4957237,-2.454105889444301,0.08534779148261837,-28.754181529630973,8.030355585036862e-182,4.6724781181984987e-181
LOC285768,20.618893,1.786216772167988,0.06022603397222799,29.65854887591744,2.631323214886047e-193,1.655984832515148e-192
LOC285780,4.936445,1.5300390743883772,0.07276242522084478,21.027873517746023,3.6463170610110915e-98,1.1396280172724104e-97
LOC285796,2.5129216,0.900621600063123,0.057356414770333625,15.702194840270076,1.4609857200737981e-55,3.2486029133882106e-55
LOC285830,98.63123,0.2016967637312932,0.02559503378260479,7.880308556903443,3.2657362134155823e-15,4.796012664569562e-15
LOC285847,1.8134164,0.6264612946004526,0.051741498153116405,12.107521369918445,9.63622118153399e-34,1.7618664304881054e-33
LOC285954,10.653395,1.5627384094419012,0.04398644283450433,35.52772874409478,1.8346161583225697e-276,2.1331210946481553e-275
LOC286002,492.14,2.6760139784971972,0.07540864264569357,35.48683393056696,7.846353027962797e-276,9.086683805249976e-275
LOC286094,0.09767066,-0.43997767570313895,0.21108979635589906,-2.084315221761516,0.037131503648569784,0.041424751097661916
LOC286135,0.14024487,-0.48594023992669866,0.21094919477265434,-2.3035889776702376,0.021245727170686766,0.0239343603069949
LOC286238,0.13729857,-0.3205598414173198,0.21149308728236862,-1.5156989078765208,0.12959550393430533,0.14049922065064818
LOC286359,0.2502094,-0.28420701098008494,0.09967311946747667,-2.8513907510722754,0.004352844136372062,0.00503548802616051
LOC286367,104.699455,0.16302499700969597,0.027358098686908385,5.958930073152635,2.538947028104645e-09,3.3886470791387487e-09
LOC286467,44.62459,-0.9567659075550015,0.04320282258116909,-22.145912012055184,1.1422587465420732e-108,3.884939161518555e-108
LOC29034,1.2366428,-0.11091918174750684,0.1999423978105059,-0.5547556844478266,0.5790617825262598,0.5952545232927776
LOC338588,0.16807066,-0.4569730498638897,0.12956563145455288,-3.5269619322171866,0.0004203571963815056,0.0005030301628831525
LOC338651,53.931828,-0.2501292277824449,0.04210126632854157,-5.941133120095147,2.830586315444143e-09,3.7749185638757575e-09
LOC338758,107.97243,0.4938154321743347,0.024085196345326368,20.502860972946046,2.030006376372671e-93,6.110127116583561e-93
LOC338799,700.22516,-0.16622380523464386,0.02316005707113249,-7.177175976903401,7.116606294816392e-13,1.0082601778438896e-12
LOC339047,2374.8433,-0.3950489974450733,0.020997254177389804,-18.814317058202242,5.764649386266328e-79,1.559634509700946e-78
LOC339240,1.8786074,-0.2822365263872338,0.07192991213413533,-3.923771321462446,8.717348645027947e-05,0.00010628608280280512
LOC339290,1263.1039,0.3889794204593421,0.017029633411473136,22.841326707436956,1.7823137473402748e-115,6.379417296431199e-115
LOC339524,125.15793,1.0804086463148848,0.029435780330785928,36.703924073822506,6.322819802222677e-295,8.380617731344498e-294
LOC339535,162.09982,0.6613201624802659,0.06170944605821281,10.716676371659828,8.500317415120271e-27,1.4435932787323458e-26
LOC339568,0.03340857,-0.45170791062698185,0.4590234970431859,-0.9840627190910104,0.32508467588917545,0.34205379691083376
LOC339674,92.75484,1.8139484152315675,0.0567327956909296,31.973541813691728,2.543896296873117e-224,2.0454654308072587e-223
LOC339788,1.7700832,2.0565990580833287,0.07959077802212201,25.839665212365475,3.1793135643359987e-147,1.4383921079181467e-146
LOC340017,0.7187113,-0.05788396744838201,0.10268404313158709,-0.5637094691938174,0.5729518719729965,0.5893657619997087
LOC340074,0.3878969,-0.590913241079492,0.08941993389377409,-6.608294318149061,3.887731958291768e-11,5.3479956039771696e-11
LOC340094,0.49264368,2.4209308843060438,0.22846943671971082,10.596300840344226,3.100006704736694e-26,5.230651127277835e-26
LOC340357,3.8283439,-1.2794450077012371,0.19780186998783283,-6.4683160365467645,9.910106720438232e-11,1.3544566509224086e-10
LOC340508,4.325204,-0.43450329291286055,0.06333272459173732,-6.860644251669347,6.855068197434721e-12,9.56561572526206e-12
LOC341056,38.281094,-0.5477519312148328,0.022769233767155433,-24.056669487269428,7.108521853155016e-128,2.8046976048136232e-127
LOC342346,17.036383,0.759712858171377,0.04101439441769006,18.52307876192127,1.3451980115057738e-76,3.572047256586155e-76
LOC344595,254.54865,0.6206713564334241,0.022593974834665066,27.470658039379238,3.936800323241972e-166,2.046713937203353e-165
LOC344967,23.006598,-1.3006796808355858,0.030198497816254964,-43.071006006645405,0.0,0.0
LOC347376,1.6842692,-1.7985361437316485,0.05850374345204759,-30.742240369726307,1.5526427582248298e-207,1.0975782609270594e-206
LOC348021,0.355618,0.2493282450781893,0.1634241016476748,1.5256516178728328,0.12709664972075999,0.13787088084318802
LOC348840,2.993936,0.058424818472246766,0.05564403943005919,1.049974428001095,0.2937298700013341,0.3101683829542096
LOC348926,172.62637,-0.25743616873856856,0.014817866818013165,-17.373362299735295,1.3130161151298117e-67,3.238635217825035e-67
LOC349114,398.62436,-0.35504554638261226,0.02056742600581014,-17.262517258227387,9.009623152424952e-67,2.2038557943075764e-66
LOC349196,36.9037,-0.7775226058267455,0.04223118336004744,-18.411101559666832,1.0702345136761717e-75,2.8220314031774615e-75
LOC360030,0.47081578,-0.9857703417754208,0.2039567626740805,-4.83323195000239,1.343341157518427e-06,1.705373986775435e-06
LOC374443,272.3098,-0.1670897914197765,0.0204165738318317,-8.184026996697408,2.7451253904553844e-16,4.098262654856726e-16
LOC374491,12.186844,-0.48071492260854226,0.042438086498266754,-11.32744103879838,9.596761972733849e-30,1.6806922752936638e-29
LOC375190,177.89316,0.40685827312765327,0.022462138351132532,18.113069502447424,2.5133541190849933e-73,6.485345565329706e-73
LOC387646,85.54444,0.6610066116080429,0.0303726837175625,21.76319411727936,5.1810815372987135e-105,1.7115307320763347e-104
LOC387647,848.5851,0.27309633692072854,0.01273552568659465,21.443664253937186,5.232700910526684e-102,1.683244712235942e-101
LOC388152,1126.6553,-0.6028020127032083,0.02336883717695248,-25.795122287801377,1.0057993627386318e-146,4.527320191464914e-146
LOC388242,96.43495,-0.3989609357437684,0.032101625940981385,-12.428060076372931,1.84046586920863e-35,3.425676049663421e-35
LOC388387,36.336487,1.6326899311234147,0.08038738219825857,20.310276146282863,1.0431624205787166e-91,3.0985911468576146e-91
LOC388428,0.8755309,0.07769055843276242,0.07907482815797656,0.9824941797856502,0.3258564488973371,0.3427772782422696
LOC388588,115.37536,-0.38526083404009676,0.035128164792983745,-10.967291810161575,5.48919342714186e-28,9.422012392140726e-28
LOC388692,784.08527,-0.2239239342762464,0.02446975692115189,-9.151048577956427,5.638356541162344e-20,8.815859060097088e-20
LOC388789,1417.0806,-0.31297629117563514,0.012734007404411286,-24.577988785149802,2.1722418733187665e-133,8.910874934293123e-133
LOC388796,1084.3047,-0.7530910754703772,0.017737025516221173,-42.458701701795896,0.0,0.0
LOC388946,0.36210912,-1.311773821626079,0.2811128600844277,-4.6663600563564005,3.0658228100939257e-06,3.862204479345476e-06
LOC388955,1195.2351,-0.6736006834603573,0.01659887994570601,-40.581092559477916,0.0,0.0
LOC389033,8.940583,0.011892638664671122,0.0909931996491134,0.1306981039300886,0.8960141323234991,0.9007926383869498
LOC389332,159.65639,-0.06049169941355616,0.073220181882698,-0.8261615562559865,0.4087124527716104,0.4264324719918626
LOC389333,130.40633,0.15822993419000372,0.023530248946699667,6.724532942614571,1.76156564156189e-11,2.437221535613899e-11
LOC389458,17.57075,-1.0225491021411826,0.03655458713454233,-27.97320889927171,3.4422160236498175e-172,1.8702982659590775e-171
LOC389493,67.8154,-0.09802291117136147,0.06791910584973607,-1.44323029499574,0.14895560811947148,0.1608372965104386
LOC389634,29.527626,-1.0056701791825156,0.039595097360523315,-25.398856076186295,2.596329055574408e-142,1.128253217554736e-141
LOC389705,14.084335,0.747892405945784,0.03104141989668164,24.093369711664977,2.933559428561035e-128,1.1603717972814087e-127
LOC389791,15.462102,-0.9288248499991908,0.031227069184815794,-29.74422109554979,2.0598031232522708e-194,1.3121255252281908e-193
LOC390595,32.60802,-0.11930973842242805,0.030434574494351288,-3.920203926116074,8.847407101248008e-05,0.00010782661548896032
LOC390858,0.26445392,-0.012173787517237276,0.11091335868122881,-0.10975943440884718,0.9126001632560264,0.9166071397991831
LOC391322,33.815464,-1.273797969344523,0.04493094394428553,-28.350127051059406,8.339859228630928e-177,4.6594729428017856e-176
LOC392196,0.39819068,-0.26555062763483483,0.08471335049937356,-3.1346963149190814,0.001720321026678789,0.0020184425877220764
LOC399744,342.6677,-0.2408346722609797,0.019340577667071444,-12.452299843712318,1.35872608579709e-35,2.5329461020733406e-35
LOC399815,22.66506,-0.846825928267823,0.033566132509311675,-25.228582054632078,1.9462468944547952e-140,8.352369419098899e-140
LOC399959,987.24695,1.5801160468951196,0.03401884258826861,46.448260042804115,0.0,0.0
LOC400027,567.165,0.2989592469687798,0.016470542254778255,18.15114780948083,1.2574560835334777e-73,3.25499661851978e-73
LOC400043,457.28757,0.3288896488903018,0.035883859326037514,9.16539232589338,4.9367069798999245e-20,7.726508102996814e-20
LOC400657,413.07715,0.36498118389749984,0.013990439341980868,26.08790009919897,5.001666790516744e-150,2.3132424849643433e-149
LOC400696,28.870731,-0.5593099583856145,0.052645501470085676,-10.624078843724694,2.3027427333230076e-26,3.892845578985561e-26
LOC400752,73.12368,0.2764129974707357,0.021926790434054887,12.606176827477395,1.9523648483840756e-36,3.6681613093624396e-36
LOC400759,70.19318,-0.1553799707194684,0.03499334382735519,-4.440272169646272,8.984517697296875e-06,1.1212197854558482e-05
LOC400794,18.840609,1.3644749905236784,0.09642680294724341,14.150370527893616,1.857758536283282e-45,3.7939719169617147e-45
LOC400804,3.3326664,1.4410869675864602,0.05880968729766412,24.504244688335543,1.3310021792190404e-132,5.427172715145292e-132
LOC400891,10.381146,-1.455425668249654,0.07298122563474492,-19.94246678637245,1.7425608228979935e-88,5.0601620016232e-88
LOC400927,60.490788,-0.2044936813940051,0.0241589422695725,-8.464513020156478,2.5722518622741145e-17,3.891830831156265e-17
LOC400931,126.43948,-0.3970471929302292,0.030027486633362112,-13.22279143033866,6.481318212357751e-40,1.2586146269114025e-39
LOC400940,23.184834,2.8733511678637735,0.09950262598845809,28.877139063616987,2.3127898966851714e-183,1.3608696389194624e-182
LOC401010,112.68152,-0.6649991507799472,0.019107253212237475,-34.80349286175997,2.1536390147136693e-265,2.327279018076199e-264
LOC401052,118.9414,-0.014127014799587737,0.022833664840723463,-0.6186923955541487,0.53611902057404,0.5529304528807943
LOC401093,295.85614,1.4940442595183825,0.031010444558693288,48.17874367104327,0.0,0.0
LOC401127,15.012799,0.15342309317784783,0.02066248344505669,7.425201021252501,1.1260875801311309e-13,1.61496316172793e-13
LOC401387,4.722788,-0.1150522361278388,0.042956869339887155,-2.678319856540575,0.007399252183607032,0.008486359934992707
LOC401397,1521.3749,0.085731875941278,0.014178873685345204,6.046451773520453,1.4807052713881838e-09,1.984573971046217e-09
LOC401431,146.93387,0.6879393234375426,0.031489821983420756,21.84640242805245,8.410309830608077e-106,2.7996320771966945e-105
LOC401463,5.0725837,0.8301473380604698,0.04256747463885712,19.50191654786778,1.0574463788674875e-84,2.9834466224172916e-84
LOC401588,164.55278,0.2402337279582106,0.016222107024410123,14.809033598207696,1.2806833641426095e-49,2.7089280634368195e-49
LOC402377,20.851261,0.08070433654532662,0.023210631936358594,3.4770417611468076,0.0005069788456685607,0.0006052648987841569
LOC402644,0.16083564,-0.5542293740193208,0.12061680411797988,-4.594959865436395,4.3283256888986254e-06,5.437515901535673e-06
LOC407835,277.2834,-0.5813861581952281,0.021693712017880562,-26.799754588612288,3.2525851170719027e-158,1.5918120288092996e-157
LOC415056,0.84949803,1.1806677336591065,0.07963916449071791,14.825214970665789,1.0065715621419755e-49,2.130892215207287e-49
LOC440040,4.3675227,2.0014410789467485,0.11240674285074304,17.80534715434572,6.423274379695762e-71,1.6275226272087867e-70
LOC440173,99.367645,-0.37531702234598824,0.061221342561784804,-6.130493168574619,8.760707915654766e-10,1.1797807412013188e-09
LOC440354,379.1799,-0.6157174273194652,0.02331953659317673,-26.40350183886688,1.2490050033633909e-153,5.917731641488311e-153
LOC440356,13.522046,-1.0126722553391805,0.04976018929580699,-20.35105311435205,4.544069698343113e-92,1.3539106540109388e-91
LOC440461,16.157045,-0.8133237914779452,0.0379567443745945,-21.42764889030697,7.381459072252931e-102,2.3707071344375682e-101
LOC440563,2.4506598,-0.4978418889966966,0.03615165249255641,-13.770930363396301,3.812712267785439e-43,7.612337850332819e-43
LOC440896,5.1315694,0.2758324575625518,0.052749008862086874,5.229149580492027,1.7029154625685233e-07,2.2009685057410212e-07
LOC440905,242.33363,-1.0168058394446067,0.05319789756309627,-19.11364708048108,1.9439606764226476e-81,5.359844990694567e-81
LOC440925,65.231094,-0.4773365204668031,0.04735726654605424,-10.079477877013877,6.808695645361487e-24,1.1172582787451803e-23
LOC440944,572.4932,-0.1726091427318549,0.01752519348659864,-9.849200401915537,6.909143911560151e-23,1.1199304211421425e-22
LOC440957,444.34985,-0.4874032250482128,0.020913845845492093,-23.30528916819337,3.918289095277611e-120,1.453050049011965e-119
LOC441046,29.94795,0.06621744207721147,0.027636301072779295,2.3960312888048954,0.01657367546875881,0.018758253217059182
LOC441089,296.74765,-0.04201692640783754,0.013256582482178262,-3.1695141990270717,0.0015269399738263138,0.0017948597532984945
LOC441177,5.3902025,0.1122304632944624,0.08566504944427784,1.3101079614442346,0.19015931551592868,0.20382507658148846
LOC441204,107.242645,0.8553098329319652,0.03491923437296235,24.493945766297323,1.7137182736180517e-132,6.982107330916533e-132
LOC441208,179.51071,-0.2003617879158379,0.025497659993328158,-7.858046109653416,3.901716866970688e-15,5.7242238015894094e-15
LOC441294,162.74867,-0.6496575520613186,0.02985811775486043,-21.758154931101263,5.782872438464487e-105,1.909398312920832e-104
LOC441454,16.622633,-1.5276111633911802,0.03842238013327863,-39.75836890094365,0.0,0.0
LOC441455,16.73599,-0.17013311597915656,0.030837386963292027,-5.517105459735558,3.446286455808752e-08,4.502531345300031e-08
LOC441601,5.7304125,-0.2694203913024792,0.07589772607523289,-3.549782124373776,0.0003855500983050349,0.00046200202774527405
LOC441666,106.21998,0.46106118822280445,0.03816504789701329,12.080718186623475,1.335481304291961e-33,2.435859512101777e-33
LOC441869,687.6313,-0.751316313200125,0.03691978557468917,-20.34996415892512,4.6461414122482655e-92,1.3839179665246884e-91
LOC442308,3.4767919,-0.5189534322688941,0.04642942923306732,-11.177252032624436,5.269650112237078e-29,9.150870576171501e-29
LOC442421,28.323666,0.7502523516911259,0.03407800155566235,22.015737937733178,2.0353034837790707e-107,6.853579825712555e-107
LOC442454,373.5903,-0.4744384978264683,0.024844598491900172,-19.096243313456828,2.713207527654087e-81,7.473710195576994e-81
LOC442459,18.414219,-3.2562190704240934,0.05251622323698585,-62.00406026400658,0.0,0.0
LOC493754,1105.6085,-0.024552900416822506,0.00909155440345755,-2.700627343491994,0.006920883662822101,0.007947558829679912
LOC494141,1.2294216,-1.42642921092839,0.06305891558202129,-22.620579465452767,2.71885692294381e-113,9.579994478056946e-113
LOC541471,607.8163,-0.14860207287656804,0.024201032322313593,-6.140319590398441,8.235562010086673e-10,1.1096479613723003e-09
LOC541473,22.605772,-1.521701573540433,0.034403752580376284,-44.23068588187684,0.0,0.0
LOC550112,539.5373,0.06634053894207802,0.013010753030533718,5.098900792781911,3.416315333872247e-07,4.3901258525724345e-07
LOC550643,1054.7039,-0.12633249913266842,0.015440304896785344,-8.18199510807398,2.7918239004087073e-16,4.1673687798534254e-16
LOC554202,131.00844,-0.3435565059802795,0.054712229890258646,-6.279336570075509,3.400208019149301e-10,4.60853705225089e-10
LOC55908,140.08852,-0.4204148886084573,0.08122991465092026,-5.175616525207003,2.27159601333331e-07,2.9296479941373916e-07
LOC572558,29.789812,2.082781908885454,0.07498752107207038,27.77504682257326,8.685294917058542e-170,4.642266191031632e-169
LOC595101,284.8574,-0.6602120332593636,0.024425531626117616,-27.02958704708049,6.63809138776808e-161,3.3188826759226505e-160
LOC606724,158.63936,-1.2988974134786844,0.03210340958500848,-40.459796335316305,0.0,0.0
LOC613037,2764.1838,-5.992297007882076,0.06385689573591355,-93.8394661817544,0.0,0.0
LOC619207,54.42554,-0.03008262130408393,0.028674438314866255,-1.0491093486733654,0.2941277938985276,0.31054025597573637
LOC641298,298.27484,-0.7776418275081945,0.03556404974440205,-21.865952643106937,5.480928689917284e-106,1.8268864963658478e-105
LOC641367,15.050762,-0.7018497586400771,0.0271105830637731,-25.888405165949155,8.995816673861698e-148,4.086252379811475e-147
LOC642587,774.81635,-2.099377496501645,0.08208795303007008,-25.57473318566746,2.9149285404839453e-144,1.2853591110182508e-143
LOC642597,22.331408,-1.9492973435018603,0.09612421499205949,-20.278941613857505,1.9733163301422187e-91,5.849555498742782e-91
LOC642826,198.35,-0.36365212528033025,0.021896364009153745,-16.607877231503185,6.111797904657133e-62,1.436173748163834e-61
LOC642846,472.26108,-0.802684169134383,0.021914825431885346,-36.62744983432558,1.046088788095389e-293,1.3722501054661097e-292
LOC642852,720.06415,0.6210396919106104,0.019141396623005243,32.44484737149267,6.403311535591577e-231,5.411582380784927e-230
LOC642929,0.07085788,-0.3104547541006773,0.28764937434525517,-1.0792818680983802,0.28046209335445493,0.29666585746367474
LOC643008,224.53505,0.05605370940294695,0.04067191800106732,1.3781919358087804,0.16814403638834097,0.18096127487604977
LOC643387,129.53242,-1.007145039387973,0.028587035941921614,-35.23083125631223,6.745615923121526e-272,7.62966636549062e-271
LOC643486,0.29562783,-0.5578282786811953,0.15545621849648603,-3.5883304256098616,0.00033280234268642914,0.0003995944146469103
LOC643677,8.419816,-0.1770364893875825,0.03484638771347792,-5.080483258214686,3.7647591436277494e-07,4.833316395832851e-07
LOC643719,23.072033,-0.09846527190924009,0.0328857933549919,-2.994158323818986,0.0027520309864609437,0.003206765044262726
LOC643763,372.62164,3.956202347368536,0.07444218584014657,53.14462898582649,0.0,0.0
LOC643837,321.06152,0.1001288732395215,0.013741013034217596,7.286862547192305,3.172562864491003e-13,4.5133259281791855e-13
LOC643923,0.65677077,1.5752092305806962,0.09635153633107815,16.34856371327639,4.453540269218493e-60,1.0297515768429223e-59
LOC643955,1.1822548,-0.6694546384121327,0.17917812932420016,-3.7362519685694404,0.00018678350994955022,0.00022580164355221738
LOC644145,0.20405184,-0.2458700260688369,0.1970548401019566,-1.2477238617514963,0.21213219971213004,0.22648274445116448
LOC644165,83.30897,-0.7892078890736918,0.03949773813067471,-19.981090726326364,8.044696175780947e-89,2.342419471434844e-88
LOC644172,106.27996,0.25396125463507163,0.03723013674258696,6.8213892522336455,9.016426488417824e-12,1.2554916002851958e-11
LOC644538,237.23636,0.9177894391375437,0.026057187211224162,35.222122468468314,9.169837271966643e-272,1.0354338159732052e-270
LOC644669,0.94929755,-0.3111537855543325,0.09094439671113291,-3.4213629075208627,0.0006230812906595994,0.0007417877315091973
LOC644936,97.00188,-0.5596269711139565,0.03039019560156293,-18.41472093339128,1.0010397047476968e-75,2.639918050383207e-75
LOC645166,328.07376,0.1663017767934493,0.028145606431928365,5.908622974447501,3.4497923737225336e-09,4.591979270128608e-09
LOC645323,440.69574,3.461403585869776,0.08256201586798076,41.92489184620526,0.0,0.0
LOC645332,245.91354,-0.15427926476376694,0.015438914358409914,-9.99288299567046,1.6374861911746358e-23,2.67235121171338e-23
LOC645431,58.64265,-0.17221674603798778,0.028319193345622495,-6.081273005772552,1.192320764755965e-09,1.6016401721870343e-09
LOC645676,95.92757,-0.17374599433212443,0.014985847842286957,-11.594004967930426,4.419722882767476e-31,7.866171708214271e-31
LOC645752,2.7414188,0.8529659454930334,0.051713346747022,16.494116106344496,4.044346589766743e-61,9.437117733072908e-61
LOC646214,297.104,-0.29234645436329454,0.018605622064885807,-15.712801933940007,1.2359384124065769e-55,2.750898670404012e-55
LOC646471,167.27806,0.1231679656072703,0.02272418524166085,5.420126807515334,5.955677521521444e-08,7.753158044673897e-08
LOC646498,0.13989629,-0.5179441860738174,0.14957124435845492,-3.462859377117559,0.0005344676445905569,0.0006375594290864913
LOC646627,33.15693,-3.117976783378822,0.11282441270402424,-27.635657112244903,4.150879705146957e-168,2.1910230727790224e-167
LOC646762,782.60345,0.31578829941584596,0.020961176943621505,15.065389709042098,2.7354784805435206e-51,5.864743722134113e-51
LOC646813,0.040857635,-0.4507889196265249,0.40455910778516524,-1.1142720827481885,0.26516247979135754,0.2811249766219991
LOC646851,161.30402,0.009486267722453513,0.028523411536238816,0.3325783001237867,0.739452625766923,0.7517109905621804
LOC646982,3.7201812,0.15703190374666656,0.034769957607799835,4.516309899424211,6.292655536252663e-06,7.878492962460362e-06
LOC646999,32.769997,1.1870387681182697,0.02692664072575129,44.08417597309289,0.0,0.0
LOC647121,162.56165,-0.32980630104047715,0.03118484650124349,-10.575851352268998,3.856587848338505e-26,6.49915338170049e-26
LOC647288,22.434875,-0.24509566769834312,0.026324765989058446,-9.310459504187579,1.2728049502585941e-20,2.0082954337994823e-20
LOC647309,48.853733,-0.06078042484922951,0.08344518813178164,-0.7283874146612436,0.46637646514009934,0.4838441935276846
LOC647859,20.483192,-1.2738634408334122,0.05682176100594317,-22.41858432898929,2.593017249175442e-111,9.016436921599116e-111
LOC647946,36.430294,-0.39491835102610545,0.04001357703726231,-9.869608774500241,5.638409068713434e-23,9.148260298847371e-23
LOC647979,19078.752,0.3118922160556443,0.012172426184158036,25.622847190608603,8.490061388366911e-145,3.758407475663447e-144
LOC648691,3.5892835,-0.6948895836671332,0.08244583550768078,-8.428437645008717,3.503107540134692e-17,5.28921435846946e-17
LOC648740,28.68272,0.3194047655313288,0.033140180378951264,9.637991159945415,5.525873283462273e-22,8.853486596207478e-22
LOC649330,36.096905,-0.4156736912357563,0.024598240983790157,-16.89851284527534,4.6139717376318674e-64,1.103569673477998e-63
LOC650293,0.13759585,-0.570690746238704,0.1665805665687485,-3.4259143067758595,0.000612733663450007,0.0007295540472646759
LOC650368,77.25459,-0.38563596775360814,0.024105607119758444,-15.997770387517729,1.3243357511568156e-57,2.999126980845563e-57
LOC650623,136.38823,0.551093638927542,0.027023638862667888,20.393021151894413,1.9286076727099718e-92,5.764022843320951e-92
LOC651250,3348.2456,0.358354887189139,0.013703747134056221,26.15013862146975,9.819509702239746e-151,4.561154415420921e-150
LOC652276,127.2316,-0.3144508168122766,0.017389387946992258,-18.082914578179004,4.344965957438776e-73,1.1176141746998869e-72
LOC653113,98.3405,-0.28522009396203635,0.020695112833515907,-13.782002362418629,3.27072724766115e-43,6.535996862498366e-43
LOC653501,287.91992,0.4127737765604397,0.017226215446128016,23.961953677597826,6.935838917425895e-127,2.7155143176898802e-126
LOC653544,2.9510665,-4.336427900785571,0.166427138317337,-26.05601432932791,1.1499632309869947e-149,5.302854228689518e-149
LOC653545,0.7182021,-2.6548166043347976,0.30896973892429824,-8.592480977514963,8.51112617403103e-18,1.2966999758818958e-17
LOC653566,3773.0168,-0.006059485746751485,0.010832389440952796,-0.5593858843223517,0.5758983928391186,0.5922470768203069
LOC653653,260.71945,0.6295694573790671,0.029634902038957984,21.244188914525054,3.730900520012395e-100,1.1825845194913959e-99
LOC653786,17.818687,-0.46743772017701407,0.03659058864872048,-12.774807332687162,2.2670838930710625e-37,4.299940467582799e-37
LOC654342,842.2881,0.39515787021996057,0.0264709878339012,14.927960856598059,2.167948710927236e-50,4.613008758964005e-50
LOC654433,412.1663,-0.3612638471060213,0.03703403218434718,-9.754915298116343,1.7574732514148154e-22,2.83431542502806e-22
LOC678655,752.88525,0.25590358582788875,0.0167881043134183,15.24314961656222,1.8283972020916172e-52,3.9558276979153274e-52
LOC723809,68.52361,0.4143924037363047,0.06846442849241682,6.052667244307797,1.424669619470701e-09,1.9106019881960344e-09
LOC723972,46.834682,-0.8458147043873165,0.027432081668680917,-30.833048494200842,9.453803168561118e-209,6.760448848216922e-208
LOC727677,0.5657859,-1.2230113382179455,0.10724301972908308,-11.404111347363326,3.988291927089965e-30,7.020980142120587e-30
LOC727896,69.78071,-0.4486185130692368,0.01871600421672955,-23.969780508396827,5.747699991989547e-127,2.2520674391246186e-126
LOC727924,0.5714113,0.05670406997571857,0.16601225374451506,0.341565569388531,0.7326778520297217,0.7452332328873453
LOC728024,56.77543,0.17454453165503367,0.01735756732834449,10.055817635804683,8.659954163730796e-24,1.418635394427062e-23
LOC728190,393.3889,-0.21742197386258125,0.014156980428738983,-15.35793419769161,3.1340286061347484e-53,6.831444153350894e-53
LOC728264,642.7921,2.085475070859437,0.03657091172359865,57.025514885200735,0.0,0.0
LOC728276,0.36481953,-0.19708550301280656,0.09931051785034306,-1.9845380658452152,0.04719588891571348,0.05242871732607687
LOC728323,52.37273,0.3068199965745708,0.022376781630509074,13.711533751406172,8.660750184732982e-43,1.7227573327892407e-42
LOC728392,1525.8618,1.240342683378534,0.04442049748076556,27.922755343197416,1.4125634747416367e-171,7.650539979320294e-171
LOC728410,0.68560094,-1.9359038801142683,0.16915252831794267,-11.444723288294588,2.499005732347073e-30,4.411067947360331e-30
LOC728554,903.9992,-1.1205839199774905,0.02375748723027032,-47.167611166795105,0.0,0.0
LOC728606,102.79905,-0.37533675453160936,0.0710023770248449,-5.286256182666573,1.2484502461641823e-07,1.6168701375099612e-07
LOC728613,441.26666,0.0031176761268246044,0.019875920566861136,0.1568569423658628,0.8753575947170203,0.8822914634805593
LOC728640,82.56708,-3.827811522137845e-05,0.01258590756728886,-0.0030413472383083746,0.9975733597355005,0.9976713676305474
LOC728643,270.31625,-0.9633655143235772,0.02629396392194694,-36.63827626687657,7.033926027255889e-294,9.256864899088729e-293
LOC728723,45.303032,0.7264532353029913,0.02500943484863442,29.047167187092896,1.6709417331729755e-185,9.987875145528071e-185
LOC728743,535.8212,-0.4191346957958077,0.019292814140967725,-21.724912329186207,1.1931336489756118e-104,3.9299478983165316e-104
LOC728758,130.59946,-0.4022695272380518,0.01724142682010369,-23.331568288130377,2.1206962562721845e-120,7.877258726773472e-120
LOC728819,43.844246,0.6110232080540386,0.031241852887002004,19.557841535968933,3.5373753480843255e-85,1.0013546261352723e-84
LOC728855,739.56903,-0.3679897919340793,0.022771807845472412,-16.159884820354506,9.67422521058878e-59,2.2135036082532815e-58
LOC728875,201.1599,-0.8686268079245172,0.03095093268454557,-28.064640790558155,2.6475172085189007e-173,1.4505059969923655e-172
LOC728989,12.8394985,0.14950987939828353,0.03195168242519032,4.6792490426235505,2.8792754014113282e-06,3.6310188241658344e-06
LOC729020,81.736595,-0.20970365390747345,0.01846818585267837,-11.354859409597122,7.015265026040184e-30,1.2306029697152516e-29
LOC729082,1129.9714,-0.07087553430320014,0.013948061036726288,-5.081389744178747,3.7468346604999664e-07,4.810607734951051e-07
LOC729121,0.08517306,-0.5530373328646473,0.3576451238746202,-1.54632985590075,0.1220249250276204,0.13256699299025207
LOC729156,15.271843,-0.6104726565934149,0.04217703873580416,-14.474052112036578,1.7674548307500727e-47,3.667680450437339e-47
LOC729176,77.37393,-0.15851793978475745,0.01774204284056821,-8.934593451792203,4.086781020774381e-19,6.33009546575971e-19
LOC729234,151.60548,-0.019053478865114788,0.02612231699179411,-0.7293946731869198,0.4657602752748007,0.4832541761451262
LOC729375,108.019554,-0.5511881420839694,0.021333094132098846,-25.83723386166585,3.3857703700516337e-147,1.5311172581937185e-146
LOC729467,1.6904919,0.9129989538821246,0.06567527990163269,13.901713936348637,6.18425327591491e-44,1.2455996482424977e-43
LOC729603,76.588615,-0.17181262840148126,0.020616995170731,-8.333543611893344,7.845793307719573e-17,1.1792728383304745e-16
LOC729609,0.5565145,-0.6980257768543534,0.08153498348456699,-8.561058664916223,1.1183577705457657e-17,1.70118393981928e-17
LOC729668,1.5598401,-0.5665542854952234,0.06288667160329961,-9.009131363624224,2.076949823458285e-19,3.228819598028957e-19
LOC729678,1004.42694,0.24630262235239908,0.017018592480143525,14.472561267318268,1.8061907355469982e-47,3.7469163628491274e-47
LOC729799,39.520973,-0.051951865134239536,0.021914241255645873,-2.3706896592121307,0.017754932068282405,0.0200673214888226
LOC729991-MEF2B,137.02838,0.141825530766356,0.02001874982135842,7.0846347565140855,1.3941149604539878e-12,1.9666564911226953e-12
LOC729991,701.672,-0.2137349926179888,0.011932645852612986,-17.91178547138274,9.542486403709417e-72,2.4305702576394347e-71
LOC730101,445.43393,-0.07247092688232591,0.02718019888181249,-2.66631334073201,0.007668817924805864,0.008789588702985003
LOC730668,7.0088415,-0.35468879467381287,0.03499905584127488,-10.134238942969523,3.893939005119735e-24,6.4150108597857816e-24
LOC730811,0.5053717,1.2940828620625202,0.16504306838410976,7.84087980629857,4.4740053217545114e-15,6.5562710966386015e-15
LOC731779,1.3319911,-1.5104518676071992,0.125315660802248,-12.05317721614012,1.8661532565052802e-33,3.397390159097827e-33
LOC731789,15.2081995,-1.6665073225846925,0.08407092417322856,-19.822635934759628,1.898967993479169e-87,5.474524126202549e-87
LOC732275,0.24139504,-0.44623011512758176,0.16293247862057353,-2.7387425693482093,0.006167464469236901,0.007092775751522006
LOC80054,189.11449,-0.33884825327376344,0.030176187348800943,-11.228994881198192,2.938016392210999e-29,5.113710842867721e-29
LOC80154,2031.5944,-0.9226256325345151,0.02532161202666004,-36.4362913215447,1.1341753979302325e-290,1.4568250426789654e-289
LOC81691,276.54947,-0.2399759565006688,0.0209391901761553,-11.460613064871234,2.0803695965493406e-30,3.674032322705415e-30
LOC84740,614.09845,-1.2679453727482757,0.059626885938963106,-21.264658597905054,2.4123935878840874e-100,7.653719971284422e-100
LOC84856,197.56044,0.5647284459327119,0.04420915069270318,12.774017077553166,2.2902261044859307e-37,4.3430247076405615e-37
LOC84931,9.704422,-1.2675544644812697,0.09072564257068609,-13.97129222307457,2.333538681631227e-44,4.722516304108365e-44
LOC84989,36.60268,0.1820911440861473,0.0266980044777971,6.820402784694265,9.078560622612947e-12,1.2639705649714627e-11
LOC90110,533.32855,-0.013944003819906809,0.014901115821153436,-0.9357691052982808,0.34939208149073087,0.36672028597565554
LOC90246,116.477554,-0.36927585788690737,0.038580009558414285,-9.571689123813822,1.0517311632197554e-21,1.6782032096552239e-21
LOC90586,18.492027,0.3656676996580551,0.05538440534516062,6.602358504694254,4.046674510911127e-11,5.564758282177618e-11
LOC90784,731.8093,-0.12533047882385617,0.014564702924728872,-8.605083088310861,7.62614973423968e-18,1.1623926213924208e-17
LOC90834,51.223255,-0.338953470923442,0.024861914261895542,-13.633442194068577,2.5334301997235097e-42,5.019766952425395e-42
LOC91149,1.7945845,0.7104816874603754,0.05764853137517658,12.324367516607863,6.696683795387812e-35,1.2404493257237783e-34
LOC91316,816.1293,-0.20545411740515443,0.02368581836504127,-8.67414054430103,4.166854414039723e-18,6.369321196443781e-18
LOC91450,11.771709,-0.4275530519897747,0.0264188747857174,-16.183620818738234,6.5807961041966945e-59,1.5080867614288664e-58
LOC91948,2.4030392,-0.7305565418866018,0.05966566367527755,-12.244170212579194,1.8051384392641847e-34,3.326166484295369e-34
LOC92249,1161.2528,0.3502888182870513,0.01644858912512101,21.295979589646066,1.236931042828642e-100,3.934178894070977e-100
LOC92659,229.80693,-0.4619293221019495,0.022387305348542785,-20.63353828923484,1.372320630768736e-94,4.1644173083649865e-94
LOC92973,115.96076,1.1443308257506526,0.0315655707167702,36.25249915543871,9.075696704572905e-288,1.144099747420432e-286
LOC93432,22.060347,-1.1456126173944412,0.11069179399715126,-10.349571327969663,4.20363712707696e-25,7.010308672195268e-25
LOC93622,770.3632,-0.048022053323653516,0.0141979821532855,-3.3823153744802337,0.0007187757479161203,0.0008539656542847977
LOC96610,52214.508,-0.9673822354149249,0.0449210414137754,-21.535169376511142,7.292752415592659e-103,2.367615155940854e-102
LOH12CR1,288.01413,-0.2508232282095684,0.012429674139591517,-20.179388887648777,1.4857155293560798e-90,4.380547785975443e-90
LOH12CR2,77.9251,0.9081016109935101,0.023892560253367407,38.007714592475395,0.0,0.0
LOH3CR2A,70.99349,0.6237078697102099,0.02616457299283181,23.83787688341347,1.352737349164993e-125,5.242790727517627e-125
LONP1,5301.131,-0.28757613871800525,0.014905284613423588,-19.29356910494794,6.082565173575858e-83,1.694048486577714e-82
LONP2,3250.578,0.18559274940348872,0.015035084301006474,12.3439779709825,5.249663785289267e-35,9.732984701275312e-35
LONRF1,1053.3326,0.3261706488621672,0.018287408647152677,17.83580468701078,3.7264599889786675e-71,9.459725550575646e-71
LONRF2,1535.8984,1.2589257549306814,0.04767569246489674,26.40602977833241,1.1682444152514568e-153,5.536379899931194e-153
LONRF3,148.29372,0.4923845531946617,0.032525142087407546,15.13858269616272,9.013531858797305e-52,1.939404936728539e-51
LOR,17.107128,-3.4911759498883836,0.09425099861337291,-37.041262174945636,2.48289394554664e-300,3.452816792171041e-299
LOXHD1,18.835596,0.3212769572664699,0.0479146989729628,6.705185760381367,2.011503152419998e-11,2.780189591318312e-11
LOXL1,1520.3077,0.4710139736844759,0.03150142526843295,14.952148027298025,1.508052408103146e-50,3.2122242076346466e-50
LOXL2,2862.6443,0.737692392056526,0.030006677535331355,24.58427432320457,1.860786506747513e-133,7.636313745388553e-133
LOXL3,520.2711,0.598673606496768,0.033302553815776646,17.976807718967017,2.9605474052406285e-72,7.569230770224031e-72
LOXL4,1015.3718,-0.005457229253914689,0.042459632129950346,-0.12852747374759393,0.8977315576203619,0.9024300983357008
LOX,2239.3398,1.2686834145334216,0.03690557414278451,34.37647141391146,5.666873254700678e-259,5.86537227211241e-258
LPAL2,18.614862,-0.016278198518580995,0.037810449254563,-0.4305211612003401,0.6668165768505904,0.6810333444417161
LPAR1,797.3064,0.9756321991200363,0.028957141335436996,33.69228294389968,7.499107435949072e-249,7.235750155852472e-248
LPAR2,935.7728,-0.8604294052891792,0.021136570694988383,-40.708089202625125,0.0,0.0
LPAR3,223.38953,-0.7079772359988458,0.061530635248826876,-11.506093397798033,1.2292155496436875e-30,2.1765176009041428e-30
LPAR4,23.994766,1.064160785677621,0.04528571943391982,23.498815939767212,4.194028981820877e-122,1.5818124498127316e-121
LPAR5,607.02014,0.02221490582741787,0.031391245067222066,0.7076783918524502,0.4791449990441595,0.4963574535969085
LPAR6,1348.502,0.14712160860939785,0.0221012635081562,6.656705783137894,2.8003296105858552e-11,3.8610260423890984e-11
LPA,46.61266,0.04855655311222983,0.08808085884132776,0.5512724756658137,0.5814469037313683,0.5975908684470154
LPCAT1,6504.697,-0.07033923050451649,0.027127528064353153,-2.592909694449659,0.009516775582779096,0.010879444892458848
LPCAT2,1804.4087,0.4137959655956477,0.026156665072342912,15.819905345394364,2.2683342736806238e-56,5.075952679475029e-56
LPCAT3,3762.8047,-0.23811403196968528,0.017001775412716684,-14.005245110553865,1.4477935499628089e-44,2.9349426350386163e-44
LPCAT4,1558.2443,-0.6830207889440397,0.021027607293490163,-32.48209743556952,1.9086641100295926e-231,1.6191038590038532e-230
LPGAT1,4077.3745,0.005898775407530602,0.017687532142537724,0.33349906363388654,0.7387575961476739,0.7510450311172641
LPHN1,2891.1255,0.4140825360617775,0.024871494955824486,16.648880045097822,3.0831825632052333e-62,7.270996618127573e-62
LPHN2,2379.7375,0.9154825599502083,0.027473511137104743,33.322372061639776,1.8312865619548185e-243,1.694689232492643e-242
LPHN3,540.1464,2.4238383997875035,0.04662314896097855,51.98787413128499,0.0,0.0
LPIN1,1922.9462,0.22658440680905775,0.019505719749470216,11.616305869216227,3.405451282082939e-31,6.066816822884717e-31
LPIN2,3345.0393,0.37062872070773906,0.021805786520668148,16.99680588711838,8.671805534858118e-65,2.086624381091791e-64
LPIN3,1077.3635,-0.49368872347668985,0.024742736776006587,-19.95287457268783,1.415135817093942e-88,4.112883668838767e-88
LPL,2329.1948,2.4977559600640427,0.040796620300853216,61.22458040995628,0.0,0.0
LPO,33.448524,-2.3924723290758525,0.06232242835069415,-38.38862496841725,0.0,0.0
LPPR1,356.20334,2.2336658700927834,0.06668276833334072,33.49689771316786,5.347992392045844e-246,5.047741173373265e-245
LPPR2,1882.7389,0.3871936240063426,0.020408232097125813,18.972423586895253,2.883030696861216e-80,7.86804583879323e-80
LPPR3,149.9347,-0.4037962791250389,0.06997820445889744,-5.770314946594746,7.91235123124902e-09,1.0464987898200403e-08
LPPR4,291.7147,1.8819035826852648,0.03849610005170164,48.8855645158289,0.0,0.0
LPPR5,81.281494,1.9125065782765143,0.07572331294972255,25.25650957118513,9.60634102836089e-141,4.1295501899577563e-140
LPP,1249.7859,0.9491488111883233,0.03040598138801388,31.21585845482627,6.4919252877969064e-214,4.85202301520768e-213
LPXN,906.1579,-0.20193005688817808,0.022606644058870723,-8.932332298519198,4.1712038381163577e-19,6.459876687981966e-19
LQK1,81.695755,-0.20662324843700716,0.02518580270222142,-8.20395724051244,2.3260086475218745e-16,3.4763771879971986e-16
LRAT,173.85316,0.28268756664816613,0.04688128180855564,6.0298600154012165,1.6410175964050377e-09,2.19741365727507e-09
LRBA,3952.3635,0.03474007844333763,0.018637635579824112,1.8639745527026492,0.06232527801036324,0.06879637470250408
LRCH1,1270.5475,0.33749818252856223,0.016208454044552092,20.822354902008716,2.7150905313339963e-96,8.36382631675425e-96
LRCH2,232.28745,1.5257135898324625,0.03507236756032021,43.50187044568408,0.0,0.0
LRCH3,691.45825,0.18171925444818118,0.014771690686933084,12.30185889343923,8.851335383741128e-35,1.63673330679006e-34
LRCH4,2582.8794,-0.3464597282883173,0.014495854667728524,-23.9006071894212,3.018534668020817e-126,1.1750353213429409e-125
LRDD,952.2466,-0.49600321011441506,0.017609223578051843,-28.16723905604981,1.4739130151619923e-174,8.11888394904843e-174
LRFN1,276.14685,-0.02455746942577277,0.030177613976910225,-0.8137644495208404,0.41577990466364956,0.43333997537868546
LRFN2,34.93311,0.17718657832038454,0.05880444282639241,3.0131495139489743,0.0025855150141520533,0.003015841650803349
LRFN3,683.764,-0.07963845515985982,0.016887658888399274,-4.715778290297317,2.4078852650213885e-06,3.040698183263271e-06
LRFN4,1184.833,-0.4842617351506558,0.025632440627613433,-18.892533184255896,1.3138698035554344e-79,3.5722589917982224e-79
LRFN5,93.75174,1.4989706910662592,0.04755240707481899,31.5224987182621,4.2720372013135784e-218,3.2783417030359272e-217
LRG1,2682.5479,-0.5421142028790799,0.04897228290753427,-11.069816857479536,1.7575943425415693e-28,3.0334743319603094e-28
LRGUK,32.492165,-0.3417518721585002,0.036532255126774216,-9.354798135854276,8.375950518996753e-21,1.324370741039569e-20
LRIG1,6756.592,0.9545238724202711,0.031109598198873316,30.682616545489193,9.709338795245835e-207,6.832783564894917e-206
LRIG2,435.0906,0.1319608709744902,0.015474748331942682,8.527497064498235,1.495481215056938e-17,2.268909908141009e-17
LRIG3,1597.6849,0.27519545044889687,0.02867088816896094,9.598427813855556,8.117309521386174e-22,1.2969730383448526e-21
LRIT1,0.23935784,-0.4693585984645346,0.13168102140872764,-3.5643602505761405,0.0003647447186057846,0.00043753462915950797
LRIT2,8.904081,0.3267467219249093,0.07591819854650561,4.303931444378943,1.6779360498368106e-05,2.0819783056208937e-05
LRIT3,17.233168,0.2809048858691467,0.03011267857274273,9.328458947634603,1.0742134682287434e-20,1.6966572536593474e-20
LRMP,505.3884,-0.6909396976796707,0.037451684997976534,-18.448828075879664,5.328817632165507e-76,1.4082216792998124e-75
LRP10,10098.081,0.010337121694007148,0.015157596604121342,0.6819763029711774,0.49525393518336047,0.512471403628871
LRP11,2720.3464,-0.20163724559260937,0.01983669019924151,-10.164863370216839,2.8452065230758167e-24,4.693749258836444e-24
LRP12,846.7402,0.33664947514753724,0.021948189117852006,15.33837134990406,4.236921123616959e-53,9.228573569671302e-53
LRP1B,276.98428,2.6904315352401103,0.06330446298656461,42.499871388390304,0.0,0.0
LRP1,20370.654,0.9330259398264358,0.02230030419606824,41.83915751207274,0.0,0.0
LRP2BP,165.63783,0.7620854726785914,0.025314975548611802,30.10413623411072,4.277505290870545e-199,2.826541065135781e-198
LRP2,3316.0107,1.3758151578379447,0.06994684406944589,19.669438645037125,3.941195106307117e-86,1.1250531571691895e-85
LRP3,2503.7456,0.11645634075286541,0.024004963461998964,4.851344220424311,1.2262750612695372e-06,1.558410360323752e-06
LRP4,2354.6658,1.1147880474175278,0.04144383754784711,26.89876501254257,2.2705023681142587e-159,1.1208816128137294e-158
LRP5L,273.48434,-0.37005169906040025,0.02453222466975504,-15.084310699168862,2.0540859387523852e-51,4.4061885604319683e-51
LRP5,5011.741,-0.1909512487182199,0.020534958438077514,-9.298837847372667,1.4198911612327477e-20,2.2384671017142257e-20
LRP6,2171.937,0.5156579917810451,0.017760978515547445,29.0331972041773,2.5081819088360938e-185,1.4966024467172929e-184
LRP8,650.5021,-0.057464674294739775,0.029895001672944878,-1.9222167947475175,0.0545784844207078,0.060428723315270286
LRPAP1,7063.407,-0.10290868925757271,0.01579338601214042,-6.515935796064663,7.22378704913921e-11,9.892982680843884e-11
LRPPRC,7682.491,-0.06423152401595923,0.011874637488302232,-5.4091355697581545,6.332967801069586e-08,8.239049872961576e-08
LRRC10B,159.5975,-0.1743782638201763,0.041270444174643886,-4.225257743344386,2.3866745443959122e-05,2.9484409617327898e-05
LRRC10,0.79862046,1.4395571917172265,0.11581807678581583,12.42946897123341,1.8083159026116766e-35,3.3664505725375935e-35
LRRC14B,12.178953,-0.23525590243628444,0.061548838564220526,-3.822263878965265,0.00013223207534781482,0.00016044536754312904
LRRC14,1788.985,-0.155411371643376,0.012259118296952792,-12.677206294844721,7.910123427811756e-37,1.4920986089763695e-36
LRRC15,1385.0406,0.9267165174924602,0.056655917969953014,16.356923525340044,3.8825261787173603e-60,8.987419041785872e-60
LRRC16A,1377.7627,-0.07738665692138365,0.020470494542826834,-3.780399968329104,0.00015657661961989891,0.00018974663088342392
LRRC16B,127.98358,0.6331025411429343,0.03772080547962815,16.78390832573428,3.200607571705464e-63,7.616735190222273e-63
LRRC17,426.0495,1.4764356620367793,0.03605528083902717,40.94922096511996,0.0,0.0
LRRC18,10.8964815,-0.7222171396974363,0.0625608489812102,-11.544234956184022,7.894072844996793e-31,1.4014250876464047e-30
LRRC19,226.79295,0.27180900385682044,0.06382746835795518,4.258495767566244,2.0580711569954583e-05,2.5458907938553004e-05
LRRC1,1381.4331,-0.2838279738596412,0.021111467927254993,-13.44425573994398,3.327366919217402e-41,6.529965597488635e-41
LRRC20,934.9973,-0.010338535724708525,0.020725323166272836,-0.49883592365560053,0.6178949776874398,0.6334201334712279
LRRC23,604.3599,-0.0012925063010999097,0.021866824063010337,-0.05910809440710223,0.9528660115116706,0.9546478582927072
LRRC24,91.89159,0.20781603078005528,0.03568422351211975,5.8237509556421445,5.754130328768661e-09,7.632310858257943e-09
LRRC25,410.47302,0.06379031249877455,0.02776390293529762,2.2975988875711986,0.021584629033873825,0.02430807957189054
LRRC26,294.3442,-0.9866250386945836,0.07265986224905267,-13.578680280355846,5.358320659777922e-42,1.0583047178154707e-41
LRRC27,440.13208,0.25745363427093104,0.01815189920143028,14.18328911008083,1.1626683687314325e-45,2.378015402752987e-45
LRRC28,551.9149,-0.10355879042891969,0.015463636224735261,-6.696923603471061,2.1285282357029026e-11,2.939939372501723e-11
LRRC29,167.28073,-0.022019126751332694,0.021749600472667545,-1.012392240446157,0.3113505469849418,0.32806054166579185
LRRC2,231.39288,1.265923873896512,0.0445807596060073,28.396193449470243,2.2532586348814318e-177,1.2640973421755599e-176
LRRC30,0.31137654,-0.2569432054552848,0.23199277410262462,-1.1075483124384862,0.26805693644789463,0.28400141388128053
LRRC31,131.81906,-0.742624094467129,0.07153688781411775,-10.380995276126237,3.0260384663752477e-25,5.051005750343008e-25
LRRC32,2221.6777,1.0605597893377467,0.027351258635215026,38.77553875975072,0.0,0.0
LRRC33,505.74146,-0.25990267746374063,0.02972954192153223,-8.742236195556742,2.2854106299873915e-18,3.505248984173068e-18
LRRC34,159.52438,0.4876815896895274,0.02444878242273685,19.94707062532463,1.5893157573934774e-88,4.616475888824912e-88
LRRC36,59.237953,0.03357071975701082,0.04269173306312759,0.7863517676213877,0.431661432127054,0.44924829243812964
LRRC37A2,349.0221,-0.46463700949848347,0.022526396380018847,-20.62633550702417,1.5927206599587654e-94,4.827482494580989e-94
LRRC37A3,316.5939,0.03935462648027536,0.023846951158794313,1.6503001250858897,0.0988815667261802,0.10800632099245146
LRRC37A4,608.2473,-0.1781772855408348,0.02748012203510502,-6.48386078173957,8.940472474085057e-11,1.2229177579944752e-10
LRRC37A,802.62024,-0.26591727077769556,0.0178627493052684,-14.886693321014501,4.021737324687031e-50,8.54414590350655e-50
LRRC37B2,991.8849,0.30887236652637884,0.012067168155890153,25.596093676345593,1.686231203487178e-144,7.448466277239197e-144
LRRC37B,324.48486,0.23262967738091642,0.017654909231967143,13.176486739433459,1.1984306426156248e-39,2.320605806830084e-39
LRRC39,48.59948,-0.42901921733617715,0.041210384934086325,-10.4104637222479,2.221369388968018e-25,3.7139574106922784e-25
LRRC3B,46.002872,2.0914354326748414,0.06766189353490931,30.91009316190348,8.740975938865328e-210,6.281592980563333e-209
LRRC3,144.43704,0.09930542420009057,0.02944722615841961,3.3723184542356957,0.0007453820885878008,0.0008851113410066513
LRRC40,717.87067,0.3344575274048207,0.013005672582939266,25.716280743800926,7.686410174483794e-146,3.436267561315669e-145
LRRC41,4560.3096,0.03971000110876584,0.011046919044160743,3.594667522231551,0.00032480609722653365,0.00039010839085806137
LRRC42,1405.277,-0.13247708661118002,0.012975796547579384,-10.209553311460745,1.7969014686366104e-24,2.9715796442184022e-24
LRRC43,47.741756,-0.1176260866444921,0.03798956015794545,-3.096273980415928,0.0019596919733955295,0.0022954587702870713
LRRC45,1119.7307,-0.7010133310696565,0.01678195347152513,-41.771855240756366,0.0,0.0
LRRC46,185.62556,-0.9299608526522323,0.03750073044112588,-24.79847303540448,9.311472276098796e-136,3.8767334165459175e-135
LRRC47,2909.099,-0.03960073823951583,0.008929830450731499,-4.434657349655713,9.221884477362997e-06,1.150277821802679e-05
LRRC48,190.04982,0.2152703721487797,0.03522419699409966,6.111434483086703,9.873953816986001e-10,1.328204993458989e-09
LRRC49,314.8243,0.6558831407901383,0.025232623424662325,25.993458141537484,5.871645575970355e-149,2.68993772009857e-148
LRRC4B,600.4832,1.6872979764325569,0.04741699795468667,35.58424297643215,2.455705737596321e-277,2.8700179742665613e-276
LRRC4C,195.77286,1.849472773012007,0.047759576122994814,38.724647979476956,0.0,0.0
LRRC4,527.89825,0.37500849316624646,0.04041637605822728,9.278627371884536,1.716758623445072e-20,2.7029223427977896e-20
LRRC50,84.47477,-0.6982717890186979,0.048529602757564703,-14.388574176199135,6.1041383826033135e-47,1.262179091320545e-46
LRRC52,6.4570985,0.5772495887020451,0.0803167568688178,7.187162569884053,6.615162863482269e-13,9.375008041620366e-13
LRRC55,205.07814,1.8713441111249418,0.05084950125668517,36.80162174410544,1.7392183074016095e-296,2.337210925438242e-295
LRRC56,238.90695,-0.7112198703668259,0.025371468934429098,-28.03227011431333,6.571360916011194e-173,3.5886892942347614e-172
LRRC57,697.40643,-0.025369842078021017,0.010241515345674199,-2.477157063357495,0.013243360886703017,0.015049206535632215
LRRC58,2764.5525,0.27488800384748774,0.014700350582708186,18.69941824182306,5.004775250660077e-78,1.3426303772326854e-77
LRRC59,8077.0176,-0.3510094280951565,0.01372993065992635,-25.565273182307493,3.7139888578258745e-144,1.6348778195995024e-143
LRRC61,1008.7805,-0.505745741550574,0.024704170396289953,-20.472079549229726,3.819684445575988e-93,1.1462994638484896e-92
LRRC66,75.74415,-0.616689017439872,0.04370236613476086,-14.111112783647602,3.244180390565928e-45,6.610776556053622e-45
LRRC67,5.667148,0.23431107553986605,0.06245991472163623,3.751383212483002,0.0001758616666436768,0.00021274987647504996
LRRC69,12.796784,-0.962994323665427,0.03798442327574995,-25.352348163206756,8.466286418519546e-142,3.665003725167753e-141
LRRC6,169.26056,0.053840396510000194,0.030780044659618765,1.7491981283781235,0.08025677750864071,0.08802174935616099
LRRC70,97.95714,0.754041565394157,0.026585445646428615,28.36294623089954,5.795535271776052e-177,3.244193087657098e-176
LRRC7,45.740604,1.651960886981243,0.06141796103653128,26.897032384364895,2.3789742559950116e-159,1.173577341356977e-158
LRRC8A,5650.5693,0.4077340825138406,0.019931015598556957,20.457265737294456,5.1760803535036935e-93,1.5517570301425665e-92
LRRC8B,1317.1179,0.08317522616399256,0.01809653559698499,4.596196090584882,4.302737918670098e-06,5.405704491589295e-06
LRRC8C,1042.0984,0.3657683177323112,0.022891346231957103,15.978453780131382,1.8056958145971604e-57,4.086500788059536e-57
LRRC8D,1916.2089,-0.06211477735157995,0.014921105766623175,-4.162880306801636,3.1425812034615464e-05,3.873104347797907e-05
LRRC8E,655.968,-0.7404226455631491,0.030815116276323887,-24.027903673108526,1.4211942556791451e-127,5.5954542354228804e-127
LRRCC1,885.4223,0.2555419322917831,0.01951823950073559,13.092468318269812,3.635969090165855e-39,7.012570548189338e-39
LRRFIP1,6072.4062,0.050827874407792094,0.015116555448259378,3.362397907497158,0.00077268692375691,0.0009169998881239831
LRRFIP2,2157.808,0.06817862680458846,0.012220745803582433,5.578925206397987,2.4200926539561604e-08,3.172407851515902e-08
LRRIQ1,68.99049,0.17729450958515766,0.04848794685820797,3.656465597597179,0.0002557167116928235,0.00030816482380455743
LRRIQ3,22.995127,0.0780450812617672,0.026187133419341486,2.980283485481618,0.002879817386863172,0.0033527879098271467
LRRIQ4,9.180065,-1.0796307074695604,0.04571821188324444,-23.614893562038922,2.709904211382073e-123,1.0308471569418465e-122
LRRK1,1018.00146,-0.09126297995922888,0.023344099444989146,-3.9094667230274607,9.250009613622607e-05,0.00011269280457407854
LRRK2,2412.0732,1.073721672526751,0.04569272933407023,23.498742320173537,4.2013039231423795e-122,1.584262762942317e-121
LRRN1,898.8013,1.562208146970037,0.04714393624921679,33.136990061918944,8.719850221391783e-241,7.904159868981091e-240
LRRN2,941.2403,0.5300567015295842,0.04233843242157207,12.519516458514707,5.838977585450709e-36,1.0921060602865501e-35
LRRN3,365.13138,1.8950577899771845,0.04702838694494051,40.296040606195234,0.0,0.0
LRRN4CL,374.8642,0.011701164697299283,0.04729036700106482,0.2474323089316649,0.8045736724567351,0.8144143289189415
LRRN4,255.53838,0.3662077108082394,0.06260889647927431,5.849132174521981,4.941443187249016e-09,6.562053476564002e-09
LRRTM1,271.8715,-0.21405779789947726,0.07944544139109447,-2.6944000077450934,0.007051548120494546,0.00809441070056092
LRRTM2,172.0389,2.5040561641332193,0.05030049708756868,49.78193674257096,0.0,0.0
LRRTM3,109.82422,3.4943041835078,0.09872977028759915,35.39260927407119,2.2184943929784336e-274,2.5503290427243325e-273
LRRTM4,90.50052,1.7536145276614088,0.06942751260630017,25.258207615841876,9.20243626901224e-141,3.9567560718230236e-140
LRSAM1,1285.1041,-0.07076971662171212,0.01219764261771137,-5.801917537652088,6.556080435939688e-09,8.685270796154095e-09
LRTM1,1.8451952,-0.0883749820675488,0.09890801248729107,-0.8935068033937524,0.37158583040792104,0.38923214248172794
LRTM2,38.214108,1.2093292782367548,0.0793407472376915,15.242221939425507,1.8545468413480223e-52,4.0119773821065125e-52
LRTOMT,580.75793,0.12250588526216692,0.018304950159312813,6.692500345314566,2.193892307467672e-11,3.0296041163762016e-11
LRWD1,1086.2671,-0.24015203193765705,0.014634672707832943,-16.409798615388237,1.627443812260384e-60,3.777577080584786e-60
LSAMP,607.7613,1.9917298161569363,0.04968295592186926,40.0887946218237,0.0,0.0
LSG1,2363.0332,-0.2509239309551419,0.011533197860983288,-21.756665755645752,5.973716605724599e-105,1.9720917200575178e-104
LSM10,1197.5465,-0.1751531570010724,0.012675663206593102,-13.818066490593445,1.98325525605221e-43,3.975297209605882e-43
LSM11,441.3634,0.41287140734440964,0.013353907589025577,30.91764748197846,6.918816422657062e-210,4.977391644836577e-209
LSM12,2294.7385,-0.29810997128310807,0.009615763078482251,-31.002216761164384,5.032137097619377e-211,3.661518197656644e-210
LSM14A,6170.7505,0.12797705487752906,0.009230455994675433,13.86465142690159,1.0372877288827946e-43,2.0855363294810205e-43
LSM14B,2624.9927,-0.08548024688487675,0.010898325085844787,-7.843429720765274,4.384045280902314e-15,6.425367351082731e-15
LSM1,1378.7317,-0.1808079880360856,0.013602186403975135,-13.292568022979442,2.5565107312105915e-40,4.982100313651424e-40
LSM2,1721.4772,-0.39204812086620017,0.01421820606393169,-27.573669920337966,2.3027647119854385e-167,1.2079872911958656e-166
LSM3,1853.5928,-0.20743418344782358,0.012121081959267296,-17.11350390541891,1.1770108939529683e-65,2.848302007605905e-65
LSM4,4655.4126,-0.6377903651929369,0.013811218205603687,-46.17915347497466,0.0,0.0
LSM5,1508.3823,-0.28138559866991447,0.012241880308424415,-22.9854884691427,6.511549792958497e-117,2.3559381950389555e-116
LSM6,568.34644,-0.1802457901275207,0.011778113240581341,-15.303451957524581,7.250670602254971e-53,1.5759197479588871e-52
LSM7,1840.2714,-0.8087521577932524,0.017847701794446027,-45.31407836749746,0.0,0.0
LSMD1,1647.1326,-0.4323180171581248,0.017551992251057937,-24.630709208071067,5.924269903705353e-134,2.4380879516785383e-133
LSP1,2915.5076,-0.40493478364747415,0.029408285058453554,-13.769411675743862,3.8937105051536005e-43,7.772891709473377e-43
LSR,7872.5317,-0.9084677796148588,0.02860093948914447,-31.76356426891743,2.063076056123185e-221,1.6235858301744075e-220
LSS,3179.2192,-0.03585693966646483,0.017669753866173036,-2.029283482839528,0.04242942466840711,0.04720331458055193
LST-3TM12,6.2304654,-0.09779938611994946,0.10223579071082552,-0.9566061497638879,0.33876608363889893,0.35602615614311084
LST1,423.51028,-0.1621281600524637,0.02831799017577793,-5.7252707217598235,1.0326892837485457e-08,1.3626625917322343e-08
LTA4H,4624.566,-0.12164061715209569,0.013849554533794462,-8.782998532933242,1.5917325119679932e-18,2.445742053672179e-18
LTA,41.828457,-0.8540901414258014,0.03565554413716395,-23.953922513149333,8.410208092348645e-127,3.2889632453347304e-126
LTB4R2,244.61418,-1.2602150551990368,0.02933774744075953,-42.95541291108786,0.0,0.0
LTB4R,839.0869,-1.3533917168655545,0.029784613894816833,-45.43929028742837,0.0,0.0
LTBP1,4074.0415,0.5250596600557735,0.0284464889306546,18.45780199221553,4.5133848230545785e-76,1.1931957098112994e-75
LTBP2,5877.433,0.7970655960150438,0.03070857008813588,25.955803012885532,1.5637289434860017e-148,7.144514712843695e-148
LTBP3,7576.6294,0.6427736937477527,0.02155738761929245,29.816863949345713,2.3617859706683105e-195,1.5130144926631887e-194
LTBP4,6189.498,0.6905750935194046,0.026727815421902966,25.83731901087175,3.3783186826851065e-147,1.5280868709350386e-146
LTBR,5802.561,-0.5488704799731159,0.018219384718689165,-30.12563203685429,2.2373992156135412e-199,1.4813401831114176e-198
LTB,681.0584,-1.3041114414679564,0.03852305532257773,-33.85275208697266,3.3060828551705984e-251,3.240661571902658e-250
LTC4S,85.57711,0.29503039001604786,0.033073977998284494,8.920317659742977,4.649526525036014e-19,7.197362418127145e-19
LTF,10691.743,0.012919068636828056,0.0626386280241797,0.20624763096409218,0.8365974834268889,0.8452328998604551
LTK,141.75272,-0.8147054560293273,0.04399478552353312,-18.518227702088367,1.472035948093908e-76,3.9078341201256846e-76
LTV1,1203.0734,-0.15899669981751105,0.01184419599940664,-13.424017959976036,4.373434280004168e-41,8.574609833070577e-41
LUC7L2,4223.95,0.12598268240710825,0.008376984895971697,15.039144032322477,4.067757529216109e-51,8.708251896667797e-51
LUC7L3,5105.631,-0.02229465078471117,0.01518533611166361,-1.4681697277406334,0.14205812499318674,0.1535769629745268
LUC7L,1843.7805,-0.17322580234806834,0.01725057945708234,-10.041738179232544,9.989808312026901e-24,1.6347762030749593e-23
LUM,15078.555,0.7064214837301671,0.04098663697192334,17.23540978036524,1.4402910352169807e-66,3.515511951322684e-66
LUZP1,2253.6694,0.21542103814954613,0.015383674232407515,14.003224125465191,1.4895676857402988e-44,3.0193258178003527e-44
LUZP2,419.29245,2.5534395489349833,0.0653913161274333,39.04860308911493,0.0,0.0
LUZP4,6.9539704,-1.9502908525828841,0.15552984270245018,-12.539656818878527,4.5295280493419714e-36,8.477354436160434e-36
LUZP6,8798.666,0.2804712190650542,0.011935833456334156,23.49825172168539,4.2501066002483785e-122,1.6023688939714211e-121
LXN,711.70294,0.16213299161605677,0.024609277148784123,6.588287442813708,4.4492863902319927e-11,6.113039655738504e-11
LY6D,4152.3145,-4.073626370319574,0.088970572901845,-45.78622163997663,0.0,0.0
LY6E,16295.385,-0.6130187173152534,0.028672657703482998,-21.379905680692698,2.0554446982146368e-101,6.576583154322142e-101
LY6G5B,126.863686,-0.12839060758683357,0.022494055376435274,-5.707757246891785,1.144745280443883e-08,1.5087634598664476e-08
LY6G5C,88.15641,-0.06107974047067797,0.020263669236257584,-3.014248789720106,0.0025761645627774554,0.00300527929942621
LY6G6C,153.89322,-2.0190650612105063,0.06488242292537821,-31.11882957164915,1.3399446680441972e-212,9.905567718486496e-212
LY6G6D,59.712257,-3.8338761841275946,0.10653931781335384,-35.98555221504383,1.4076442800963728e-283,1.7170898680935923e-282
LY6G6E,2.370165,-1.4971960185711035,0.08979463387748757,-16.673557805400954,2.0407760052036884e-62,4.820531232154762e-62
LY6G6F,2.3667207,-1.4100353178717164,0.07740122742872939,-18.217221673520218,3.7680759023240496e-74,9.797478581789952e-74
LY6H,151.5875,1.8234606867896206,0.053064996111334396,34.36277811014744,9.076321276916239e-259,9.375181373756353e-258
LY6K,529.0165,-1.2736311185454532,0.05025391411667407,-25.34391879582703,1.0486536742290058e-141,4.534736651153001e-141
LY75,1634.7083,-0.3894721314476765,0.03240849354333559,-12.017594428660713,2.8721154303484274e-33,5.220839111291396e-33
LY86,349.2332,0.37145354575276485,0.02971584338902414,12.500185200530606,7.447757659099736e-36,1.39147378344142e-35
LY96,287.7464,0.011718687582141089,0.029535745459421864,0.3967628851027643,0.6915423224207458,0.7049071317360418
LY9,130.02228,-0.6679643832039743,0.038278453167397614,-17.45014042973112,3.4338748188539317e-68,8.514219636712604e-68
LYAR,850.51135,-0.47696397026457377,0.015580043605899185,-30.61377633654231,8.025088720859804e-206,5.610672433653322e-205
LYG1,133.01624,0.1595450484026463,0.04706514955041951,3.389876584408393,0.0006992409558008671,0.0008311447115337373
LYG2,3.8360398,-1.0058716415155668,0.05889688394980332,-17.078520527042684,2.1448869963119504e-65,5.182501110599929e-65
LYL1,296.69583,-0.4021196546226253,0.027703818245866454,-14.514954258430551,9.742265630479735e-48,2.0259732989881196e-47
LYNX1,1931.4231,-0.12870146405401456,0.03894425924624454,-3.3047608696376845,0.0009505746652570344,0.0011248328747438514
LYN,2431.6743,-0.3031499761983124,0.02168556632437284,-13.979343295157392,2.0840210690015907e-44,4.2196504170863635e-44
LYPD1,1268.2579,0.5207703891561969,0.04791510648911459,10.868605484045123,1.6266810556129204e-27,2.7811219021853754e-27
LYPD2,127.98718,-2.419632716515504,0.10280672177062009,-23.535744305845398,1.757060909743694e-122,6.64783554385279e-122
LYPD3,3944.5173,-2.6994523654161893,0.052490170919744054,-51.42776863012264,0.0,0.0
LYPD4,1.1156304,-1.1859455626950062,0.09500934384731675,-12.482409778567263,9.312489241424389e-36,1.738906433698607e-35
LYPD5,330.70386,-1.1078144168252015,0.03566488695051258,-31.06176723235849,7.913301466766725e-212,5.7910461740439885e-211
LYPD6B,438.10168,-0.8308294790450338,0.05154968581047655,-16.11706193709104,1.9359719385099085e-58,4.4181653061454124e-58
LYPD6,312.6352,0.01788312360312335,0.040202546358804214,0.4448256447121044,0.6564457601898843,0.6710810560736056
LYPLA1,3606.2485,-0.3501526730494985,0.018079545810581472,-19.36733791423917,1.4559315389786922e-83,4.076648356768972e-83
LYPLA2P1,280.4025,-1.0345856723754814,0.02072258904332665,-49.925502562077384,0.0,0.0
LYPLA2,3802.7075,-0.604294439040361,0.01441091299700839,-41.933112715745935,0.0,0.0
LYPLAL1,974.44,0.1337945813150479,0.019962225095724585,6.702388169328048,2.0504048493766255e-11,2.832995746756615e-11
LYRM1,1303.1189,0.11161333524941824,0.01547829947086878,7.210955923128518,5.556043870687788e-13,7.882063770004367e-13
LYRM2,1841.5668,0.3062988540519,0.01066047066131784,28.732207402748532,1.5113646389716363e-181,8.758859289730585e-181
LYRM4,993.4108,-0.20588829529501607,0.013737916156373755,-14.98686503480322,8.947809142383718e-51,1.9093223596037115e-50
LYRM5,838.52576,0.4003919293137379,0.018816143720041645,21.279170443796534,1.7704707557373868e-100,5.62149315596654e-100
LYRM7,925.0305,0.46260959082786635,0.015269043747724285,30.297220865374374,1.2471660312880705e-201,8.432764274657531e-201
LYSMD1,535.7902,0.14731270805673402,0.01338794224052459,11.003386884268611,3.6804361530603026e-28,6.327478436088051e-28
LYSMD2,589.40027,-0.012857598280338967,0.018356703289807954,-0.7004306861285812,0.48365837811909895,0.5008590253873317
LYSMD3,1121.4872,0.3952379838157838,0.014305449511683098,27.62849105111988,5.061141670418496e-168,2.6694244369961182e-167
LYSMD4,492.06183,-0.30359356306063795,0.016761850888510895,-18.112174191260145,2.5545695346376763e-73,6.590860620414199e-73
LYST,2194.284,0.0016678173686457915,0.026847080968674546,0.062122856879368686,0.950464994992881,0.9524298288654852
LYVE1,519.69104,1.6796507436365007,0.040763529056813574,41.20474312455901,0.0,0.0
LYZL1,0.17290784,-0.5264475706607752,0.17924868078759187,-2.936967615871109,0.0033143871265226806,0.003849264546998018
LYZL2,0.8545999,-1.1262544062870277,0.1474286429787689,-7.639318815742059,2.1837396639512516e-14,3.166803605554778e-14
LYZL4,0.4394944,-0.2531587598988094,0.100875804723876,-2.5096083306772377,0.012086513660879868,0.013759188750942364
LYZL6,0.19339603,-0.7145366339527837,0.20638175763541972,-3.4622082985407876,0.0005357623314894034,0.0006389915235379475
LYZ,23340.084,-0.965078367895833,0.044672947247214594,-21.603194491628415,1.6761417127262065e-103,5.465177631228834e-103
LZIC,733.9118,0.13764062708348027,0.011340256059922569,12.13734737171535,6.696180509441142e-34,1.226849702949174e-33
LZTFL1,1112.8547,0.37019884234923855,0.015612811949444213,23.711221498598587,2.7622027729293327e-124,1.060450429079168e-123
LZTR1,2454.904,0.013252240691565753,0.012507017270608182,1.0595844240743846,0.2893337027764601,0.3056371532623853
LZTS1,1446.2598,0.12426864849207155,0.03816887911932991,3.2557583916352946,0.0011308994120819628,0.001335575214953111
LZTS2,4006.2031,-0.04413767372338038,0.014822713820534877,-2.977705314814455,0.0029041506043793034,0.0033805375731594187
M6PR,6640.9946,-0.03805935717960306,0.01105943479803703,-3.4413473992683885,0.0005788248605752659,0.000689825869955619
MAB21L1,92.867256,0.12853218791802182,0.060191947959194164,2.1353717943329804,0.03273065272816701,0.03659326517807535
MAB21L2,143.29489,-0.2834555692657474,0.07585927586929964,-3.736597351049357,0.00018652725270232003,0.00022550524571060174
MACC1,1505.0895,-0.1887725059842686,0.0422155758979365,-4.471631666014908,7.762504359707938e-06,9.699081027328705e-06
MACF1,12072.413,0.6107301509048245,0.017484673968039988,34.92945604940478,2.656023508171123e-267,2.9009647319128698e-266
MACROD1,792.2558,-0.5779066351523446,0.024142248385183494,-23.937564800593123,1.2451294112857817e-126,4.8636971765861915e-126
MACROD2,447.1009,0.3217773555592531,0.03658348071727358,8.795700935239871,1.4215775321633311e-18,2.1854486881607834e-18
MAD1L1,1491.9868,-0.47756274726961145,0.01691713000162157,-28.22953699734147,2.5385691579526005e-175,1.4055678402707913e-174
MAD2L1BP,1105.6289,-0.24492371241930425,0.01173710918693314,-20.867464766535228,1.0579785038006596e-96,3.2684953503607933e-96
MAD2L1,904.2316,-0.6993845282970115,0.02446913692528129,-28.582312912492373,1.1147455123486427e-179,6.35895317621351e-179
MAD2L2,1610.4445,-0.22370876659906322,0.01838480866323532,-12.168131346747202,4.594811680345881e-34,8.434385628001245e-34
MADCAM1,27.768787,0.0777958857805804,0.04968329246502012,1.5658359565311246,0.11738702610654393,0.12765102363546244
MADD,3013.211,0.08891451995460262,0.013774710938030274,6.454910041641646,1.0828320530762182e-10,1.4789600005755217e-10
MAEA,3052.0784,-0.23199710530069265,0.009947988699521276,-23.321006115724376,2.7144025571658626e-120,1.0073372523029492e-119
MAEL,54.598034,0.35159852025616556,0.06092343088981217,5.7711543017345255,7.873033916192282e-09,1.0413662779350225e-08
MAF1,5664.257,-0.24439948383159105,0.011394416248139048,-21.449057021372788,4.660030363898003e-102,1.5004516555211045e-101
MAFA,5.662415,-0.3055644763473511,0.06516281828651979,-4.6892458672335104,2.7421375271732282e-06,3.459790401321254e-06
MAFB,2611.135,0.42460614092690824,0.0254916555570776,16.656671826440828,2.70673467859185e-62,6.386927598684686e-62
MAFF,1725.0813,0.1946752929961396,0.023547738828323637,8.2672605813846,1.370721430021351e-16,2.0546692382421354e-16
MAFG,1937.7994,-0.06583429698997727,0.015937760882382468,-4.130711802982953,3.616417251307253e-05,4.451698338434268e-05
MAFK,2391.0078,-0.20014841163244912,0.01809650453568585,-11.060059208548344,1.9596811997947015e-28,3.380254981497952e-28
MAF,2861.1816,0.6175141805039699,0.02508346288530049,24.618378384503202,8.030103978388364e-134,3.3020579053930255e-133
MAGEA10,47.086468,-0.871570048236488,0.13860301624005783,-6.288247340353294,3.2107008375186063e-10,4.35371375722934e-10
MAGEA11,87.481445,-1.5731802285598577,0.11580883194679883,-13.584285430687682,4.963524216409145e-42,9.804248522545241e-42
MAGEA12,162.7336,-0.43604656316440193,0.0989500089818889,-4.406735963452138,1.0493997885023036e-05,1.3077511350993694e-05
MAGEA1,133.68901,-0.7956914398787402,0.12567090002258427,-6.331548829010908,2.427123326777612e-10,3.297331096347618e-10
MAGEA2,201.94162,-0.7580945176080296,0.11446177925870372,-6.623123653307911,3.516865835615751e-11,4.8388099984659776e-11
MAGEA3,379.6686,-0.9462331776818929,0.11832854356249653,-7.996660393120864,1.2783920736348564e-15,1.890656997467096e-15
MAGEA4,547.9305,-1.8807273953496495,0.13353262056526594,-14.084404150747702,4.736367665204044e-45,9.640842761036706e-45
MAGEA5,2.86758,-0.8194372615727227,0.07216706118448518,-11.354726770402136,7.025919456548641e-30,1.232365763900007e-29
MAGEA6,528.70135,-0.9319606725852921,0.1122048665567577,-8.30588459471024,9.907849902157975e-17,1.4874560589782037e-16
MAGEA8,9.308245,-1.0886846063550593,0.06961309142865463,-15.639078570024937,3.943935285131748e-55,8.736217872918861e-55
MAGEA9B,202.76378,-1.6594087322285216,0.11382469110641787,-14.578635936530626,3.84115111322653e-48,8.024009389921909e-48
MAGEB10,0.49031293,-0.24965981327011907,0.19219080341662348,-1.2990206026087345,0.19393685880628775,0.20774284480886102
MAGEB16,2.3382576,-1.4568839248879373,0.17919964390751036,-8.129948771772522,4.29471894050137e-16,6.392468409830924e-16
MAGEB18,0.4440711,-0.9828752663557788,0.15515597142543566,-6.334756292819357,2.377167148049301e-10,3.229894952424968e-10
MAGEB1,14.445718,-0.8193819512723596,0.18190294106723068,-4.504500842399898,6.6529134049182585e-06,8.32493325204246e-06
MAGEB2,89.38513,-1.5620531661343835,0.12912187192367322,-12.097510227064765,1.0886302201543388e-33,1.988285875313733e-33
MAGEB3,0.7370074,-1.0216272270962858,0.1589095581635746,-6.4289853857920045,1.2845847549234746e-10,1.7522854958450263e-10
MAGEB4,1.1056631,-0.22105858103551063,0.16260647617184662,-1.3594697224844252,0.17399779050731412,0.18707335323924842
MAGEB6,2.8903682,-1.2848427362734782,0.11801739606242796,-10.88689277294198,1.3310436790271425e-27,2.2779689190747808e-27
MAGEC1,91.931046,-0.2973625179480617,0.1208007766982692,-2.4615944207941687,0.013832098394430892,0.015711207945336897
MAGEC2,148.36476,-0.6390261206232482,0.13737747846300824,-4.651607583519007,3.29357372740725e-06,4.14680689649253e-06
MAGEC3,4.1826463,0.3376964014209132,0.07166831333734594,4.71193454534588,2.453762005432111e-06,3.0974789601061725e-06
MAGED1,11618.867,0.2902596438416934,0.01809481451265187,16.041040024960978,6.60390952448991e-58,1.4998772200924817e-57
MAGED2,12905.126,0.21128091108895966,0.020955083251909697,10.082561283535107,6.5983298597682865e-24,1.0830006257257542e-23
MAGED4B,1506.7467,1.21595021104079,0.039166672253413914,31.04553287482327,1.3107739232182756e-211,9.57862394213958e-211
MAGED4,547.4513,0.4059503644255258,0.042706369158019945,9.50561643214034,1.9886665667619215e-21,3.1633145271275852e-21
MAGEE1,311.6267,0.8303807527987439,0.0268120298177794,30.97045462213039,1.3478016887532524e-210,9.785982375651735e-210
MAGEE2,18.87541,1.272170532685142,0.061195994339524336,20.788460852959652,5.504833197941916e-96,1.688862252515061e-95
MAGEF1,2522.7732,0.04138803405374204,0.014907746023183385,2.7762771105288846,0.00549853215964884,0.006334575386956243
MAGEH1,1227.0646,0.8923365082402082,0.023862379141386697,37.39511902618912,4.690454996391226e-306,6.806341644442549e-305
MAGEL2,85.57954,0.8057410648033232,0.046571276643316985,17.301244949207284,4.603328886884006e-67,1.1303723653126458e-66
MAGI1,1292.3896,0.7187318660420569,0.024322049161713464,29.55062960621953,6.4459014150770846e-192,4.019360089113457e-191
MAGI2,646.67194,1.4659849839815278,0.029531517012351325,49.64137072160537,0.0,0.0
MAGI3,1136.3391,0.4536596625655727,0.02206432613477638,20.56077578777914,6.16396387809885e-94,1.8607968652760155e-93
MAGIX,302.93332,-0.7152945388751557,0.02735638691652363,-26.147259177823223,1.0588565535605637e-150,4.917258342595693e-150
MAGOHB,659.0298,-0.3858243359269105,0.01412768926265235,-27.30979771383189,3.244808883160907e-164,1.666525329270255e-163
MAGOH,1272.585,-0.41814074470476587,0.012797937808012574,-32.67250950719381,3.839004284437177e-234,3.3188232792720375e-233
MAGT1,5450.9126,0.13470776853699912,0.012059609963133718,11.170159644366723,5.707820112145244e-29,9.90584857754369e-29
MAG,418.48135,3.1662602117739866,0.0782723143163743,40.451853754777964,0.0,0.0
MAK16,981.2676,0.02946428133449648,0.012942291621979888,2.2765892003590236,0.022810768393356547,0.025671886883380096
MAK,45.456387,-0.23082796112128337,0.03620039515467409,-6.376393410486834,1.8130683123187207e-10,2.467891807882385e-10
MAL2,9863.127,-0.5814160606556948,0.0413982529427286,-14.044458867866735,8.330224199665226e-45,1.6913836090653669e-44
MALAT1,24939.982,-0.799419354087541,0.039887134028782634,-20.04203544708623,2.368799852620128e-89,6.928084499280734e-89
MALL,4409.0645,-0.7986396483682436,0.03823071756742083,-20.88999891147276,6.602090543059718e-97,2.042114271743434e-96
MALT1,1387.724,0.039627018094930126,0.01707870026831089,2.320259590740467,0.020326838693032607,0.02291820950055108
MAL,2341.4543,-0.36750412120444315,0.057951055642694996,-6.341629451417401,2.2734760771259352e-10,3.0900393520399837e-10
MAMDC2,365.74988,1.3505835385813285,0.04211715512876947,32.06730213500981,1.2600034530155022e-225,1.0224157154221845e-224
MAMDC4,375.10464,-0.1607601863925689,0.03091211991167116,-5.2005552143278395,1.9869408017213456e-07,2.5643187183673455e-07
MAML1,2591.5205,0.041482567155022375,0.011029657191311524,3.7610023988505965,0.00016923380680326604,0.00020486568395217586
MAML2,939.5927,1.2242608752726656,0.02422892647639801,50.52889472693923,0.0,0.0
MAML3,903.28955,0.029077244736647554,0.021333769851069825,1.362967958294976,0.17289260908582993,0.18592439406182187
MAMLD1,530.1327,0.9813624191282373,0.028943013274473847,33.9067121250207,5.304776227042823e-252,5.2173883674572386e-251
MAMSTR,141.07571,-0.19333375455010005,0.033183075185607584,-5.826275999698613,5.6677853428593635e-09,7.519252039311468e-09
MAN1A1,2343.2131,0.5334378646908263,0.02964952367216495,17.991448044462825,2.2733888145145135e-72,5.821144871676641e-72
MAN1A2,1517.8949,0.4145160415451706,0.017010472696877995,24.36828469918114,3.7107973056033957e-131,1.5016522032355303e-130
MAN1B1,4396.1577,-0.1675074201596458,0.011501588923637103,-14.563850375090222,4.7694045719010327e-48,9.947782776286561e-48
MAN1C1,1103.578,0.7823695013252173,0.030985212090934917,25.249770730280353,1.1391486967850134e-140,4.8938443380135235e-140
MAN2A1,1363.2593,0.35861202954986865,0.02353409512772213,15.237978244060015,1.978998336592423e-52,4.2784779796840965e-52
MAN2A2,3230.9365,0.16744339100340644,0.016628611219087472,10.069595638341903,7.528697224789186e-24,1.2345098807948053e-23
MAN2B1,6162.2495,-0.3051033972249684,0.015506434308448124,-19.67592234010521,3.4680915090539025e-86,9.905566082046633e-86
MAN2B2,3493.2593,0.09918476550124866,0.013257785634590083,7.481246735689534,7.362080718562278e-14,1.0591802794799619e-13
MAN2C1,2673.8345,-0.018804751302617276,0.014209644761397574,-1.3233794101385936,0.18570923549354235,0.19918103073506632
MANBAL,2928.8376,-0.040028010667357374,0.011368062412642127,-3.5210934998776278,0.00042977104794109794,0.0005141141527136032
MANBA,1834.0361,0.0718654664179295,0.014705666669666653,4.886923390298669,1.0242392550963952e-06,1.3045850221788983e-06
MANEAL,960.0815,0.061316032435431024,0.02655759823583187,2.3087943379120257,0.020954996377098387,0.0236159851226873
MANEA,941.9247,0.37342876019387666,0.017629524500980324,21.18200976850575,1.3993323410809013e-99,4.415531173599825e-99
MANF,3279.2214,-0.4233192200898055,0.01609643596088958,-26.298941027589468,1.9719518940686313e-152,9.28253609510827e-152
MANSC1,1843.0436,-0.33914561649214475,0.022247143592339813,-15.244456668536996,1.7921755512824004e-52,3.877872467696715e-52
MAOA,4941.229,0.29180867700566454,0.03671400412162124,7.948157221941791,1.8930630723437865e-15,2.7922097435229405e-15
MAOB,3441.8809,1.0387168922447356,0.044041595467200045,23.58490606949786,5.5062358845945295e-123,2.0902751514909572e-122
MAP1A,2989.1692,1.6948254979472983,0.03714550073380131,45.62666983797199,0.0,0.0
MAP1B,5696.4897,1.6630378438796964,0.03462352521752755,48.03201965806223,0.0,0.0
MAP1D,148.74896,0.1287926793970041,0.016138521084602734,7.980451165372348,1.4579937699219323e-15,2.1543979650051257e-15
MAP1LC3A,1039.3755,-0.1331389759520167,0.023283738697368512,-5.718109865537352,1.0771549279289524e-08,1.4204156472378743e-08
MAP1LC3B2,656.1443,0.15998850879222182,0.013220931567150549,12.101152477767757,1.0413879375739144e-33,1.9031972191263307e-33
MAP1LC3B,4494.6665,0.38268679784029574,0.013106623891479208,29.197968981858523,2.057838133433358e-187,1.245778369270584e-186
MAP1LC3C,34.13276,1.3207701355295796,0.049218937423123735,26.834592632003137,1.2762125371079227e-158,6.260821938067518e-158
MAP1S,2414.9536,-0.1234485000916428,0.014455252777255359,-8.540044369606807,1.341703073742248e-17,2.03742320267908e-17
MAP2K1,2904.3694,0.17168798585299194,0.012011349502837864,14.29381318164358,2.3914802670008426e-46,4.917994621805066e-46
MAP2K2,5754.3003,-0.447923708341188,0.012996837762098618,-34.46405322127073,2.7734543828089246e-260,2.886746307750864e-259
MAP2K3,3007.2654,-0.34786660470398123,0.015776584432319822,-22.04955110507593,9.647589681060819e-108,3.259463629550568e-107
MAP2K4,1653.4158,0.2785491104649007,0.011918664322501375,23.370832748349564,8.4636616819967e-121,3.153581408926992e-120
MAP2K5,767.7858,0.10334191056228258,0.011498557055809266,8.987380769665572,2.531921954966247e-19,3.9313147560370515e-19
MAP2K6,366.5847,-0.7348112475704756,0.02798495801830812,-26.257364656032454,5.889385856958011e-152,2.7595398541267697e-151
MAP2K7,1993.6345,-0.0967039065937261,0.009433137996775937,-10.251509797352442,1.1650923782480481e-24,1.9322349078488115e-24
MAP2,3346.9597,2.0945573264469877,0.043576109588702144,48.06664353969859,0.0,0.0
MAP3K10,732.768,0.06500789076769102,0.017593392179713285,3.6950174306152728,0.00021987170312223235,0.0002653763341158127
MAP3K11,4996.8413,-0.37618417908196305,0.014490210793358577,-25.961263396829448,1.3567878469684407e-148,6.201805966868093e-148
MAP3K12,598.8361,0.6181533328029686,0.024063343388697162,25.688588772469686,1.5678323865226245e-145,6.986101894772185e-145
MAP3K13,157.76617,0.15781767429464644,0.02722190513936798,5.797451482057091,6.733025091298302e-09,8.916779928038907e-09
MAP3K14,1179.4728,0.15134555787733053,0.017851831683843317,8.477872778416616,2.2934855307803432e-17,3.4718619913121426e-17
MAP3K15,32.851986,-0.08138458545791732,0.06272734380458504,-1.297433950199698,0.19448191743323873,0.20830478519693327
MAP3K1,2263.2722,0.3150182096987484,0.021808430884622258,14.444790244899124,2.7037914718239873e-47,5.602696241716494e-47
MAP3K2,1183.3379,0.25395780276312135,0.017551710491571528,14.469119855017773,1.898863953901464e-47,3.9383630030032504e-47
MAP3K3,1857.1234,0.4421302440130721,0.014597951158938628,30.287143668263788,1.692938945297063e-201,1.143548241118212e-200
MAP3K4,1414.9723,0.0713604376751718,0.012757080265717941,5.593790756881766,2.2216468070119725e-08,2.913210572198683e-08
MAP3K5,1788.4438,0.32228237676437554,0.022499479124242498,14.323992790443143,1.5495838415121352e-46,3.1905316979516143e-46
MAP3K6,1747.2607,-0.22444213303230842,0.020409895445383297,-10.996731150971037,3.9623614622681776e-28,6.8092949278566575e-28
MAP3K7,1423.6168,0.18404848498625073,0.011095635136339207,16.58746729905306,8.586569295129568e-62,2.0149142955226242e-61
MAP3K8,527.8346,-0.09312648515650553,0.024687988684354373,-3.7721373882321556,0.00016185508801887756,0.00019602663515623606
MAP3K9,255.78203,-0.2912939162395683,0.025645913996562422,-11.358297320914877,6.744635049617434e-30,1.183639556720639e-29
MAP4K1,472.56232,-0.9226169307763872,0.03280533570819637,-28.123989919904176,4.986464082986561e-174,2.7400653782867315e-173
MAP4K2,944.497,-0.3340740274873598,0.014470759806762589,-23.086142811328937,6.379913576704939e-118,2.329005926271039e-117
MAP4K3,1618.122,0.2505569541377305,0.013379429165507245,18.72702871238164,2.980957200400719e-78,8.011789787849272e-78
MAP4K4,7290.6406,0.6070534800310566,0.0173284372727882,35.03221153036957,7.276101190432358e-269,8.077107095747676e-268
MAP4K5,1870.9175,0.4177058602753387,0.012501649563882314,33.41205959588765,9.160333113629416e-245,8.574492959097989e-244
MAP4,14715.074,0.5502011905943145,0.01312674922005437,41.91450460207966,0.0,0.0
MAP6D1,256.61978,0.7564125109250757,0.029419611444244643,25.7111659125278,8.768568188829306e-146,3.917473771261265e-145
MAP6,538.82776,0.9769569322574254,0.03996176358630721,24.447292726394515,5.377343035053046e-132,2.1847401087735975e-131
MAP7D1,5628.346,0.16208036352802116,0.016485849359018,9.831483959263576,8.239557052532144e-23,1.3339892010536933e-22
MAP7D2,311.0072,0.05369578100808079,0.0486460293738012,1.1038060392447813,0.26967728454546336,0.28561409957140343
MAP7D3,523.5182,0.5668058488877054,0.0223333503449523,25.379347036295105,4.263888669317986e-142,1.8501387344127212e-141
MAP7,2450.8315,-0.2386401182711708,0.024316624528908776,-9.813866969384007,9.81341844891747e-23,1.5877881761226317e-22
MAP9,750.24585,0.7923522112426213,0.030308349242122588,26.143034215186127,1.1827154196066156e-150,5.491197999491696e-150
MAPK10,622.2571,1.396844726632146,0.037444658063486805,37.304245755531234,1.4005664587633914e-304,2.0052132583659556e-303
MAPK11,627.20886,0.1259466879512675,0.023566556586724526,5.34429743640255,9.076841691500522e-08,1.178091419082361e-07
MAPK12,670.34644,-0.013676046754162723,0.027399641875174217,-0.49913231773127925,0.6176861716075382,0.6332379660485358
MAPK13,2486.9968,-0.9445819183476141,0.02872701415520599,-32.88131210728123,4.0661860740851525e-237,3.5899168379141206e-236
MAPK14,3153.6667,0.04455426627889082,0.011536598456657932,3.8619933289936026,0.00011246563821144959,0.00013673043881206869
MAPK15,287.7696,-0.7348425468365302,0.04858968995907664,-15.123425308032044,1.1348285401725862e-51,2.4399592617355246e-51
MAPK1IP1L,4442.946,0.14094769628391854,0.009551443438970983,14.756690670316468,2.7862070780353875e-49,5.878175119349477e-49
MAPK1,7299.08,0.4900601826281081,0.011886054257605376,41.22984566678547,0.0,0.0
MAPK3,3690.682,0.0074034227875416645,0.014248126122092173,0.51960676962723,0.6033376787916469,0.6192454024258489
MAPK4,638.271,1.7484645131786691,0.0576930917758176,30.306306342062747,9.467394571184318e-202,6.412065405014688e-201
MAPK6,3034.7593,-0.2152461287623299,0.017739866994393276,-12.133469142150778,7.0210766108698295e-34,1.2859130867281292e-33
MAPK7,1031.6058,0.19702783779470073,0.01365789098508268,14.425934282964846,3.5542414534877947e-47,7.358975058635006e-47
MAPK8IP1,1817.9259,1.098936481691937,0.03544690505405363,31.002325309251923,5.015213701180742e-211,3.65050896468855e-210
MAPK8IP2,878.7855,0.3267145624019604,0.04180381009119063,7.815425476511995,5.477767898129832e-15,8.01796510446655e-15
MAPK8IP3,3138.6013,0.02825281542935597,0.02224232295864503,1.2702277312439982,0.20400352226219698,0.2181473664444597
MAPK8,519.5095,0.31270191162408645,0.015551364054017965,20.10768383647314,6.32071399259397e-90,1.8544951170949797e-89
MAPK9,2235.1064,0.2450618799125538,0.011663896640674892,21.010292483042278,5.280852532998767e-98,1.647959483741905e-97
MAPKAP1,3748.1099,0.09804924033871268,0.008237881876595918,11.902239168696223,1.1521363452649135e-32,2.0814929322254305e-32
MAPKAPK2,7048.1606,-0.12543292155086616,0.012524782053994682,-10.014778780989671,1.312552198452492e-23,2.144987173566727e-23
MAPKAPK3,2897.9978,-0.14267890072854805,0.01696047019148235,-8.41243781084573,4.0157575265832506e-17,6.057854733529075e-17
MAPKAPK5,1214.4602,-0.18431671884309764,0.00871913612056886,-21.139332646531997,3.4593464173528023e-99,1.0875360363015087e-98
MAPKBP1,1360.414,0.02342604516987877,0.01805231558184024,1.2976753626800235,0.19439891319970792,0.20822683610421705
MAPKSP1,2027.2168,0.19817877167866269,0.010749322071529371,18.436397231371316,6.706362839430418e-76,1.770879909830919e-75
MAPRE1,6835.926,0.11730009729282223,0.01037827633382736,11.302464255118135,1.2758670469841563e-29,2.229263406243601e-29
MAPRE2,2406.6245,0.7922098886561164,0.021320143588324392,37.15781206510994,3.278909845980496e-302,4.619745713101517e-301
MAPRE3,1166.2316,0.24381154622071372,0.023149896784789216,10.531863208172556,6.160289037564636e-26,1.035650904341688e-25
MAPT,2647.9517,1.8272057902284329,0.05008085854453115,36.485113141654885,1.909948147512618e-291,2.4720047256967188e-290
MARCH10,23.503792,-0.22606143681429786,0.052024747465864114,-4.345267354976157,1.3910613262793777e-05,1.7288698822856876e-05
MARCH11,17.137249,-0.39010343151274773,0.09918364274295363,-3.93314281190244,8.384239029131104e-05,0.00010230429870786944
MARCH1,191.12265,0.6380544180370172,0.02843561335762109,22.438567088830204,1.6549153729852154e-111,5.7613580845769495e-111
MARCH2,1490.9701,0.22992816713525144,0.014529958318346619,15.824420283775133,2.111347885868293e-56,4.726735386891641e-56
MARCH3,327.4271,0.29647739411577395,0.02688569911357561,11.02732693925267,2.821261456149903e-28,4.85734139414426e-28
MARCH4,115.98761,0.6668278309673654,0.05389814965132048,12.371998580308006,3.704865769359076e-35,6.877038858349875e-35
MARCH5,2038.7783,0.07123521974005387,0.010792747327814151,6.600286060294631,4.103651821640931e-11,5.642348040574574e-11
MARCH6,4445.3623,0.08958504778758707,0.014046762300036127,6.377629654013343,1.7984977759970256e-10,2.4487137177505143e-10
MARCH7,3323.3333,0.10240574094021493,0.011398517349399846,8.984128180987222,2.6079361436265777e-19,4.049033169228513e-19
MARCH8,563.5395,0.6660620240579057,0.020928027459650205,31.826316423852706,2.79998036042955e-222,2.2180856092601255e-221
MARCH9,1240.7639,0.1632354183859343,0.020704285494228925,7.884136761514145,3.167172688030851e-15,4.652270472988462e-15
MARCKSL1,12779.1455,-0.03279655780912198,0.023666009550866104,-1.3858085258789108,0.16580537829624808,0.17851040173100552
MARCKS,9955.626,0.6737948090329304,0.021014862695181217,32.06277475167297,1.4570678619576165e-225,1.1813797133251737e-224
MARCO,709.6022,0.7642779554522541,0.055529393663300806,13.763484616569167,4.226538044466646e-43,8.432780090875778e-43
MARK1,599.27954,0.02423278089088164,0.031425325512839775,0.7711226692299687,0.4406342249762045,0.4581182813956975
MARK2,3311.2615,-0.3448844764023163,0.011859115360063751,-29.081804665104652,6.098623191969135e-186,3.657197925340195e-185
MARK3,2849.0156,-0.05380827739059004,0.00991415465662125,-5.427419609059028,5.71746047255607e-08,7.44494900932325e-08
MARK4,1992.7659,-0.059252412910719046,0.012501386288526364,-4.739667389135896,2.1406932755773546e-06,2.706643547228876e-06
MARS2,505.95627,-0.3183624870961792,0.016341721355733172,-19.481576032655088,1.5736019223286539e-84,4.431727975748937e-84
MARS,4849.8887,-0.1693582778866414,0.011557578465960127,-14.653439592510024,1.2806502198421192e-48,2.6854215496720264e-48
MARVELD1,2104.9355,0.2706689544908644,0.024043749349283255,11.257352194071723,2.1306448883785393e-29,3.715124981371932e-29
MARVELD2,798.7557,-0.1753799875580187,0.03009516454998994,-5.827513827568599,5.625918986789339e-09,7.464682263558666e-09
MARVELD3,659.72516,-0.5790252850884694,0.03359448983764016,-17.235721926031875,1.4325372935154008e-66,3.49700560655636e-66
MAS1L,0.82892483,1.0991441100440815,0.07440390112638194,14.772667741938466,2.1983618219330696e-49,4.6413406961252065e-49
MAS1,0.7477711,0.7615037006870115,0.10384929389622713,7.332776874226558,2.254320917155056e-13,3.2169145266951555e-13
MASP1,1087.0265,1.9275398662430732,0.05392221857342153,35.74667209989696,7.452230215517538e-280,8.862146901736073e-279
MASP2,474.49585,-0.3927591160024514,0.056347762958173786,-6.970269898629185,3.163335168480203e-12,4.4369507885007545e-12
MAST1,276.91638,1.0274408390989191,0.0461103130147317,22.282235186099555,5.494637602374272e-110,1.8854766045295432e-109
MAST2,2963.3723,-0.0798803541724001,0.015095122705297512,-5.291798929489107,1.2111901563163378e-07,1.5692134652185516e-07
MAST3,1237.9395,0.20095436817976647,0.01872867710956357,10.729768418995894,7.37808434717805e-27,1.2537385796193798e-26
MAST4,1212.125,0.08115120940053987,0.027288696541275095,2.973803064495802,0.0029413378485241247,0.0034230420291587204
MASTL,741.49945,-0.3154132921246634,0.015718810163871864,-20.065977566776,1.4638354242636667e-89,4.2856234401184916e-89
MAT1A,1925.1531,0.010723790099063425,0.07256876318463205,0.1477741886240995,0.8825209801579372,0.889203436357292
MAT2A,10097.597,0.1732298340592333,0.013177238180196818,13.14614122400616,1.7908306037175434e-39,3.462442569903653e-39
MAT2B,3579.0645,0.20236522037036306,0.012179978583849794,16.61457932600078,5.465689987497441e-62,1.285090454503527e-61
MATK,236.43835,-0.25222607019835785,0.03314696473054313,-7.609326291222836,2.7552835221627866e-14,3.9908094214365516e-14
MATN1,10.792144,-0.0549997155433079,0.03724027585640493,-1.4768879735311773,0.13970566923417044,0.15114612179500883
MATN2,3153.66,1.0547345995600526,0.030514347196790442,34.56520281289162,8.42494997015707e-262,8.83686534994476e-261
MATN3,337.81006,0.6960636933316763,0.04054114532902783,17.16931496834867,4.5070767257052196e-66,1.0952443907690686e-65
MATN4,18.668932,0.3567659393924581,0.04821536041384383,7.399424920404032,1.3677552777613697e-13,1.959339269627338e-13
MATR3,13204.758,0.36709053433190464,0.009097056610624025,40.35267120391412,0.0,0.0
MAVS,5843.2964,-0.014592226999473315,0.012696438343702758,-1.1493165724473304,0.2504254669370479,0.2660688905840392
MAX,2926.124,-0.032105512739537045,0.009422890519131984,-3.407183037344101,0.0006563709430414774,0.0007809628910865196
MAZ,11185.123,-0.39349345985658796,0.01266060085584898,-31.080156805891306,4.466355248424998e-212,3.2826904874615354e-211
MBD1,2345.7327,0.018568836497989235,0.008998224245101067,2.063611218413314,0.03905459307649573,0.04352726011082151
MBD2,3158.874,-0.2277553552044596,0.01333435702891708,-17.08034026016748,2.0790291633379083e-65,5.024567276400342e-65
MBD3L1,0.47127017,-1.096953087693363,0.15610653517423945,-7.02695173183487,2.110943495594472e-12,2.969029266100715e-12
MBD3L2,0.32546842,-0.6837008943951466,0.26178016559777423,-2.6117368091425783,0.0090083574930087,0.010305172231284156
MBD3L5,0.47269243,-0.7376491374759881,0.20279883416123348,-3.6373440731396243,0.000275463848273581,0.00033176576473034993
MBD3,4698.0776,-0.19758947356582948,0.015255160208035091,-12.952304064414646,2.2800644340711256e-38,4.360716938774452e-38
MBD4,1661.7931,-0.12157668060334918,0.01082665772140096,-11.229382486437123,2.9251570573471613e-29,5.092199446817516e-29
MBD5,590.8523,0.6433831092903102,0.014653296291586253,43.90705657536817,0.0,0.0
MBD6,3629.6882,-0.23274290462585012,0.012899662762853861,-18.04255730592132,9.026831946064615e-73,2.316909626701078e-72
MBIP,1160.7406,0.47156764978532845,0.021961826470744197,21.47215079827324,2.8358567245974003e-102,9.154147305545976e-102
MBL1P,20.847998,-0.12884589580674058,0.03785578761785316,-3.4035983376548633,0.0006650446948748095,0.000791144381381106
MBL2,139.7474,-0.10527803742938634,0.1540516582710189,-0.6833943795929385,0.49435767056197377,0.5115699814461332
MBLAC1,112.00922,-0.26037828224231513,0.019691816249579188,-13.222664630941772,6.492255689961774e-40,1.2606183461319197e-39
MBLAC2,405.69977,0.3406233571870844,0.015262278339879181,22.317988808857017,2.471600542906072e-110,8.511386240362774e-110
MBNL1,6415.036,0.1985431073602015,0.015418474559704198,12.876961763720065,6.067749625914686e-38,1.1562459250654913e-37
MBNL2,3186.173,0.5494301263564488,0.018042419701541634,30.452130891817287,1.122561532966282e-203,7.710603997861179e-203
MBNL3,227.36765,0.18909091513517737,0.03269707653499433,5.783113818533629,7.3330411245857964e-09,9.704458154929944e-09
MBOAT1,1141.186,-0.41666295338152637,0.0261062166093712,-15.960296339223632,2.4158163514670794e-57,5.45999168511526e-57
MBOAT2,1517.0677,0.038254155989897586,0.027753161083333144,1.378371129509665,0.1680887323459287,0.18091131855734627
MBOAT4,12.513893,-0.22411438471422981,0.03812827363794482,-5.877905379151333,4.1549028536757965e-09,5.524042787042744e-09
MBOAT7,4235.366,-0.554776815833038,0.015465133342771498,-35.87274700688851,8.129199901549671e-282,9.810455293162405e-281
MBP,9367.236,2.390442436680015,0.037145515595514086,64.35345958607986,0.0,0.0
MBTD1,1177.132,0.09877997362739874,0.015480487708960563,6.380934211150335,1.7601091538484734e-10,2.3969272416856904e-10
MBTPS1,6097.918,0.16019847269849224,0.009657362975785904,16.588221142786185,8.479483239134547e-62,1.990014977124383e-61
MBTPS2,1268.7091,0.40733923965563135,0.013499065572983684,30.175365654261174,4.986628062082702e-200,3.3242554261932463e-199
MB,475.83362,-0.39946048682357355,0.05439074314634114,-7.344273376607563,2.0687989590286236e-13,2.9540382947723206e-13
MC1R,494.4051,-0.4934754126525103,0.028045601008673867,-17.595465773755024,2.66852698605546e-69,6.673448091033425e-69
MC2R,6.8678627,-2.649837946265194,0.12702202703048807,-20.861247519134416,1.2048746179588247e-96,3.7200549510196716e-96
MC3R,0.659135,-0.46015715419812153,0.12651272036138225,-3.6372402149261154,0.0002755749052642085,0.00033187988738680985
MC4R,6.2235427,0.037904399679660895,0.06800995545544732,0.5573360462571059,0.5772978519891159,0.5935663334501494
MC5R,2.7197175,0.8389919012614164,0.07254295004709362,11.565450546424671,6.166675308951129e-31,1.0961961286556889e-30
MCAM,6744.0576,1.0005059112959125,0.027147844262520898,36.853972699304386,2.525984975386087e-297,3.4193170288487596e-296
MCART1,404.37,0.012566670478292836,0.011771538619132278,1.0675469779174178,0.28572491190834604,0.3019816997114685
MCART2,14.5841675,-0.1896045293441649,0.018699312058395156,-10.139652664871216,3.68407140669299e-24,6.0707413815348104e-24
MCART3P,1.5578197,-0.49006649170542904,0.04293152568091986,-11.4150728149694,3.516093865213459e-30,6.193472486752104e-30
MCART6,71.04826,1.5482404829320409,0.03309020795086401,46.78847848980094,0.0,0.0
MCAT,872.0093,-0.4122789249588149,0.012596174051453775,-32.730488104936285,5.7548410115078544e-235,5.006957613388394e-234
MCCC1,1665.6768,-0.03029482535057983,0.01648935262003955,-1.8372355815693124,0.06617512503802715,0.07290364559790015
MCCC2,5631.3945,-0.11299323080539427,0.02089796474291061,-5.406901207627212,6.412448928934415e-08,8.34138698767975e-08
MCCD1,23.892323,1.5176178310709743,0.1254325495199655,12.099075055708807,1.0680780722793122e-33,1.9512743605109938e-33
MCC,1529.4457,0.3963553954853199,0.026172970786576,15.143691509739078,8.33979978741566e-52,1.7946304182644057e-51
MCEE,315.99692,0.010215297934909327,0.015871913392149595,0.6436084725589489,0.5198293547664369,0.5367553803159653
MCF2L2,106.883606,1.2338676446192953,0.040744971870728286,30.282697176328686,1.937259213147252e-201,1.3081479376605276e-200
MCF2L,1870.9077,0.23746692535963576,0.02558802454249436,9.280393059076186,1.6885449537399665e-20,2.6587074024123727e-20
MCF2,42.85105,1.0665120200608944,0.05729917517411974,18.613043151493823,2.5189562496582245e-77,6.721288373105084e-77
MCFD2,5985.0376,0.4261835139614481,0.01376968282086692,30.950859181418398,2.4738959205195477e-210,1.7892023817356118e-209
MCHR1,137.21754,1.1204123585032082,0.05381708146114418,20.818898537114904,2.9181627718147523e-96,8.979878456979526e-96
MCHR2,2.7408319,2.4806386786702155,0.10931117888716045,22.693366807716203,5.209352621263093e-114,1.8454360538767237e-113
MCL1,19125.53,0.1390524191286233,0.014674156542599221,9.476007614131193,2.641983867475572e-21,4.19368077014932e-21
MCM10,427.34933,-0.7247953568608624,0.032477814011264046,-22.3166299495861,2.547857124790345e-110,8.77102184707586e-110
MCM2,3462.3313,-0.7217533806890817,0.02314102135066958,-31.189348549138167,1.4858693079469293e-213,1.1064671997253668e-212
MCM3APAS,70.40105,-0.0921142749730931,0.02332470025356928,-3.9492158086360507,7.840763867309235e-05,9.574168510438956e-05
MCM3AP,4166.053,0.06547793196761913,0.009554228169119596,6.853293725939224,7.2168688371954225e-12,1.0063577579209698e-11
MCM3,5464.6245,-0.416155542037815,0.015595091380248565,-26.685033892451745,7.022006676152579e-157,3.402214039024045e-156
MCM4,3839.5369,-0.4915826355212038,0.022853675611111048,-21.510003199756852,1.2549571764801917e-102,4.066476707935735e-102
MCM5,3630.1768,-0.6872159962625858,0.018958043643903782,-36.249309747926944,1.0188981630252208e-287,1.283647753776638e-286
MCM6,2635.1892,-0.35733853060102144,0.018224209256325386,-19.60790317840506,1.3237796713444763e-85,3.763031322103071e-85
MCM7,6955.0654,-0.6110419182927315,0.018322073190343777,-33.3500424294106,7.274318889242801e-244,6.759372809954094e-243
MCM8,646.5679,-0.3890227646684763,0.020365121630157274,-19.10240320354384,2.4112879366027587e-81,6.642951434546084e-81
MCM9,126.65481,-0.02461994061500463,0.016855692462578065,-1.460630624915841,0.14411683711910914,0.1557529826365826
MCOLN1,1285.9907,-0.12331787842313946,0.015219402289248462,-8.102675524271783,5.376349260529413e-16,7.993653296948684e-16
MCOLN2,167.6243,-0.8081194495394125,0.03271772077300989,-24.699747734446756,1.0761787073225992e-134,4.448715188300669e-134
MCOLN3,301.13538,-0.05687222977205164,0.043698400760582144,-1.3014716507280712,0.19309706210426436,0.20685414824418408
MCPH1,870.86926,0.11966626318758454,0.011749351514639841,10.184924932961522,2.315385221650923e-24,3.8255906287608456e-24
MCRS1,2642.1296,-0.23401922225964927,0.009531986458626374,-24.550939436958984,4.2262287052996695e-133,1.728788230082298e-132
MCTP1,259.39395,0.3652476273458982,0.03050950924910625,11.97159955486986,5.0054229276659476e-33,9.073582529102575e-33
MCTP2,931.458,-0.26451836949121127,0.03430373299282005,-7.711066592856712,1.247705328083183e-14,1.8163770307075812e-14
MCTS1,1961.4283,-0.28825853848746325,0.009810578331196787,-29.382420562386837,9.211988497735973e-190,5.664357409405215e-189
MDC1,2257.5735,0.06837594191810854,0.013262659684731283,5.155522613373452,2.529245149234659e-07,3.259044429953698e-07
MDFIC,1834.998,0.5762055834505051,0.023606939676141532,24.408313460166546,1.3956741060553074e-131,5.662520750334795e-131
MDFI,1397.6042,-0.14322683163411065,0.03743437466066149,-3.826077847765488,0.00013020113052510636,0.00015802818745443189
MDGA1,579.95935,0.15587121393263648,0.03470536265094581,4.491271723633425,7.079915659562266e-06,8.854352411882068e-06
MDGA2,52.44593,1.8299896585977078,0.07986765365908036,22.912776008283945,3.4654301969884666e-116,1.2469546373363061e-115
MDH1B,91.81801,0.327951045574721,0.035163001483448815,9.326594196718025,1.0932750422635884e-20,1.7266299422422152e-20
MDH1,6541.1006,-0.03694017385992078,0.012667533964938483,-2.916129845174658,0.0035440297487254403,0.004111979349991522
MDH2,10353.457,-0.42002060672258945,0.01311910615883068,-32.01594694314345,6.54183623179827e-225,5.285128723935753e-224
MDK,11448.062,-0.7538838024479938,0.03158370427487152,-23.869391502876862,6.37038897397494e-126,2.4746183766677314e-125
MDM1,546.0607,0.28194639361275126,0.016324416477126322,17.271453102646145,7.717450445938751e-67,1.8891375932291337e-66
MDM2,5185.93,0.23167691462886633,0.02087804275617004,11.096677851203241,1.3019372669924026e-28,2.251817247362019e-28
MDM4,2105.4202,-0.183351081302418,0.019015420523859326,-9.642231212944298,5.302274459360066e-22,8.497245412319867e-22
MDN1,2146.2703,0.2313741173868676,0.019894394187234613,11.630116263370843,2.8970272873507412e-31,5.164221919549404e-31
MDP1,441.48993,-0.01107988605074712,0.01461564760604595,-0.7580838255955066,0.4484008018934136,0.46578688642469684
MDS2,4.6498933,0.251966968618931,0.046114306189947815,5.463965294871025,4.656146044902976e-08,6.07306536794027e-08
ME1,1135.8729,-0.5045763011499796,0.03277566545387105,-15.394845357453619,1.7724774753184896e-53,3.8727054003014737e-53
ME2,1820.9495,0.050318415145808974,0.014418012352086644,3.4899689303239256,0.0004830767068931299,0.0005771012014808844
ME3,635.7066,0.13237894463415217,0.02567703821451961,5.155537937365991,2.5290383025575754e-07,3.258984163666667e-07
MEA1,3047.7615,-0.21384144951596848,0.012113638996206075,-17.652948844103943,9.657909766285285e-70,2.4211967113877863e-69
MEAF6,3055.1394,0.08852942935251636,0.012354958675771346,7.165497811508405,7.75043951619764e-13,1.097525200739151e-12
MECOM,2199.2751,-0.3083539859339465,0.036212951786340375,-8.515019370783753,1.6656245933660472e-17,2.5259181449787232e-17
MECP2,3194.8293,0.3378955183108544,0.01197627583205758,28.213738815733535,3.9669976626268176e-175,2.1922938494413514e-174
MECR,884.0121,-0.16648679326310772,0.010699763817882936,-15.559856843274595,1.364036469215645e-54,3.008386791979344e-54
MED10,1201.1007,-0.2475456970143603,0.01294357120064606,-19.124992104343228,1.5639710997328187e-81,4.315652970921721e-81
MED11,627.8834,-0.09544406241087638,0.013531855358149394,-7.053287216331083,1.747396396628011e-12,2.460251952901084e-12
MED12L,85.70992,0.20082250500253737,0.04376397633529321,4.588762763784451,4.458808028086254e-06,5.6003993240673724e-06
MED12,2825.047,-0.0022049109206163852,0.013736629151520895,-0.16051324501049527,0.8724767888921714,0.8796055731928156
MED13L,4417.3193,0.348581044028507,0.018091619817131577,19.26754196428689,1.0060199457832767e-82,2.797645140855311e-82
MED13,4080.1438,0.334943529320725,0.014614273289180088,22.918931560470124,3.0087040685226967e-116,1.0831866689841482e-115
MED14,2929.8306,-0.026830312554759168,0.012926791516719853,-2.075558542122083,0.03793479914214167,0.04230238131866475
MED15,5245.6274,-0.3629431372849549,0.013908888015072021,-26.0943316886052,4.2279535615815815e-150,1.9567380441063747e-149
MED16,3040.8245,-0.19443298956250912,0.01224779726746518,-15.874935330534681,9.450826294203419e-57,2.121850160164175e-56
MED17,1249.5643,0.17088188440292648,0.009336620797775839,18.302326730848254,7.928922957873003e-75,2.074604067592038e-74
MED18,697.43005,-0.31805212604690597,0.01112640056789099,-28.585356432767078,1.021757762349586e-179,5.833417353806848e-179
MED19,626.2599,-0.11734229506523985,0.010702836503424363,-10.963663233358398,5.713866993636694e-28,9.806003382234633e-28
MED1,2904.181,0.24745428516921913,0.01573155867168158,15.729800862940696,9.450783485932133e-56,2.1058170186066792e-55
MED20,1062.055,-0.01983012170644772,0.011454085804020995,-1.7312705741637004,0.08340351715048244,0.091364659976684
MED21,1224.3613,0.07076936409574107,0.013349224997820285,5.30138372132439,1.1492823874830613e-07,1.489385113097877e-07
MED22,1757.8988,0.10581557266344419,0.010542341166281107,10.037198663413342,1.0460260262176467e-23,1.7112128459433563e-23
MED23,1496.4602,0.18545233071483702,0.012719652168092972,14.579984441716183,3.7660253874150364e-48,7.867882079259387e-48
MED24,4157.546,-0.17474057306860205,0.01388956677806724,-12.58070722151908,2.6960536729076653e-36,5.056094024201101e-36
MED25,2766.6062,-0.4220293060677068,0.013568200557980643,-31.104294505690696,2.1070801169915017e-212,1.5537140203487862e-211
MED26,686.7941,-0.17386517003669522,0.01012996440354633,-17.163453207775138,4.985896311402112e-66,1.2107330988052912e-65
MED27,699.53876,-0.2621461867051085,0.012533957698883824,-20.914877248106013,3.920360569041493e-97,1.2146495331778383e-96
MED28,1222.5247,-0.04472293273425054,0.010361454797672767,-4.31627928775943,1.5868118815499148e-05,1.97023254842195e-05
MED29,3859.3394,0.2583484314855545,0.011632035134494699,22.210080050345145,2.744482625085575e-109,9.365558458618375e-109
MED30,477.88428,-0.2939088478331518,0.015429856561268744,-19.04806092435798,6.81813516574419e-81,1.8725268290757583e-80
MED31,308.45477,0.05665104573915752,0.01283782959888548,4.412821131702488,1.0203229034871378e-05,1.2716715024239141e-05
MED4,1898.0419,-0.08047790882155398,0.009262249533805477,-8.688808105182728,3.662617133968855e-18,5.605293710476728e-18
MED6,804.88257,-0.13374740520122977,0.009952047375182406,-13.439184939448541,3.563398545463332e-41,6.991830280174246e-41
MED7,448.70645,0.03518605120534533,0.010997783060848537,3.199376729898011,0.0013772507030393893,0.0016212458550551561
MED8,1606.998,-0.20949020501659746,0.010846821045073953,-19.313511686609484,4.134789610083361e-83,1.1533111614150863e-82
MED9,988.2226,0.1948478117466724,0.012890931794432084,15.115106871547644,1.2876201948558653e-51,2.7667186857066554e-51
MEF2A,2892.9966,0.647722138500271,0.014545551712379428,44.53059954742093,0.0,0.0
MEF2B,154.74628,-1.2255850650035336,0.031155575210717514,-39.33758425945968,0.0,0.0
MEF2C,1684.2059,1.047260068558446,0.02602824655207395,40.23552130041582,0.0,0.0
MEF2D,3883.8843,0.21512683695578022,0.013335975875067907,16.131315696061485,1.5371066763312072e-58,3.510258533194285e-58
MEFV,59.164143,-0.7279205940619161,0.03733027370881548,-19.499471119334945,1.1092334922979474e-84,3.128690034593227e-84
MEG3,1338.6226,-0.33212091481020506,0.055310446891247984,-6.004668800872734,1.9172285909154095e-09,2.564576667703471e-09
MEG8,1.7249926,-0.21226244477896739,0.09776291979357755,-2.171195840172848,0.029916371678087722,0.033505743810880624
MEGF10,274.17557,1.2690744986753377,0.053035116599106466,23.9289470836521,1.53088855389925e-126,5.977629472350371e-126
MEGF11,223.35439,2.360266712537245,0.05765459225924449,40.93805228773938,0.0,0.0
MEGF6,1481.9307,-0.15116826497511182,0.02871476225162058,-5.264479073532303,1.4058741129141048e-07,1.8191299774258458e-07
MEGF8,3534.707,0.5860384186503546,0.017313440369134778,33.84875600432967,3.785402858352874e-251,3.7087111065065525e-250
MEGF9,2763.0532,0.6437856508634777,0.02277558029127582,28.266487291657707,8.927251100733679e-176,4.9563650166304057e-175
MEI1,175.60588,-1.0970892282230895,0.03558905328526368,-30.826592082385062,1.1538348164788026e-208,8.245322228393101e-208
MEIG1,6.529849,-0.1568947186292998,0.03814807463763485,-4.112782102887989,3.909193263943298e-05,4.8080266816058485e-05
MEIS1,1281.2378,-0.11290859692525107,0.034830383817494225,-3.241669615726157,0.0011883169645755455,0.0014019206746128257
MEIS2,795.90857,0.8729704048945226,0.02946191146685545,29.630474108124698,6.05385055106679e-193,3.800503958346246e-192
MEIS3P1,734.9716,0.6972947455579733,0.023177689740199858,30.084738961216274,7.6734254062025925e-199,5.055769185918401e-198
MEIS3,556.89264,0.9800674840473867,0.03499749540791691,28.00393207068418,1.4551702277916546e-172,7.92557802771811e-172
MELK,788.7738,-0.8022353198045896,0.032877931855070215,-24.400419203401757,1.6927497245731254e-131,6.862344014851505e-131
MEMO1,940.0941,-0.42889703199490303,0.01220978318052612,-35.12732582172043,2.5802490830773098e-270,2.8926922402186648e-269
MEN1,2263.6892,-0.26506747982894524,0.009779872737418054,-27.103366980920928,8.986542686083164e-162,4.523041348478792e-161
MEOX1,180.65521,0.663866891110547,0.044338415123746935,14.972724876559482,1.106914050527791e-50,2.3609914253216656e-50
MEOX2,227.79648,1.7947906406281458,0.04744432148155962,37.82940896995933,0.0,0.0
MEP1A,413.07666,-3.2502998870774125,0.07817430040501186,-41.577601209578994,0.0,0.0
MEP1B,9.959416,-1.1274736542194996,0.07862298568823262,-14.340254880300826,1.2260434136751472e-46,2.5264188116409232e-46
MEPCE,3344.8496,-0.03431122757379213,0.010791212752147963,-3.1795525083093716,0.0014750264290267513,0.001734438204259884
MEPE,6.5969872,1.6177477009616923,0.07267238895044453,22.260830066627342,8.859184460305699e-110,3.035411249198312e-109
MERTK,930.9183,0.5343417663223068,0.023088078664270092,23.14362204375309,1.6854816967997358e-118,6.1783798820932344e-118
MESDC1,1499.2146,-0.3235010467077455,0.017012231102496233,-19.01579191810283,1.2621650535916755e-80,3.45614234378923e-80
MESDC2,3389.964,0.034645065786489015,0.009828072590784416,3.5251129320081525,0.00042330229008401315,0.0005064651694769878
MESP1,286.56415,-0.6553543771258589,0.04112974662936016,-15.933829669109581,3.6904550675385386e-57,8.317721102625607e-57
MESP2,48.390327,-0.6389295493193882,0.037896760137665915,-16.859740700745302,8.897854460553689e-64,2.1249433309373906e-63
MESTIT1,17.717422,2.168645250358475,0.0528168403730615,41.05973085555043,0.0,0.0
MEST,3549.6763,0.33911252101307554,0.03158592244571868,10.736191782774437,6.882511935271351e-27,1.170113240001582e-26
METAP1,2484.3152,-0.3952560748488105,0.01285568102563716,-30.745634872285624,1.398622648340744e-207,9.893870221532038e-207
METAP2,4013.9546,0.0699907129681953,0.009260471495206493,7.558007495020599,4.092904680177788e-14,5.913102922490746e-14
METRNL,1730.613,-0.1999540991459917,0.024235885757041598,-8.250331807571595,1.5795534081388859e-16,2.3659599644128587e-16
METRN,1274.1512,0.294459211837422,0.031906562244758456,9.22879781214271,2.736862658931013e-20,4.299698037902345e-20
METT10D,1716.1163,0.18694352425199035,0.011459369658322663,16.313595758403498,7.90020914301301e-60,1.8231734067399895e-59
METT11D1,1345.9084,-0.3050780214344556,0.011610652331076868,-26.275700342683514,3.6358421434306564e-152,1.707545794650628e-151
METT5D1,676.8347,0.09396421697056774,0.011037360792336751,8.513286712146547,1.6907133593977597e-17,2.5633924101861028e-17
METTL10,564.24615,0.14438644683338303,0.011541086254056513,12.510646195251633,6.529091250577087e-36,1.2206223027594023e-35
METTL11A,1166.3206,-0.37477588716410404,0.014783515585792415,-25.350931244275856,8.776422894382636e-142,3.7984522471670084e-141
METTL11B,1.8514041,0.36757093861724144,0.06746637944625991,5.448209043291388,5.087953841201491e-08,6.631603857427732e-08
METTL12,162.39967,-0.22431307727791452,0.017006687565327014,-13.189698253482398,1.0058705139703124e-39,1.9495923261539973e-39
METTL13,2132.9473,-0.0970416004652701,0.011056554307377776,-8.776839308835715,1.6813296402613538e-18,2.5820464770371048e-18
METTL14,586.50995,0.3804815079006506,0.01144696472723732,33.2386372254052,2.9792833451143533e-242,2.7285303474216426e-241
METTL1,992.49603,-0.13385945923216105,0.01786199233916301,-7.494094538304652,6.675759578629386e-14,9.61254609670526e-14
METTL2A,897.8589,-0.08686354577611809,0.01074386172449995,-8.084946363190557,6.219156150391301e-16,9.23933158682257e-16
METTL2B,653.67224,0.08774011580141389,0.011669084790500876,7.519022903393248,5.518711812003238e-14,7.958312351648527e-14
METTL3,1456.448,-0.04627452380695019,0.011221513281472015,-4.123732926766184,3.7278111247055314e-05,4.5871566447796866e-05
METTL4,519.8623,0.12812608402077424,0.012006582321909674,10.67132016302167,1.3864240245333707e-26,2.3494428762672627e-26
METTL5,1230.1697,-0.23537894131796386,0.010642865661701252,-22.11612443488634,2.2112934066864392e-108,7.499537309133636e-108
METTL6,548.59595,0.15259740012307918,0.01014167756391086,15.046563959605333,3.6363702599235054e-51,7.788833468888232e-51
METTL7A,7133.846,0.8045685955739708,0.03111845725289634,25.85502838509405,2.1360865606132198e-147,9.681341560001011e-147
METTL7B,1336.8464,0.24449961299268397,0.04806211772664705,5.087158547263226,3.634679689740559e-07,4.6683769985129043e-07
METTL8,827.2627,-0.14910759892535247,0.01441009322388619,-10.347441658336498,4.2981777455880025e-25,7.165624035573709e-25
METTL9,5381.4897,0.14707276324802065,0.01486276070485925,9.895386608756779,4.359228075105937e-23,7.078443482300349e-23
MET,6870.754,0.18327683037834683,0.038068651230522284,4.814376776012518,1.4765998302272784e-06,1.8725611027530311e-06
MEX3A,1316.2689,0.011775732961496022,0.03464374761560215,0.33990932771351523,0.7339248119512144,0.7464269780454977
MEX3B,260.15042,0.6043306181371748,0.02710114027446983,22.29908454097314,3.771363156893728e-110,1.2963225141178357e-109
MEX3C,1936.7765,0.34183165767717644,0.012776796209389159,26.754097981619047,1.1063971855329029e-157,5.3939512213276754e-157
MEX3D,1156.6968,-0.171440028888179,0.01750287572596303,-9.79496350041908,1.183401510009221e-22,1.9130436193645967e-22
MFAP1,1726.8486,0.14554181057192722,0.009042861736103225,16.094662820162117,2.7808226754027135e-58,6.3398397366768026e-58
MFAP2,2300.6697,-0.12153611508084483,0.04144406017258673,-2.9325339885795065,0.003362081196768678,0.0039037647476339405
MFAP3L,919.73517,0.9957914539547988,0.03424761135163036,29.07623085682424,7.1730800483757606e-186,4.2977262126216036e-185
MFAP3,1781.9786,0.42831989360200645,0.01163472968517421,36.813910180294236,1.1060471319483548e-296,1.4883022841597194e-295
MFAP4,4124.7124,1.739188907593363,0.03905184776092085,44.5353807133748,0.0,0.0
MFAP5,1111.6824,1.7172363593973103,0.051535502386804787,33.321424646419935,1.8900755730963483e-243,1.7475044774145574e-242
MFF,2867.8423,0.20351657689750133,0.010567000211208884,19.259635925967174,1.1719966133518041e-82,3.2565414291291634e-82
MFGE8,7226.329,0.4229261823334032,0.027610182691340125,15.317761097830516,5.818750589057011e-53,1.2659109130435102e-52
MFHAS1,1095.0754,-0.06158485935135213,0.024393921126307495,-2.5245986093205928,0.011583050348237419,0.013200812922064802
MFI2,1165.3113,-0.4712073440444251,0.03972738727505618,-11.861020227229599,1.886621668596902e-32,3.400294843392735e-32
MFN1,1694.1626,-0.0874951772618289,0.014419517935302452,-6.067829566453095,1.2965038039975821e-09,1.7404405212703925e-09
MFN2,6240.7876,0.11821927090148128,0.011730880440668674,10.077612801477212,6.939150722821888e-24,1.1383897628197489e-23
MFNG,641.216,0.07745614540092875,0.025460362047271784,3.0422248221418595,0.002348364250824301,0.002744093886387645
MFRP,1397.3479,0.7013566420306855,0.026548774620746906,26.417665299045503,8.587711863523342e-154,4.073560713641e-153
MFSD10,3611.6704,-0.5915834322327878,0.015846259551662575,-37.33268600732464,4.84212798059073e-305,6.971773943199907e-304
MFSD11,1093.4425,-0.05036288858853338,0.01002270965477902,-5.0248775354396695,5.037538880582958e-07,6.449861899867207e-07
MFSD1,3266.7107,0.07064332564016314,0.01373509816999193,5.143270529693247,2.6999638851200154e-07,3.4772624454174087e-07
MFSD2A,1103.9067,0.28547739645117115,0.037119728629849816,7.690718843822705,1.4631063489774846e-14,2.127518188617428e-14
MFSD2B,141.88196,-1.7551541672678823,0.03302781610682588,-53.14169612640974,0.0,0.0
MFSD3,1056.1039,-0.6760504776653428,0.02161684278878268,-31.274246857924883,1.045343453981619e-214,7.84739947625803e-214
MFSD4,842.5745,1.0289084722829673,0.041101085136429856,25.03360845261471,2.6336395539069375e-138,1.1135673453373073e-137
MFSD5,1850.0509,-0.37859099225869564,0.011122947728844956,-34.03692991174469,6.3357989924503e-254,6.329270445892819e-253
MFSD6L,134.32246,-0.12725827305419676,0.04719561966467704,-2.696400088787087,0.007009342138633502,0.008046870226707989
MFSD6,2992.0974,0.038768965008397584,0.020004679178142668,1.9379948392652546,0.052623852168304494,0.05830896953817956
MFSD7,376.0865,-0.16503539828946295,0.02885767533477158,-5.718942928525024,1.071887868587917e-08,1.4138364183078329e-08
MFSD8,658.2512,0.25440050736071695,0.011598676376174151,21.933580963022912,1.2425364060920869e-106,4.1675121403012846e-106
MFSD9,401.95825,-0.3163276192510102,0.015902759534575112,-19.891366562090308,4.8339675670514875e-88,1.3995271003640676e-87
MGAM,277.67462,1.895965397770827,0.056571911036559064,33.514254035816066,2.9881980804884107e-246,2.8269853494732138e-245
MGAT1,8497.848,-0.11289628205389513,0.01400407479336057,-8.061673742803777,7.525683450439407e-16,1.1160794680033208e-15
MGAT2,1911.0981,0.009201805901742488,0.011089525510832737,0.8297745374906942,0.4066662695977362,0.4243628181824865
MGAT3,872.58734,0.6876897821831297,0.03710571543648965,18.53325758831368,1.11337951725654e-76,2.9587904440446285e-76
MGAT4A,2354.6624,0.3035607761083479,0.022118632424115096,13.724210895488605,7.271650818199155e-43,1.4477169861892878e-42
MGAT4B,6724.6353,-0.4095854142789744,0.01783625372257927,-22.9636458781965,1.0765523126360519e-116,3.8860866193186844e-116
MGAT4C,74.404526,1.9264275181380248,0.08218385780623942,23.440461053554607,1.653877096332207e-121,6.197549016055108e-121
MGAT5B,267.2239,0.5181500237824983,0.05185630381605393,9.992035406543703,1.651551185258276e-23,2.6948730127974066e-23
MGAT5,574.6056,0.32491350219464343,0.027591191354668605,11.775986691479563,5.190615841594072e-32,9.319670863304853e-32
MGA,2012.9657,0.09278130649384574,0.01485758246070621,6.244710856508728,4.2458480489590573e-10,5.745893407920596e-10
MGC12916,31.0274,-0.44549237786713525,0.035369526146754746,-12.595373090911778,2.2389874801282158e-36,4.20241044601552e-36
MGC12982,210.03261,-0.41312827964742416,0.02732145446872077,-15.121020739228875,1.1770386283463006e-51,2.5301794355931088e-51
MGC14436,16.364262,-0.8372720625351137,0.04682820198975807,-17.879654288632217,1.6988712503033308e-71,4.3212543459427174e-71
MGC15885,0.6821474,0.06869519835960616,0.07129527772928577,0.9635308332825024,0.3352811984945875,0.35245468684624914
MGC16025,21.97383,-1.35859246820958,0.06192346436183476,-21.939865319404195,1.0822165457322072e-106,3.630989890336521e-106
MGC16121,59.551083,0.40562962017955184,0.03566379502782454,11.373708823278164,5.6533285240587244e-30,9.9357834445193e-30
MGC16142,24.809608,0.12523228617075563,0.015612197928852259,8.021438540650257,1.0451387128473144e-15,1.5474893858078892e-15
MGC16275,131.91719,0.4931612158407833,0.02242644593243204,21.990163636566123,3.576957538502246e-107,1.2024979941606215e-106
MGC16384,16.534561,0.2474243536762055,0.030719511568843446,8.054306238617086,7.993086702929597e-16,1.1849650636055027e-15
MGC16703,29.888206,0.24307254952971205,0.040733556848175936,5.967378454960458,2.410957584047275e-09,3.218245833570579e-09
MGC21881,344.6791,0.2520097052417021,0.019173441023610436,13.143686880793796,1.8498901895508813e-39,3.576290415826264e-39
MGC23270,76.594185,0.007009995037159316,0.021225261448371086,0.33026660492313004,0.7411985239417869,0.7534105920880143
MGC23284,104.023834,0.15432982298380216,0.020023568874644775,7.707408402066888,1.283983993544609e-14,1.868522524987469e-14
MGC26647,0.18560898,0.06973404939777288,0.14762582237095198,0.4723702688175121,0.6366625219693061,0.6517403602560892
MGC27382,3.2812653,1.0873088399282815,0.07722455024959088,14.07983389238375,5.052841703687774e-45,1.0282967237642882e-44
MGC2752,1367.0714,0.11580919805169125,0.009901513552938567,11.696110643339113,1.334300374732577e-31,2.387294255134945e-31
MGC2889,9.408048,0.7823599412160993,0.05133727086564922,15.239609118754144,1.930216445085929e-52,4.174344232579608e-52
MGC29506,1050.103,-1.4803027133031479,0.048981190304135794,-30.221860761480034,1.2227909347004646e-200,8.207979109649441e-200
MGC34034,0.2876436,-0.11495179149331582,0.16078102091162655,-0.7149587111808376,0.4746345566502108,0.49196033697391517
MGC3771,27.4875,0.1570792059355082,0.02104131742063907,7.465274288454577,8.312626924041553e-14,1.1948374156069046e-13
MGC42105,111.751816,1.8523964264161092,0.044135180512942615,41.970972020220806,0.0,0.0
MGC4473,10.296971,-0.4924397862843608,0.08042366989254007,-6.123070321739179,9.178915881715288e-10,1.235364239015281e-09
MGC45800,76.4647,0.4838519572303829,0.04804853951417833,10.070065856790634,7.49278965057474e-24,1.2288199169973509e-23
MGC57346,433.02002,-0.026055280855769646,0.015432896278459656,-1.6882949503221958,0.09135462409240924,0.09994566026639581
MGC70857,1384.6798,-0.4411014717268691,0.01898401037939452,-23.235420910096327,1.9975484504328434e-119,7.379439104039604e-119
MGC72080,298.58865,-0.8117961407587834,0.020422014146600498,-39.751032142631104,0.0,0.0
MGC87042,111.816124,-0.35270279670410354,0.038164957841042145,-9.241535079722036,2.429858059638784e-20,3.820627142121255e-20
MGEA5,6831.174,0.2199389381639913,0.011653522493305658,18.873172321101606,1.8956936271522936e-79,5.143865994294755e-79
MGLL,5672.025,0.46406711821176805,0.02661588419008685,17.435720523033044,4.419542049602249e-68,1.0944831113958422e-67
MGMT,1130.9812,-0.6237873508655849,0.024606946133133693,-25.350051464762792,8.974671659554543e-142,3.882603916635592e-141
MGP,18043.91,0.7132468443608876,0.04292763337557566,16.615098207736285,5.418604040919282e-62,1.2741667783446022e-61
MGRN1,4705.9526,0.015191913835116814,0.013444267017325352,1.1299919746862588,0.2584796061306759,0.2743398134300089
MGST1,7654.555,-0.06162598217668457,0.037692801089232994,-1.6349536355972263,0.10205876743211059,0.11138707227138091
MGST2,2224.1284,-0.5606887970751114,0.020121654544191615,-27.86494499464319,7.099515493203807e-171,3.8227727036798814e-170
MGST3,4097.171,-0.027027492106463828,0.015508407508473543,-1.7427638583585352,0.08137487185741521,0.08920477149176805
MIA2,90.117165,1.1345698222895657,0.07799502086850399,14.546695541019192,6.129311876933517e-48,1.2771124808360402e-47
MIA3,4491.091,0.1558012475679225,0.016059463541139088,9.70152254269333,2.970325954450785e-22,4.77706502146011e-22
MIAT,1002.7307,0.1369040062520632,0.040407702742862886,3.388067050563626,0.0007038705519282482,0.0008365011129944081
MIA,531.29614,-0.7806465096288286,0.06444907920018882,-12.112609199644572,9.056660910515312e-34,1.6566447392379266e-33
MIB1,2968.7898,0.45353175575888216,0.01507826599305082,30.078508760085747,9.257039926926004e-199,6.093245259369108e-198
MIB2,1485.5825,-0.23396834090302798,0.01679953168949361,-13.927075184444055,4.3375754979939215e-44,8.753836197824965e-44
MICAL1,2103.1504,-0.09178521211935715,0.023007517578969003,-3.9893574699800434,6.625251443737356e-05,8.102083982643491e-05
MICAL2,3897.9668,0.38024788544301674,0.02661709803065688,14.285850583901263,2.6811575114013446e-46,5.5114787736894156e-46
MICAL3,3335.8782,0.34043988904412564,0.018638477348402186,18.26543459964075,1.5596622413837178e-74,4.069874849055512e-74
MICALCL,101.62362,-0.2288535672548304,0.039475856849922386,-5.797304618994745,6.738921973130658e-09,8.924008875436912e-09
MICALL1,2717.0664,-0.4672920035426287,0.021746377970958262,-21.488268260888564,2.004491656518115e-102,6.481805215224317e-102
MICALL2,1451.8516,-0.5667610684179241,0.01967741565702562,-28.80261708633307,1.9890397900968568e-182,1.1613094662053888e-181
MICA,738.2681,-0.07171334989515503,0.01763996715747672,-4.065390216146704,4.795216282220021e-05,5.8839084070466135e-05
MICB,361.1332,-0.4264319589694707,0.026502138302036102,-16.09047368591797,2.9755207963534783e-58,6.779924778171289e-58
MID1IP1,2648.4666,-0.017974788893703093,0.01812087441398497,-0.9919382742275872,0.3212276369659214,0.33810026681430977
MID1,1401.1792,0.18148142182324287,0.02439013607156779,7.440771190891405,1.0009919569865996e-13,1.436976114249766e-13
MID2,898.7888,0.5340820424437571,0.02289389513729591,23.328579048730617,2.2741612305779432e-120,8.445758572297765e-120
MIDN,5570.0513,-0.030794541947595695,0.014085292875723993,-2.1862904960016913,0.028794359024120864,0.03227041480634574
MIER1,2034.5857,0.18765787974659942,0.012894753222292974,14.553041575248516,5.586295653683452e-48,1.1644455125764452e-47
MIER2,1108.0116,-0.22869528133737413,0.012515621765709821,-18.27278625213421,1.3630994332179157e-74,3.559233212887463e-74
MIER3,1167.348,0.21685183437677572,0.013318801373444534,16.28163288095444,1.332650068699495e-59,3.070554860644298e-59
MIF4GD,1055.0148,-0.024578311626827744,0.012516065976467325,-1.963740976840472,0.04956013799756168,0.05496512771653093
MIF,18459.242,-0.8438777412484916,0.021204196464752773,-39.797676023764886,0.0,0.0
MIIP,1263.4697,-0.3339977041611873,0.017404122954143262,-19.190723085628115,4.424405422201852e-82,1.2243641428654003e-81
MIMT1,5.832888,1.0665518265173806,0.07546037971513617,14.13393134971791,2.3466929752799744e-45,4.7857680340303516e-45
MINA,1756.2605,0.0249505266603661,0.015177613184351157,1.6439031853896027,0.10019620209377841,0.10941878873717936
MINK1,5107.5015,-0.10039295249105695,0.014400482554068507,-6.971499192066544,3.1358112152839875e-12,4.3992544468003515e-12
MINPP1,1069.7123,0.05434932625917467,0.01354235168618806,4.013285692071188,5.987936733753448e-05,7.332395282237847e-05
MIOS,1301.617,-0.03656356485899705,0.012616380740176453,-2.89810252337753,0.0037542784351820434,0.004352696734730707
MIOX,403.70157,1.8286744076881591,0.08025972442182176,22.7844590903051,6.538517996219356e-115,2.3292683794405926e-114
MIPEP,1097.2528,-0.19297010353647495,0.019272227639296067,-10.012859288928746,1.3382770058307333e-23,2.1865004062039885e-23
MIPOL1,202.50343,0.19050907215636634,0.02504082381167141,7.6079394827086695,2.785001803158138e-14,4.032706380547406e-14
MIP,4.475512,-0.1839130024054519,0.03379582228657344,-5.441885711374382,5.2719496392117376e-08,6.870103226314521e-08
MIR155HG,83.169365,-0.6790772934183629,0.03521205342291648,-19.285364737530763,7.128547216886972e-83,1.9834644360885865e-82
MIR17HG,107.494385,-0.8225278309409128,0.02943318585262753,-27.945592945980216,7.45754425830654e-172,4.045514083529519e-171
MIS12,854.7326,0.14898737425272673,0.010714505347255836,13.905203219753387,5.889933613315217e-44,1.1866715332358686e-43
MITD1,508.80316,-0.2515434953877396,0.01083934904316463,-23.206513083584547,3.913486505744703e-119,1.4436432645489474e-118
MITF,1509.2163,0.3254010378248896,0.03636302161004604,8.948679824093354,3.597590009768301e-19,5.577894677394932e-19
MIXL1,4.5276756,-0.3238769980487427,0.05578410247181248,-5.805901389421774,6.402063479822127e-09,8.482890360279772e-09
MKI67IP,1932.1357,-0.17296932902809584,0.01131094169906162,-15.29221294124836,8.61715583821913e-53,1.871124954248115e-52
MKI67,4683.83,-0.8598047419955451,0.031496543622729946,-27.29838398442724,4.433169832212796e-164,2.27399608500933e-163
MKKS,2175.0913,-0.07761735795677345,0.011864129614842737,-6.5421872886207755,6.062551075722539e-11,8.311054969405101e-11
MKL1,2500.9905,0.016264683075482386,0.012405239486592511,1.3111139928464204,0.18981925395050847,0.20347128895795302
MKL2,2484.9626,0.4795648867745391,0.017344243838993953,27.649800776921975,2.8062258621189925e-168,1.4839468136852094e-167
MKLN1,3391.4392,0.5290672808264757,0.012227263415689119,43.26947599310044,0.0,0.0
MKNK1,1241.1992,-0.15950512197764025,0.011843293790747838,-13.46796970469888,2.4141327748227745e-41,4.74368585683012e-41
MKNK2,7893.2207,-0.4163151559471479,0.015158635879575208,-27.463893140153342,4.7418496677664806e-166,2.4633660981387545e-165
MKRN1,6206.7036,-0.1356893234273905,0.011692242053470506,-11.605073073826336,3.8835573255989836e-31,6.91553779339366e-31
MKRN2,1453.8347,0.1868010571777914,0.00949050356739926,19.68294473008471,3.0193837939186436e-86,8.626387126072084e-86
MKRN3,89.20575,0.7859963870652026,0.059685719276881634,13.168918739488937,1.324813903303363e-39,2.5641112517685302e-39
MKS1,658.5043,-0.14624423681804707,0.011243648593506692,-13.006830976779588,1.1188657285245852e-38,2.1483530479139894e-38
MKX,194.84259,1.1043101443304695,0.0467329071131838,23.630247133051412,1.8843347333275623e-123,7.176051409617629e-123
MLANA,1601.6034,-2.0981424810338347,0.08624304688859472,-24.32825087620258,9.851657540593529e-131,3.975617361128715e-130
MLC1,1858.1772,3.223502101326891,0.06559792147671661,49.140308545767624,0.0,0.0
MLEC,14774.371,-0.09663213702455128,0.01545989973022908,-6.2505021837628325,4.0913501328036887e-10,5.537548022453815e-10
MLF1IP,938.9998,-0.7287983972627453,0.024399494552600282,-29.869405519512142,4.914752395906084e-196,3.1674404567347888e-195
MLF1,934.092,0.010547089669215564,0.029046264692178546,0.36311345988854943,0.7165201303303634,0.729345199409823
MLF2,10542.937,-0.2073745791788763,0.011684933734931765,-17.747176311230255,1.8124056578771086e-70,4.5712050035579847e-70
MLH1,1488.7532,0.1769446445798104,0.011768131547017752,15.035916608584415,4.2709535720371826e-51,9.142292479561035e-51
MLH3,924.54974,0.2423016370537389,0.011555000116122097,20.969418833295194,1.247788805234291e-97,3.8813953072215323e-97
MLKL,603.8423,-0.422046937980307,0.02208481529013083,-19.11027701322499,2.0736523140749926e-81,5.715879699736363e-81
MLL2,5157.406,-0.07421245384300572,0.016453035397768906,-4.510563069296575,6.465577399148525e-06,8.093500385468815e-06
MLL3,4356.6235,0.3398373663405568,0.015773117040479612,21.54535247969119,5.853639498897575e-103,1.902526286048144e-102
MLL4,3076.847,-0.2132066401185955,0.012602113469910805,-16.91832410711539,3.296786825845896e-64,7.893600257249982e-64
MLL5,3780.3433,0.33031722073119174,0.014820418203195176,22.287982444380532,4.83285548431444e-110,1.6586666352858678e-109
MLLT10,1357.5305,0.11133697144838858,0.013786648877261345,8.075709509946202,6.708541476832526e-16,9.96055979629765e-16
MLLT11,1167.3921,0.9030325965471491,0.03741208308604919,24.13745833051157,1.0112419311166138e-128,4.013230891930437e-128
MLLT1,4200.534,0.09741900625030818,0.010861877675733352,8.968891858168606,2.995124464238225e-19,4.647693518858691e-19
MLLT3,830.7779,0.05616989424401328,0.021155599773722153,2.6550839893361555,0.007928866433336602,0.009084062561412486
MLLT4,5087.439,0.11452448742018354,0.018886067431826116,6.06396688106657,1.328045133842425e-09,1.781959459559608e-09
MLLT6,7944.555,0.0909622541073641,0.013671587433170587,6.653379101147216,2.8643912084091382e-11,3.9482830475288856e-11
MLL,4004.8738,0.3840578112161221,0.017169529303594517,22.368569599384294,7.9649883223976e-111,2.754530274429977e-110
MLNR,4.1305685,0.168802139011243,0.059433720506316574,2.8401745267369356,0.004508885800958977,0.005213039128952456
MLN,1.972182,-0.7177346323708211,0.22808202358495588,-3.146826834879776,0.0016505268046468865,0.0019376701196981872
MLPH,4906.916,-0.672732380076651,0.04726909135644093,-14.231971903242092,5.802229544981749e-46,1.189483348165174e-45
MLST8,2422.092,-0.24800095154494103,0.012254320461277059,-20.237837938758794,4.546824225703172e-91,1.345085649681646e-90
MLXIPL,1320.0083,-0.17857679892151715,0.05286264155933596,-3.3781285545685917,0.0007298095419856517,0.0008668723725370993
MLXIP,2756.667,-0.011697679741030744,0.019066509725476712,-0.613519721724437,0.5395327465437897,0.5561976397227715
MLX,2774.591,-0.24190025013671584,0.010169999711403603,-23.785669321649394,4.6995636569315885e-125,1.8131214040452949e-124
MLYCD,729.1756,0.21911013674745303,0.017366889183742344,12.616544876244646,1.7116778423581367e-36,3.2177330741061224e-36
MMAA,539.5656,0.18800980573752274,0.015034184246977868,12.505487670560907,6.967094257492859e-36,1.3021488294161123e-35
MMAB,1720.6255,-0.28770284297905174,0.018384054856729688,-15.649585753587704,3.343890365232564e-55,7.411895911352181e-55
MMACHC,418.51776,-0.1846313530360795,0.01730560064459009,-10.66887863807242,1.4233369328637663e-26,2.4113935771135406e-26
MMADHC,3580.9897,-0.052563748284630854,0.010339861751278118,-5.083602619554697,3.703423420643489e-07,4.755471297438082e-07
MMD2,85.74208,4.827453124081263,0.14989412644031125,32.205752411543514,1.4661994807658788e-227,1.2065624587272646e-226
MMD,1005.1895,0.5966193624430115,0.021512410682381543,27.733728741597382,2.738168234700631e-169,1.4597111047465345e-168
MMEL1,56.750202,-0.7654933398979142,0.047016253061454356,-16.281462048822725,1.3363757943519973e-59,3.0787908563100953e-59
MME,2488.9082,1.2134838516722724,0.0466065944414572,26.036741500101154,1.901142725124839e-149,8.754889106721691e-149
MMGT1,1913.8724,0.2574613145641574,0.012409950969835977,20.74636033534307,1.3223071591427242e-95,4.043384117300499e-95
MMP10,840.5196,-2.003727059280543,0.06917179833747106,-28.967398671708438,1.6945439233042214e-184,1.005808155526258e-183
MMP11,7136.527,0.021351461771723743,0.04498899520771707,0.47459299042227276,0.6350771034001208,0.6502154763954267
MMP12,962.185,-1.2706642576615683,0.062417277732520024,-20.357572515527053,3.978107966732991e-92,1.1858023439929278e-91
MMP13,868.08484,-0.46612216820975283,0.07985089719820047,-5.83740677393738,5.301954286930801e-09,7.03758556054402e-09
MMP14,17350.33,0.3302369644080605,0.027892871928310997,11.83947516257274,2.4397490837759867e-32,4.391764066896137e-32
MMP15,3761.4966,-0.3056605295251383,0.026516441335288396,-11.527207805157534,9.621376278921206e-31,1.7064343554539318e-30
MMP16,251.34738,2.011894138905621,0.04249509983829036,47.344144302793154,0.0,0.0
MMP17,437.43045,-0.3061656766005032,0.042833590054325604,-7.147793967589337,8.818353166816738e-13,1.2475356272894306e-12
MMP19,1024.8619,0.32018365356658973,0.020073936525523955,15.950217495182228,2.8390646121711656e-57,6.411593614996424e-57
MMP1,4245.147,-1.0158553838740978,0.06362137542999029,-15.967202485145219,2.162705527562877e-57,4.8906499872989684e-57
MMP20,2.5278697,-0.7233539799198199,0.09155650807345816,-7.900628749836704,2.7750003260387013e-15,4.0794448435137496e-15
MMP21,2.2040408,0.42142532046851616,0.03814302376265452,11.04855564390597,2.227700780697903e-28,3.840284521103184e-28
MMP23A,25.698267,-0.3874748491608587,0.14465126302203288,-2.678682792433272,0.007391237701062208,0.008478123181921544
MMP23B,228.0292,0.3419815786645007,0.03286549295499012,10.405490619990108,2.340473264117229e-25,3.9105207373133086e-25
MMP24,1355.1399,0.1299660689480165,0.026851325203385505,4.840210602776131,1.2970160459649843e-06,1.6471804428794907e-06
MMP25,188.314,-0.4845096543042033,0.028890901130381532,-16.77031990513772,4.023368244136759e-63,9.565777657641046e-63
MMP26,9.260732,-2.146526292430208,0.18176682464270635,-11.809230296285206,3.4974833538355815e-32,6.287440494546456e-32
MMP27,2.434011,0.8359440092698318,0.09401840873811138,8.891280127898751,6.040887055317692e-19,9.336249871647529e-19
MMP28,704.18774,-0.34208720171853724,0.039379212789772244,-8.68699949754673,3.721377732004802e-18,5.694365219532941e-18
MMP2,14403.275,0.6674924335638989,0.03310790112625834,20.161121993761824,2.149522333395559e-90,6.334075146273005e-90
MMP3,763.0335,-1.0124004535142035,0.07299277263443116,-13.869872550048164,9.64480158701537e-44,1.9399181536262194e-43
MMP7,5433.3774,-0.5462942440235984,0.05794925925156991,-9.427113496861459,4.215293094073919e-21,6.6795728597642365e-21
MMP8,32.755722,-1.053673613183693,0.07057571526779946,-14.92969088850931,2.1124305687368798e-50,4.495345871110498e-50
MMP9,3788.6467,-0.36720895926830155,0.0440415652776816,-8.337781751240062,7.56971221124049e-17,1.138196240093391e-16
MMRN1,423.36298,1.0509399890994235,0.03907358366227559,26.896432080123624,2.417751291805868e-159,1.1924176005299337e-158
MMRN2,1683.8118,0.9636064803117174,0.025924275867449855,37.170044217960495,2.0804568062503692e-302,2.935275129483802e-301
MMS19,2759.6077,-0.12154829905775316,0.00977594797850969,-12.433402809113842,1.7214728700340638e-35,3.205951899105699e-35
MN1,765.34064,0.6729887637777322,0.0343609148646707,19.585880248773222,2.0404900894611337e-85,5.789872854542052e-85
MNAT1,536.6297,-0.0895094019804723,0.012302515130974098,-7.275699401914498,3.4463022118012415e-13,4.900011643973845e-13
MND1,164.27814,-0.9257502006872966,0.0296150656282395,-31.25943438074119,1.6618935391426809e-214,1.2457470752358558e-213
MNDA,552.82446,-0.07819790157195228,0.033452276710155215,-2.3375958010120574,0.01940822598038817,0.02189703922054435
MNS1,268.34454,0.20536093764567417,0.02464714630216936,8.33203711001622,7.946303026348202e-17,1.194203759603034e-16
MNT,1558.8381,-0.057025276347438494,0.012003440636621173,-4.750744230238509,2.0266934796793697e-06,2.5634600244030995e-06
MNX1,97.38366,-1.5406635442803462,0.053583912093518454,-28.75235278811802,8.464445856814459e-182,4.922240879716811e-181
MOAP1,2030.1228,0.5198041234195862,0.016720646775537293,31.08756081015192,3.547311413773507e-212,2.6109802267901245e-211
MOB2,1387.5189,-0.17286918242236587,0.013347131863692296,-12.95178501177586,2.295535401790103e-38,4.389893410205214e-38
MOBKL1A,1815.3802,0.344772801485151,0.017946011608257213,19.21166713870374,2.956186585695698e-82,8.197358035709442e-82
MOBKL1B,1735.9655,-0.11535321786676028,0.017251265689658048,-6.686652442893701,2.283332832551968e-11,3.1524734258731533e-11
MOBKL2A,2818.1658,-0.08306406618812053,0.013892901125956498,-5.978885578688068,2.2466928994373277e-09,3.0011430181513387e-09
MOBKL2B,1161.4994,0.4710962262503312,0.025883996966565744,18.200289038004616,5.133620233156372e-74,1.3339550009806072e-73
MOBKL2C,1032.2106,-0.017259725908015847,0.014108473961582255,-1.2233588093945902,0.2211942038297694,0.23583622915790917
MOBKL3,1987.241,0.07060052055764639,0.011314488439124965,6.239833195950171,4.3803774674103637e-10,5.926769778627473e-10
MOBP,311.00824,5.373052181898154,0.06929165765004097,77.54255510865207,0.0,0.0
MOCOS,483.58057,-0.6868543520653296,0.03484944109570094,-19.709192758045713,1.7981240661150936e-86,5.141574137926571e-86
MOCS1,1251.3848,0.6349214906562066,0.02456594692545465,25.84559400795237,2.727051278228845e-147,1.2340528333732175e-146
MOCS2,1725.4761,0.386277771376129,0.016074361851131102,24.030675366994295,1.3294705204893233e-127,5.235336620240257e-127
MOCS3,581.416,-0.19525432489562156,0.01187624025590762,-16.440752349927905,9.769851298899623e-61,2.2731931725062563e-60
MOGAT1,3.50129,-0.5875918594388967,0.07358613385624645,-7.985089427130139,1.4042047077513912e-15,2.075218034633462e-15
MOGAT2,65.976814,-0.19633219299977345,0.08099776409599037,-2.423921143886149,0.015353939047460704,0.01740968226495419
MOGAT3,108.43882,-1.1570545562252388,0.12568257140248207,-9.206165527278419,3.3798307087356694e-20,5.302456145422632e-20
MOGS,3596.78,-0.43440735985255075,0.01026987295558206,-42.29919510508006,0.0,0.0
MOG,221.08812,4.660184203349112,0.11895851571758762,39.174868442479394,0.0,0.0
MON1A,608.8668,-0.05473535313027162,0.01356109760794759,-4.0362037581820465,5.4323042018447486e-05,6.654409220538943e-05
MON1B,1788.3855,0.005173422667521691,0.01588715108994331,0.3256356434349333,0.7447000412505271,0.7567431065545037
MON2,2100.779,0.30054007188271087,0.012785385775902327,23.506531374998758,3.4973354736919435e-122,1.3210065474748475e-121
MORC1,4.4106936,0.12900065709735128,0.09412607365391426,1.3705092764377382,0.17052798167445915,0.1834687511975011
MORC2,2160.9592,-0.166774689186077,0.010231572821012185,-16.300005102204647,9.868389139639648e-60,2.2755752009731974e-59
MORC3,1576.5836,0.20688949265448023,0.013571170530758164,15.24477878938879,1.783359084972086e-52,3.85920574095947e-52
MORC4,1379.0625,-0.05904332925453381,0.018769714319567327,-3.1456701071353788,0.0016570679992554522,0.0019451249652238094
MORF4L1,7931.2095,0.321059245705117,0.011587075530653053,27.70839327453853,5.53187477471109e-169,2.942864869044763e-168
MORF4L2,10301.883,0.021408016705323156,0.011295020451850572,1.8953499727232168,0.058046051741441715,0.0641807183731066
MORF4,34.12625,-1.9120755123744924,0.04017867299844619,-47.58931467070695,0.0,0.0
MORN1,173.3767,0.18609277347242892,0.023040573856872554,8.076742125800877,6.652001015843365e-16,9.877331243640513e-16
MORN2,658.6881,-0.003777589618121504,0.017224978873349298,-0.21930880994961552,0.8264094995978962,0.835395779658072
MORN3,44.417515,-0.45550622385239664,0.03501268355271262,-13.0097489718724,1.0769527889318828e-38,2.0682654306069427e-38
MORN4,450.47806,0.5553087919322307,0.02317297013536949,23.963643360703635,6.660151353035779e-127,2.6080788881795622e-126
MORN5,47.134903,-0.09062490364320072,0.06903399131215122,-1.312757699803591,0.18926460787644517,0.2028981176218497
MOSC1,1158.6864,0.19601419520941143,0.03168287340998713,6.186755622601563,6.141505992995381e-10,8.29199021893978e-10
MOSC2,743.3733,0.5250082542454452,0.030887836400452368,16.997249254977152,8.606478010611326e-65,2.0711499505678014e-64
MOSPD1,656.0384,-0.08573373548416167,0.014568955649108277,-5.884686421528723,3.988093938221546e-09,5.303998202786286e-09
MOSPD2,588.94604,0.4206535402712679,0.016238464097446947,25.90476154314398,5.885876313277489e-148,2.675983828986521e-147
MOSPD3,983.9721,-0.23509131435647004,0.014311180060335745,-16.427108971121054,1.2235477771546036e-60,2.844605366574235e-60
MOS,0.27323794,-0.2246444287315214,0.17526271825289813,-1.281758214016555,0.19992747667989108,0.21396853796593085
MOV10L1,33.827072,-0.22566946228889564,0.03992305459425041,-5.652610116696727,1.5802949162927505e-08,2.076763761993552e-08
MOV10,2877.5522,-0.4617539598118087,0.013487468872809933,-34.23577575349825,7.101345599137404e-257,7.246932082849044e-256
MOXD1,1308.4005,0.6031192097518401,0.039167378897483174,15.398508318119685,1.6748856763191013e-53,3.660654587673707e-53
MPDU1,2973.7886,-0.18630571829429568,0.013736402848838071,-13.562918934781738,6.643864595009719e-42,1.3110636744189481e-41
MPDZ,1517.6365,1.403254896341204,0.026188173252370245,53.583534934579596,0.0,0.0
MPEG1,1899.5464,0.04295948027800049,0.030366301728771396,1.4147089975496534,0.15715383521776746,0.169428877949509
MPG,2393.5227,-0.36118557707270776,0.01470302372879901,-24.565394420553694,2.9616171994090356e-133,1.2129463802608841e-132
MPHOSPH10,1811.208,-0.1312053597724841,0.010874355799146317,-12.065575395536008,1.605363965296113e-33,2.9257546297971148e-33
MPHOSPH6,727.6983,-0.2850023397051147,0.01545302759776943,-18.443139242581395,5.920211207993769e-76,1.563897495569549e-75
MPHOSPH8,1779.1243,0.3185068278548631,0.01299851561426582,24.503323095238905,1.3614525493193744e-132,5.550222757627782e-132
MPHOSPH9,509.1197,-0.12998272444580425,0.019644066162476145,-6.6168950649380145,3.6682168378800796e-11,5.04671081243415e-11
MPI,1832.2717,0.12261227911584568,0.013154092707010548,9.321226621011936,1.1500296794283655e-20,1.81584103020646e-20
MPL,59.592384,-0.48838885957682154,0.031872202091060085,-15.323348483467695,5.339446843098502e-53,1.162007464229208e-52
MPND,1182.8868,-0.37870732334687074,0.016450471146539702,-23.02106243483066,2.8682987274030782e-117,1.0405504952102506e-116
MPO,1248.635,-6.557669678020834,0.06912717270623575,-94.86384906682704,0.0,0.0
MPP1,1447.6853,0.15331923473245446,0.022693615269740168,6.756051555033253,1.4180297885089126e-11,1.9648586717656674e-11
MPP2,475.36157,1.0597798141042643,0.03649515289603547,29.038919692247404,2.1237917154177844e-185,1.2687287422004304e-184
MPP3,173.53986,-0.08104559022737119,0.025458064816829207,-3.183493749838971,0.0014550925469138745,0.0017116905970196784
MPP4,8.923771,-0.0021604418400234466,0.04096489987393523,-0.05273885318094168,0.9579399817244374,0.9594480291202745
MPP5,1783.6726,0.5342423099531339,0.013884807726037115,38.476752468909616,0.0,0.0
MPP6,262.21234,0.16236934800640102,0.025809196631905534,6.291143049593366,3.1513675615039175e-10,4.274396547945254e-10
MPP7,1151.8862,0.039049843623037976,0.03300916735762822,1.1829999587679327,0.23680916375660876,0.252062412554023
MPPE1,1398.4475,0.21839608004575212,0.012721071329870107,17.16805718500614,4.6057983752159086e-66,1.1189671732818697e-65
MPPED1,73.571434,0.9752034677612637,0.08111527669929768,12.022439020659931,2.7085653859740147e-33,4.925742089597585e-33
MPPED2,375.07788,0.4600206177090005,0.042353515122799605,10.861450729065075,1.7593179255279052e-27,3.006879923255761e-27
MPRIP,4994.0396,0.503021173397146,0.013735443218591523,36.622128998086126,1.2713480778414078e-293,1.66666938292165e-292
MPST,3842.4426,-0.7239171846101833,0.02452177766157453,-29.52139908455972,1.529896222116e-191,9.507679238723945e-191
MPV17L2,772.8081,-0.3998912910956532,0.013729180057868511,-29.127106601422,1.629090637204205e-186,9.795232215841822e-186
MPV17L,272.12192,0.23062559105188038,0.03661800866513767,6.298146716848873,3.0122533424573924e-10,4.086251719022525e-10
MPV17,2126.6426,-0.055899131561329536,0.012967552467662262,-4.310692530508558,1.6274406210380664e-05,2.020062407249969e-05
MPZL1,7062.4375,-0.01760904225103506,0.014933642451511181,-1.1791525281397874,0.23833744525537515,0.2536360905312938
MPZL2,4023.906,-0.416873774205715,0.035120947663646235,-11.869661895177783,1.701538939883459e-32,3.0683464372973727e-32
MPZL3,97.67466,-0.1950077994490452,0.03248561450991151,-6.002897048154882,1.938275288394388e-09,2.592559397964742e-09
MPZ,239.84874,-0.1269354266056235,0.04261000489425144,-2.979005210645928,0.002891858605211397,0.0033666142122311775
MR1,497.77505,0.05161400135178131,0.01952661653590083,2.6432639396019244,0.008211099958682558,0.009403711765698273
MRAP2,314.71838,-0.6550739577317904,0.0455331725714994,-14.386740934933693,6.268074607651657e-47,1.2959452720339198e-46
MRAP,19.934599,0.9330679067744916,0.11628518532462784,8.023961987674442,1.0238799767056954e-15,1.5162330845032916e-15
MRAS,1766.4589,1.1513952109046353,0.025632484089963603,44.91937679015137,0.0,0.0
MRC1,1182.9098,0.8502178097250217,0.037647669747208005,22.58354409274095,6.289738878450537e-113,2.210474604287493e-112
MRC2,5657.7046,0.7994494637222094,0.028324420390498335,28.22474220833099,2.9069755714860616e-175,1.6091113556249248e-174
MRE11A,885.20435,-0.020191713950122106,0.014639573245316064,-1.3792556389293966,0.16781594878440664,0.18063682464321323
MREG,1058.7817,-0.4286696170709191,0.025380086303329937,-16.889998400623107,5.330445148156417e-64,1.2740377174373855e-63
MRFAP1L1,2994.9358,0.15045690949398582,0.010893743661286986,13.811313555014463,2.178231054586501e-43,4.36353498379677e-43
MRFAP1,13424.357,0.2565937494826807,0.011717115537481051,21.899054307511193,2.6522831152934955e-106,8.868095244582078e-106
MRGPRD,0.844672,0.27719609730478295,0.0772958269011932,3.5861715750724947,0.00033556821835627263,0.0004028678710647101
MRGPRE,7.3220296,0.9315204711339551,0.06651152197127723,14.005400019807531,1.4446400685179887e-44,2.928841580856177e-44
MRGPRF,625.49506,1.5307299618760737,0.03626456187207762,42.21007735528937,0.0,0.0
MRGPRG,0.016748073,-0.4347809128695667,0.9369298962992509,-0.46404849987911984,0.6426129980245852,0.6575672510445582
MRGPRX1,0.254025,-0.8021702519810135,0.23204556012935837,-3.456951520786814,0.0005463231229538336,0.0006515108048393333
MRGPRX2,1.1609747,0.177028388269153,0.09010523419916462,1.9646848470296108,0.049450724833002356,0.05484676982322374
MRGPRX3,17.687666,-0.9293779868889449,0.08429679808505942,-11.025068662170998,2.892976466268152e-28,4.98039133069113e-28
MRGPRX4,1.4475424,-0.4946858896524853,0.12705723964088583,-3.8934097029863377,9.884500520880147e-05,0.00012032200066044778
MRI1,1123.9033,-0.12767107934868144,0.013695246038438361,-9.322291763897327,1.138540262995162e-20,1.797839231700807e-20
MRM1,371.8014,-0.5183435513937347,0.015318562362312521,-33.837610810593354,5.521612286988835e-251,5.4019463984048864e-250
MRO,351.22076,3.026595195573972,0.04571773112469696,66.20178038404424,0.0,0.0
MRP63,2213.9329,-0.35518440805480056,0.013004451349829827,-27.31252541918644,3.0115654959968567e-164,1.5475129210752147e-163
MRPL10,2239.8057,-0.04812639224262724,0.00984589448179537,-4.887965469425947,1.0188339462424066e-06,1.2977814122223085e-06
MRPL11,1900.574,-0.49378855217875434,0.014263682576443748,-34.61858811932891,1.3270492617085663e-262,1.3998650735297773e-261
MRPL12,3444.9683,-0.8073466970912492,0.017245572559697983,-46.814722694564345,0.0,0.0
MRPL13,1687.2352,-0.3999371299335129,0.01497111369022565,-26.71391976634471,3.2437576711157556e-157,1.5765018483228854e-156
MRPL14,2379.3196,-0.6498850964743822,0.016393429587570455,-39.64302240741174,0.0,0.0
MRPL15,2438.2544,-0.3274528435162761,0.014486916793075181,-22.603349504485333,4.017154599680046e-113,1.4135345000603033e-112
MRPL16,1796.7908,-0.3161834107235522,0.012225116175130765,-25.863427896640843,1.7184912180542102e-147,7.795624489386289e-147
MRPL17,2508.1868,-0.42460582152305043,0.012569700454994887,-33.780106617761334,3.864892374847791e-250,3.7594526449845285e-249
MRPL18,2115.9275,-0.29155203910849,0.01068946595564052,-27.274705800868045,8.466152283663592e-164,4.327451527569849e-163
MRPL19,2451.3872,0.03161120582664001,0.00960300758825725,3.2918026499629995,0.0009954744081179423,0.0011774161084571655
MRPL1,831.2374,-0.1770559770842493,0.01185759540418053,-14.931861903622233,2.0447594259248025e-50,4.352703591844736e-50
MRPL20,3113.7104,-0.3052452034728853,0.011859727700384775,-25.737960532009684,4.396704027179859e-146,1.9699053100650254e-145
MRPL21,1603.1348,-0.5288721672933172,0.01556423176182142,-33.979972502762664,4.403219680500641e-253,4.366544056274357e-252
MRPL22,1052.9053,-0.3659363252181727,0.012518186604681302,-29.23237500560402,7.52242260063011e-188,4.5688842997084847e-187
MRPL23,2085.1907,-0.8136072000237711,0.017299868025617584,-47.02967668995997,0.0,0.0
MRPL24,3161.4707,-0.40136407152082276,0.015510961525510273,-25.876156733463297,1.2357323210296416e-147,5.608175283959535e-147
MRPL27,2150.289,-0.47571517458911655,0.01427996235686209,-33.31347539305777,2.4637974263650425e-243,2.2738192113946465e-242
MRPL28,2935.398,-0.4550942634761242,0.014868027950784294,-30.608919016197962,9.313083007578284e-206,6.506693786935012e-205
MRPL2,1575.1062,-0.4472828137755758,0.015045833810246304,-29.728017696897165,3.3366932934667025e-194,2.120216565595774e-193
MRPL30,1902.2488,-0.1434203875687801,0.008816046439916233,-16.26810708702923,1.662171624148467e-59,3.8263401284530344e-59
MRPL32,1873.6538,-0.20395901270548114,0.011296850553374158,-18.054502158972298,7.271456516424899e-73,1.8673004946757632e-72
MRPL33,1213.6458,0.012093666390914533,0.013631697470467602,0.88717244621331,0.37498606461792616,0.39255148547698265
MRPL34,1923.8186,-0.2596064882350385,0.016073968311641776,-16.150740327577676,1.1220686378947031e-58,2.5661868567623298e-58
MRPL35,1791.0245,0.002259600434323113,0.009647131442949224,0.23422511113130753,0.8148102213030438,0.8242842879755861
MRPL36,957.981,-0.46877334048007846,0.014313651974204793,-32.7500865135518,3.027648956007619e-235,2.6386945674383186e-234
MRPL37,3830.94,-0.4059409881097686,0.012635955558385687,-32.125863867918646,1.9198499092884937e-226,1.5647007327143493e-225
MRPL38,2889.0981,-0.4595782281252373,0.012930646929648244,-35.54178152304862,1.1130214904303936e-276,1.2955977429200907e-275
MRPL39,861.02563,-0.11356575386306533,0.011830892686430715,-9.599085789470314,8.06566268924545e-22,1.2888221229915085e-21
MRPL3,4102.431,-0.26284976178747865,0.01136484076370824,-23.128327730455002,2.4026177198614875e-118,8.802392326553901e-118
MRPL40,1724.3699,-0.1242940189922508,0.015128257147740236,-8.216017071789201,2.1037352476749916e-16,3.1462532804976974e-16
MRPL41,2071.1074,-0.7953579270341975,0.020817398110931355,-38.20640421996588,0.0,0.0
MRPL42P5,19.50491,-0.15094155326457742,0.02719142306083124,-5.551072223285218,2.8392274730843603e-08,3.71728823951926e-08
MRPL42,1712.6041,-0.17041860246744092,0.011519242771634209,-14.794253914596855,1.595435959778544e-49,3.3718966786184344e-49
MRPL43,2607.7424,-0.1810814036894162,0.011179017028099428,-16.19832971309127,5.18154213579742e-59,1.1882295150112601e-58
MRPL44,1511.7738,-0.08985783426056876,0.011261698185100451,-7.979066103853967,1.4744459940776994e-15,2.178392307215376e-15
MRPL45,1970.6646,-0.054149623466851926,0.011865742618229876,-4.563525875208133,5.0301607008078415e-06,6.309472103243598e-06
MRPL46,953.06323,-0.05088876420959526,0.013059415750909678,-3.896710632407159,9.75080061732509e-05,0.00011872289322894654
MRPL47,1609.0723,-0.45447083286041906,0.013649759399872998,-33.295153383044074,4.537857400302064e-243,4.180372796957001e-242
MRPL48,1065.7675,-0.37189438872379404,0.01235771732590818,-30.09410062682941,5.787877143029633e-199,3.818385960950755e-198
MRPL49,3270.1074,-0.013215624164710685,0.010532360513646928,-1.2547637490747694,0.2095645359336591,0.22380006226780136
MRPL4,2891.4082,-0.5119854432362193,0.014538352672607802,-35.21619366139523,1.1301045051914324e-271,1.275376808270087e-270
MRPL50,974.80743,-0.12909021522848213,0.011361560424340738,-11.362014583130879,6.463664187734411e-30,1.1348201034674445e-29
MRPL51,4042.0444,-0.3389641472768717,0.013053708789704318,-25.966884410981994,1.172290758203165e-148,5.360886690534195e-148
MRPL52,1721.5111,-0.5065751329788774,0.01570416362167126,-32.25737741803832,2.772377868044101e-228,2.2944244315247907e-227
MRPL53,1576.3892,-0.47191272696476816,0.014574189802871744,-32.38003164140081,5.24388193375697e-230,4.391616301495604e-229
MRPL54,1536.0297,-0.35859133348243094,0.017798306309639467,-20.14749759016226,2.8306569261450843e-90,8.333961584871695e-90
MRPL55,1663.5131,-0.6304263332142624,0.016996645651086103,-37.091220594692906,3.891883306586827e-301,5.4569457464739116e-300
MRPL9,2413.8406,-0.29166589508819396,0.010184627556927551,-28.637855774097872,2.2709281333372047e-180,1.3034628098847518e-179
MRPS10,2116.9092,-0.17470754980497963,0.01124563378134713,-15.535589474268933,1.9923180457883987e-54,4.3888339206022514e-54
MRPS11,1421.9231,-0.2512543131570143,0.011414336001357746,-22.01217075852046,2.2019295408123786e-107,7.408964128682765e-107
MRPS12,1812.3772,-0.7943640844843897,0.016858018906008933,-47.12084432419539,0.0,0.0
MRPS14,899.9836,-0.014276510599203474,0.009977745145504367,-1.4308353632018738,0.15247740540577867,0.16450914131723623
MRPS15,2784.261,-0.5451740777719621,0.014505916065748517,-37.58287827538389,4.093405810931803e-309,6.060919920346223e-308
MRPS16,3979.148,-0.32192434033907247,0.009826914999076657,-32.75945099446985,2.2272544153143124e-235,1.941956001772338e-234
MRPS17,749.62427,-0.45641911974226695,0.017570622382682866,-25.976263663380607,9.18517544856223e-149,4.204158879435217e-148
MRPS18A,1909.5933,-0.39753057528331365,0.012716748513582,-31.26039449932779,1.6127064010286201e-214,1.209321901235421e-213
MRPS18B,3307.9539,-0.1355038712068608,0.011758624377048039,-11.523786019677122,1.0011332232529118e-30,1.774823344845527e-30
MRPS18C,692.97473,-0.133604443689254,0.009796527244486042,-13.637939277354944,2.3819679389113375e-42,4.7205767807160436e-42
MRPS21,2950.9739,-0.3476447804941272,0.016079892113218773,-21.619845335177303,1.168682818666911e-103,3.815460793014695e-103
MRPS22,1297.2522,-0.24581518183768433,0.011450624553724899,-21.46740386817769,3.1408069850097933e-102,1.0130495787042835e-101
MRPS23,1900.3386,-0.17589391092373513,0.012751942743239016,-13.793499113458044,2.7889710672732164e-43,5.579860648448842e-43
MRPS24,2912.7793,-0.479996410767502,0.01385423059786275,-34.6461975911928,5.0965559245906e-263,5.401394173281626e-262
MRPS25,2404.375,-0.2696403241127955,0.014374201467714488,-18.758629807605484,1.6458779551396655e-78,4.434091476602944e-78
MRPS26,2481.3977,-0.4951307910216161,0.01533668521376767,-32.284081215746646,1.1701459085706892e-228,9.711781717321917e-228
MRPS27,3015.443,0.023566229738857553,0.009746774803687658,2.417849002722557,0.01561255403283831,0.01769503911120387
MRPS28,841.87244,-0.08236777389151474,0.015190312987275937,-5.422388199671037,5.880799560472463e-08,7.65666037293975e-08
MRPS2,2488.8396,-0.4552528196649406,0.013356829781695166,-34.08389768422749,1.2777459837489633e-254,1.28272339660479e-253
MRPS30,1358.001,-0.4332490872101274,0.018139404670467037,-23.884416003768028,4.4472899446953274e-126,1.729888727245934e-125
MRPS31,740.7408,-0.06845195471966523,0.011151950331829898,-6.138115099409084,8.350635255367936e-10,1.1250783082789744e-09
MRPS33,1572.1129,-0.24592292860511336,0.013433354771248109,-18.306888546669743,7.291922349854498e-75,1.9089140686728523e-74
MRPS34,3153.5664,-0.6678576720034305,0.013260381689648153,-50.364890516296384,0.0,0.0
MRPS35,3258.0308,-0.22841558492084382,0.014209718522413657,-16.07460306553949,3.8444797128514385e-58,8.747179534414668e-58
MRPS36,906.5261,-0.0705297203706219,0.013748631780064413,-5.129944673686755,2.8982734949790716e-07,3.7287281470696246e-07
MRPS5,2252.7087,-0.2916957845140837,0.010551911215307847,-27.643881621266424,3.305870970212191e-168,1.7468005990799377e-167
MRPS6,1900.3018,0.21239075243857805,0.0172495189491501,12.312850756284002,7.724567931389512e-35,1.430067095709367e-34
MRPS7,2918.4038,-0.2449408690265159,0.011272682428711628,-21.72871191710761,1.0984016576651242e-104,3.6185047489327287e-104
MRPS9,1260.0812,-0.27346763350370906,0.010159891509283833,-26.91639307898335,1.412017011523264e-159,6.987665128245536e-159
MRRF,1174.5753,-0.44422838561223715,0.011612373723396553,-38.25474413704133,0.0,0.0
MRS2P2,14.5311,-1.401582248022792,0.043207914367634735,-32.43809076497937,7.974248417781626e-231,6.736420063801499e-230
MRS2,1620.1691,-0.06986298760724993,0.012611519799586234,-5.539616851693167,3.031341250934607e-08,3.966519476044583e-08
MRTO4,2204.2866,-0.4154400989385672,0.012786331722397206,-32.49095267963842,1.4311172060923902e-231,1.2155242052079672e-230
MRVI1,1403.4553,1.8395887218688927,0.02894176818071304,63.56172540607954,0.0,0.0
MS4A10,3.311601,-0.23569829330139008,0.11397955536078044,-2.0678997435578013,0.03864945154716844,0.04308279588528264
MS4A12,31.712362,-4.169198395248666,0.17132167700451298,-24.33549839194512,8.256470629515309e-131,3.3345265928645544e-130
MS4A13,0.033579074,-0.43518049415434157,0.39556819914215274,-1.1001402415515045,0.2712710227512266,0.2872721327538217
MS4A14,118.16184,0.05656135974194495,0.0347363732992752,1.628303543799293,0.10346053843835887,0.1128504206839833
MS4A15,91.15831,0.3995744160223526,0.0760650408934377,5.253062528187305,1.4959072262616974e-07,1.9350133565958385e-07
MS4A1,434.04608,-1.1180003565548122,0.056994661462637715,-19.615878537811934,1.1316475528884583e-85,3.2191159046047395e-85
MS4A2,95.71216,0.5410880989595861,0.047891635772561024,11.298175354235791,1.3397268498405364e-29,2.3398386322298603e-29
MS4A3,23.894382,-5.15988315399816,0.1145106144108715,-45.060304501416475,0.0,0.0
MS4A4A,577.93475,0.6576843644969272,0.029488302873090205,22.30322875234378,3.437796520153895e-110,1.1818659127628024e-109
MS4A5,0.017030057,-0.42195935925391737,0.5281148796389291,-0.7989916124734261,0.4242952754850373,0.44180787201308686
MS4A6A,1602.0044,0.4165202307892936,0.02766260695868359,15.057157534407414,3.0982432745200386e-51,6.641096528316852e-51
MS4A6E,1.3241662,0.046280268094101795,0.08737543910364677,0.5296713649610741,0.5963398049504361,0.612279090674564
MS4A7,1231.243,0.7168124030397844,0.03015051189259477,23.77446875838416,6.136712579358101e-125,2.36534137453903e-124
MS4A8B,236.29395,-1.1825053401015166,0.08107293815059673,-14.585697361861468,3.4636446792074496e-48,7.236898811985269e-48
MSC,832.2789,-0.14904996865482528,0.03873206136201359,-3.8482322761423124,0.00011897322231365135,0.0001445384791194431
MSGN1,0.8421979,-1.2967028660859892,0.12081751051379562,-10.732739489264052,7.144611757883788e-27,1.214267891967243e-26
MSH2,1783.3196,-0.14513500746436914,0.01584307590000482,-9.160784710014864,5.1521289722962714e-20,8.060569718510705e-20
MSH3,900.118,0.1655871499080902,0.011236075075082584,14.737098924810553,3.7244351325834084e-49,7.848646606382943e-49
MSH4,5.316393,-0.2801082907429869,0.04290097055727182,-6.529183072188276,6.612938172301718e-11,9.061300864846592e-11
MSH5,645.10364,-0.6261915699658697,0.02201939288645805,-28.438185066899738,6.822355252571824e-178,3.844349033686957e-177
MSH6,3190.8618,-0.12311428882137296,0.01542296062034354,-7.9825327867971065,1.4336071064862472e-15,2.1185168818286645e-15
MSI1,453.1341,0.26483237325488446,0.045813198313118975,5.780700387797365,7.439027097820253e-09,9.841520091267953e-09
MSI2,848.6532,0.20908701122657616,0.020421157698735086,10.23874426274703,1.3295070420666258e-24,2.2036500748542242e-24
MSL1,4014.5496,0.052727575126795684,0.012960317614840967,4.068386029862177,4.7339906268624926e-05,5.81018297397477e-05
MSL2,1820.9421,-0.024276778910692742,0.012049327845135474,-2.014782834587218,0.04392740838493442,0.04885115569502812
MSL3L2,330.89487,-0.596229742958069,0.027044751645333074,-22.04604245500462,1.0425185946834083e-107,3.5215921800496945e-107
MSL3,1281.9923,-0.07110310153415335,0.01079139247339346,-6.58887179846905,4.431812477245239e-11,6.089442547360182e-11
MSLNL,6.7355037,-1.16235630798158,0.08148824321716797,-14.264098256283113,3.662960631292613e-46,7.522111709954237e-46
MSLN,4688.8784,-0.7036529442470625,0.06915929570172002,-10.174379844495183,2.5803839824026545e-24,4.259286322177367e-24
MSMB,2861.2532,0.9380909991102653,0.10497961612480261,8.935934743703362,4.0375023011056607e-19,6.255194380047953e-19
MSMP,99.91461,0.35435606355194404,0.023176474812144954,15.289472036802339,8.98757950409066e-53,1.9511423664297477e-52
MSN,22455.453,0.38682586802419233,0.021985786516902618,17.594361144496766,2.7210691358892396e-69,6.804009645979984e-69
MSR1,1389.2101,0.8744919391422595,0.03150227660524783,27.75964258394524,1.3328698483024386e-169,7.120413865544305e-169
MSRA,590.72314,0.43773740092364194,0.022786355681210072,19.210505051696614,3.0231073995334193e-82,8.380643184518095e-82
MSRB2,1461.3914,-0.1607521926679897,0.017848819390636813,-9.00632076272325,2.1308527989939734e-19,3.3113527314493783e-19
MSRB3,1656.701,1.4552399011534072,0.027580878082930277,52.76263854898988,0.0,0.0
MST1P2,425.4188,-0.1492915064120483,0.037241850878311444,-4.008702652826294,6.105323310129692e-05,7.474340184662081e-05
MST1P9,309.88623,0.34071531297888136,0.044317995552380765,7.687967579133395,1.4949067678828986e-14,2.1734490385865836e-14
MST1R,1095.0889,-1.362120672909152,0.04064057972785112,-33.51627073310881,2.792732067376133e-246,2.643292987434249e-245
MST1,1271.9095,0.03374250145645997,0.044415115466339465,0.7597076153507275,0.4474293756994079,0.46482699698240776
MST4,1055.7288,-0.6656561036436772,0.029479931224138122,-22.579974782934332,6.818764514426365e-113,2.3947425694187746e-112
MSTN,78.08208,3.0601308231040623,0.04986023798658542,61.37417201914221,0.0,0.0
MSTO1,1529.8987,-0.3067815390659814,0.013565996985331657,-22.61400613590666,3.1555789124510007e-113,1.111687680889253e-112
MSTO2P,299.82108,-0.49246595806675486,0.021389255571482326,-23.023987740992045,2.6811466401246518e-117,9.728295214096914e-117
MSX1,1178.304,-1.7706668634475606,0.04742872772146704,-37.33321445698673,4.747468695414247e-305,6.840319544935503e-304
MSX2P1,6.983946,-0.33029710889933184,0.03936267955767746,-8.391123587390771,4.815178177417751e-17,7.257344722686407e-17
MSX2,391.2542,-0.7478260583111579,0.04507490801684532,-16.59073953144134,8.131293617178707e-62,1.9085197919315343e-61
MT1A,105.84543,0.25278534093066934,0.0508784310682416,4.968418554251732,6.750114042243329e-07,8.62305150191579e-07
MT1B,1.0212404,-0.7709457404643746,0.1660364723696016,-4.643231269984036,3.43002037311428e-06,4.3167326930972136e-06
MT1DP,10.311893,-0.2018907496833538,0.04620785395704338,-4.369186889117146,1.2471000742415306e-05,1.551843433254894e-05
MT1E,3108.9739,0.12665112753829794,0.03828656674116476,3.3079781844770584,0.0009397212956337725,0.001112183807569351
MT1F,1147.1378,0.4887341704409661,0.03927941832833866,12.442500200884144,1.536189605927253e-35,2.862202268424357e-35
MT1G,2490.4304,0.7897309544304669,0.05318580692909591,14.84852820759659,7.111280397629041e-50,1.5076388380228017e-49
MT1H,264.40842,0.8862279936728995,0.06360928304873799,13.932368849274152,4.027718411534924e-44,8.133338538032089e-44
MT1IP,0.59989446,-0.5047108069832748,0.08135081602898606,-6.204127157168793,5.500130234796252e-10,7.43096100937135e-10
MT1L,164.49298,0.11132717341223365,0.03826265815447586,2.9095514734699868,0.0036194777973803465,0.004198082862010281
MT1M,353.2252,0.6133219422218958,0.0462761799274943,13.253512783095992,4.305679938511403e-40,8.376429801065806e-40
MT1X,3915.2961,0.38673448588677933,0.03679900734469007,10.509372773681173,7.821197894677356e-26,1.3135767030006294e-25
MT2A,12305.656,0.028915073070400574,0.03443001657513452,0.8398216424700516,0.401008396871249,0.4187592301960278
MT3,1668.0828,2.5706071897273732,0.07888770145604874,32.5856520380373,6.549340156327953e-233,5.6095084662465625e-232
MT4,2.1493702,-3.800292338184411,0.2401929945129078,-15.821828383842336,2.200096071682261e-56,4.9237942094513745e-56
MTA1,2812.2307,-0.13209675827136552,0.013486955977728142,-9.794408648586472,1.189916398488081e-22,1.9234226245985584e-22
MTA2,4891.6074,-0.38033845386249565,0.010351983724556832,-36.74063483699864,1.6406035069841022e-295,2.1802249868596176e-294
MTA3,1964.963,0.009768167162644708,0.01355017180318072,0.720888805288193,0.4709779310368287,0.48834426778603496
MTAP,1418.9187,-0.18200249704003338,0.018218999767724866,-9.98970851091686,1.6907819738538715e-23,2.7586656680310125e-23
MTBP,257.07397,-0.3929743852028228,0.022851461712832328,-17.196903644117718,2.801050882761741e-66,6.81565613985255e-66
MTCH1,10214.116,0.24466246132663452,0.01291886935814557,18.938380329109112,5.506514288259931e-80,1.4997608614673437e-79
MTCH2,4144.7046,-0.1393282046516598,0.011890059963551703,-11.7180405379588,1.030274557352419e-31,1.8454478016133994e-31
MTCP1NB,727.3898,0.021368776551555006,0.015626138221097687,1.3675020820373824,0.17146798511181827,0.18445084586766924
MTCP1,80.416115,-0.04355890225869392,0.020364726012616702,-2.138938782270263,0.03244062661073393,0.03627698105942723
MTDH,7843.0586,-0.019291561561629395,0.012999495137963451,-1.4840239068431762,0.13780257837873197,0.14916645540262677
MTERFD1,845.03613,-0.3089879316902661,0.01314893646795376,-23.499081651457008,4.1678763210992097e-122,1.5722400226284752e-121
MTERFD2,751.92725,0.17836126597045582,0.012249114303708845,14.561156141424098,4.9611598919808166e-48,1.034455696854132e-47
MTERFD3,688.79736,0.2353744339669059,0.016509632052388746,14.256794652964421,4.067105718582886e-46,8.347838020428366e-46
MTERF,438.4924,-0.031520803316321164,0.014491696464016811,-2.175094088852053,0.029623066344473568,0.03318272394537207
MTF1,1082.3949,0.11800200198536205,0.013700827678798417,8.612764480496772,7.131951606336724e-18,1.0875545109235964e-17
MTF2,1049.1865,-0.1594584000359076,0.013950523264945938,-11.430280929790312,2.951523757820609e-30,5.205758657668698e-30
MTFMT,505.65607,-0.11080331428562672,0.009468959065628339,-11.701741819524285,1.248638583261857e-31,2.2344232149624812e-31
MTFR1,1379.0607,-0.23264740563611358,0.01827490211186565,-12.730432382729903,4.006144822279492e-37,7.577915305842997e-37
MTG1,1355.894,-0.5212378736236122,0.014224545940174336,-36.643550930612264,5.796954986837834e-294,7.643795762761105e-293
MTHFD1L,1402.8175,-0.25892600329390897,0.01945642456464154,-13.30799512693916,2.0798824056297905e-40,4.056747068041474e-40
MTHFD1,4397.851,0.048868158711113115,0.017291445370147377,2.8261465519522733,0.004711170428746924,0.0054419698586586455
MTHFD2L,534.7975,0.0777134980997295,0.017875364204163247,4.347519704333057,1.3768570457218917e-05,1.711529649154475e-05
MTHFD2,3024.5112,-0.15181063540984394,0.023459598865875068,-6.471152225482916,9.725838995239022e-11,1.3296290364227186e-10
MTHFR,1847.4844,0.2018166745299604,0.016551553945152196,12.193216129357493,3.3782090245756894e-34,6.208987770275025e-34
MTHFSD,681.05066,-0.13789897121899924,0.010130088252533325,-13.612810449554926,3.3606742511300776e-42,6.647878651258963e-42
MTHFS,1114.1263,-0.1275089692715144,0.02123471162597967,-6.004742212534366,1.9163613531469865e-09,2.563753501690071e-09
MTIF2,1678.5586,-0.1930932978257523,0.009865799934049381,-19.57198596328092,2.680306905399985e-85,7.600051293459373e-85
MTIF3,1586.8322,-0.19058472872825233,0.012470921983729762,-15.282328682426161,1.0029187301041062e-52,2.1768040966086885e-52
MTL5,415.8663,-0.7149735307486128,0.03465803067781941,-20.629375552090572,1.4956895820595063e-94,4.535410217627269e-94
MTM1,823.02673,0.3880176468428926,0.015835458125662515,24.503089444193705,1.3692825061873538e-132,5.5810255342278955e-132
MTMR10,2113.2761,0.6197682860523716,0.016485607653706665,37.59450661880949,2.64315741833736e-309,3.9221604868753903e-308
MTMR11,989.48456,-0.10618827121598237,0.028953663684949178,-3.667524509901026,0.00024491008072068256,0.00029529624849199376
MTMR12,2224.5894,0.25611876778767634,0.014092827958985041,18.173695764474644,8.338774606811291e-74,2.1626638499372114e-73
MTMR14,1950.9314,-0.24296259054909602,0.010934719404136695,-22.21937130432275,2.2317217002132976e-109,7.622147642114164e-109
MTMR15,1178.5326,0.21188906323697684,0.013043286990083848,16.245066400675338,2.4207917514070486e-59,5.56388567022986e-59
MTMR1,1723.3647,-0.0952008360964882,0.012917552261789172,-7.369882015348798,1.7077911067788754e-13,2.442323626223035e-13
MTMR2,1943.0437,0.28142712411972504,0.01304642736226205,21.57120231503208,3.3487653337489196e-103,1.0904912576742523e-102
MTMR3,3034.036,0.26223301927784914,0.01253058071375496,20.927443449607487,3.0122466120098494e-97,9.345676436133576e-97
MTMR4,2411.6257,0.0615020217954892,0.013089743704966595,4.698489380823683,2.620928140611157e-06,3.307268874098335e-06
MTMR6,1714.7336,0.42273593549954597,0.01337925974961093,31.59636208661239,4.142312853604287e-219,3.2078108553263475e-218
MTMR7,215.3266,0.5428807449017646,0.03230291815684364,16.805935063385313,2.208030519382746e-63,5.260156019671581e-63
MTMR8,34.778343,-0.39786843387868054,0.02906661903160712,-13.688156625510429,1.1950259732153947e-42,2.3752351643749114e-42
MTMR9L,260.1466,0.21179029867905297,0.02549610499291171,8.306770729801034,9.834169859623981e-17,1.4765034230979691e-16
MTMR9,870.9019,0.662398375468851,0.016133712502979982,41.056785618716255,0.0,0.0
MTNR1A,4.572044,-0.34784050887349227,0.06839216873851549,-5.085969860136978,3.657521382739762e-07,4.6974184854402486e-07
MTNR1B,0.8621011,-0.638452996461248,0.1250275834694146,-5.106497132430239,3.281855885975937e-07,4.2192033330755306e-07
MTO1,863.43945,0.11124120688236837,0.010115521067140972,10.997081232297736,3.9470127868193745e-28,6.783490910590549e-28
MTOR,3561.858,0.04300338372073841,0.012392313358054102,3.4701659390164905,0.0005201369134498394,0.0006207554616873955
MTP18,1129.343,-0.5832050587122735,0.020729074524506768,-28.134640455018115,3.694174510533635e-174,2.0310477682947416e-173
MTPAP,1128.024,-0.09517854221447343,0.009607588192156258,-9.906600939888145,3.896782979437422e-23,6.33106732729762e-23
MTRF1L,579.4065,0.14310508630731147,0.01073548127223945,13.330104415287138,1.5468102037176177e-40,3.020478509254458e-40
MTRF1,294.78046,-0.2504131501288359,0.014147937214916449,-17.699622660526117,4.221260110192142e-70,1.0616508287016902e-69
MTRR,1440.021,0.19501823235914115,0.013974726911461484,13.955065712174697,2.930315233818031e-44,5.926712482147953e-44
MTR,2520.433,0.4771548509725661,0.014091187196326292,33.86193401056832,2.4220585056679057e-251,2.3764187526213444e-250
MTSS1L,5232.362,1.2697637037863652,0.02802597971940978,45.30666604696687,0.0,0.0
MTSS1,3274.6218,0.06329324105273013,0.026393044875626805,2.3981030362729983,0.016480228721792674,0.018653526243785905
MTTP,550.80536,0.22562906893976553,0.0693643479691597,3.252810349202492,0.001142697357337626,0.001348960657429939
MTUS1,4133.8955,0.2661657193211983,0.022240787640150226,11.967459229757766,5.261524903774509e-33,9.535284450413497e-33
MTUS2,77.12697,0.32311191833393094,0.045146301590336606,7.156996408385573,8.246385696593665e-13,1.167105779610361e-12
MTVR2,1.7304548,-1.3965582493338353,0.06372294003036805,-21.916098796889884,1.8243842940108374e-106,6.108986816080039e-106
MTX1,1949.8126,-0.5321864995115292,0.013820940972066391,-38.505808004472,0.0,0.0
MTX2,1489.1129,-0.2612522684618522,0.010518202418416438,-24.838109980125758,3.476180130748363e-136,1.451724128859609e-135
MTX3,1121.7502,0.4447346509117314,0.014337063056000438,31.01992710603294,2.9039098978673457e-211,2.116745492684615e-210
MUC12,530.17267,-2.673994897824462,0.06293817507335937,-42.48605706644197,0.0,0.0
MUC13,4032.983,-1.8499985654758162,0.07821864831767192,-23.651630464928992,1.135589041418032e-123,4.335169190742493e-123
MUC15,754.1146,1.2355191997638422,0.07541939818616437,16.381981684792827,2.5722425220556865e-60,5.961102505012148e-60
MUC16,2251.6292,-0.6994222584640617,0.0773387414669287,-9.043620896819816,1.5156621684550826e-19,2.360027999049868e-19
MUC17,851.5792,-2.0392174167401023,0.14331630114311397,-14.228789052431404,6.072418347720727e-46,1.2446226229864722e-45
MUC1,12768.524,-0.7155170131020638,0.045702564064242265,-15.6559490206346,3.0256589313831784e-55,6.70944234658862e-55
MUC20,2865.3354,-1.0399306133626969,0.04179739119904386,-24.880275623194535,1.216574889429548e-136,5.097396207840331e-136
MUC21,621.4961,-2.5172959791317635,0.10120377367476444,-24.873538680697056,1.4389356072282045e-136,6.025357883084948e-136
MUC2,3382.623,-3.458280954245705,0.10493354803631287,-32.95686669289927,3.3730300576259804e-238,3.0092690159161847e-237
MUC4,2981.1084,-1.9951611294405347,0.06126461031481245,-32.56629103144965,1.2313067830798304e-232,1.0519586570173004e-231
MUC5B,8463.37,-1.9693599963403077,0.0716813905909703,-27.473797314813645,3.6110963819910814e-166,1.877862356090841e-165
MUC6,1813.146,-1.0596963322309247,0.07293280170446256,-14.52976311708158,7.849139162145194e-48,1.633953212700552e-47
MUC7,56.090195,-0.967217052571892,0.16354499126078545,-5.914073216889827,3.337494106094705e-09,4.443371861495037e-09
MUCL1,633.4094,1.0000759004336521,0.10380296223964748,9.634367640923388,5.724335727937656e-22,9.170017395946395e-22
MUDENG,1570.5127,0.13010979720622148,0.01144264721330627,11.37060286669689,5.858156499448158e-30,1.0293105046367917e-29
MUL1,1845.0775,0.14012408973883317,0.010320760239870806,13.57691550642855,5.488971853083438e-42,1.0840040542916452e-41
MUM1L1,184.93138,0.9999762566363288,0.049295170386805136,20.285481291367905,1.7276386542016085e-91,5.125764407008241e-91
MUM1,2043.6051,0.3619604989214534,0.01563287270755562,23.1538058098888,1.330922094742251e-118,4.881326414494233e-118
MURC,45.433537,0.31304153125771256,0.03448932395896727,9.076476292494023,1.1214673266492794e-19,1.7483691939086207e-19
MUS81,1373.6626,-0.05550047302558822,0.009466532568366028,-5.862809072357935,4.55101420066275e-09,6.04712818896312e-09
MUSK,6.159599,0.9508123683711287,0.06609404538194462,14.385749319421576,6.358567579770599e-47,1.3145215003711376e-46
MUSTN1,187.7103,0.47772993524499147,0.03605428300947775,13.25029636893371,4.4942495655071894e-40,8.742444764395267e-40
MUTED,737.7633,0.29234842392672467,0.012921341538951216,22.625237715870608,2.446413948968959e-113,8.630487192351245e-113
MUTYH,541.77094,-0.40368749446363716,0.014364801422153501,-28.102546119507604,9.118845555632158e-174,5.0081083535774234e-173
MUT,1996.9263,0.3877040771229506,0.01672143429425615,23.18605391740395,6.295808148231063e-119,2.3165797594403797e-118
MVD,1824.7463,-0.6400892859799464,0.020410570360696666,-31.36067609421271,6.958870824364555e-216,5.272633089439448e-215
MVK,1294.6797,-0.4629406190357364,0.018916000284139606,-24.47349397768278,2.8298787330153766e-132,1.1515790750641625e-131
MVP,11480.721,-0.395700644216416,0.02034211084277166,-19.452290240421327,2.7870071640564327e-84,7.834945989094851e-84
MX1,5919.4097,-0.4934520887642527,0.02934490482331633,-16.815596838200502,1.8759372015971035e-63,4.4711081113691676e-63
MX2,1445.6335,-0.4869434696198573,0.030881155369516307,-15.768304773354869,5.141125450647788e-56,1.147677336071692e-55
MXD1,1987.7404,-0.8346053942961177,0.026261894004310005,-31.780091495272405,1.2196680720812305e-221,9.62077577663765e-221
MXD3,618.9163,-0.7920098204792831,0.019208467350941217,-41.23232770263029,0.0,0.0
MXD4,4214.4023,0.15884970298888035,0.015885293265853084,9.999796688068866,1.5271025949987132e-23,2.493206233486672e-23
MXI1,2464.5376,0.6199204845328151,0.017364087786396625,35.70129868949829,3.773924459771905e-279,4.46445834262035e-278
MXRA5,7319.711,0.797210733980144,0.03649268978054707,21.84576524159389,8.528447915318515e-106,2.838029929845859e-105
MXRA7,6850.8213,0.6612629025834468,0.0238631769405445,27.710597974066665,5.20362920523174e-169,2.7689672501127285e-168
MXRA8,3977.5112,0.7413388284433591,0.03176473973988351,23.338419723066107,1.806829624899948e-120,6.715086588780218e-120
MYADML2,22.216578,-0.8628559664176098,0.050966935240493894,-16.92972046182717,2.7166714043570034e-64,6.508438823406005e-64
MYADML,1.36184,-1.4591798285308628,0.10488467084678314,-13.912231565873446,5.338737603613339e-44,1.0763652096649233e-43
MYADM,7450.1274,0.6957039757660397,0.022826142816380294,30.478385304187036,5.040427328356411e-204,3.4703435907341284e-203
MYBBP1A,2879.5786,-0.32212968815952414,0.014120169657893913,-22.81344317838538,3.3724425713552693e-115,1.2043423664308355e-114
MYBL1,333.72137,0.3399925423845815,0.026733463220144367,12.717863734481966,4.705493551429487e-37,8.896651487142731e-37
MYBL2,3127.3684,-1.179218346807984,0.03828786764016574,-30.798746952701265,2.7236573572464735e-208,1.9381663801531267e-207
MYBPC1,1077.0135,0.3243791189611229,0.08567011556442264,3.786374242920155,0.00015286140141006544,0.00018527744664568208
MYBPC2,98.315636,-0.9636876361408241,0.06313441718385215,-15.26406165015341,1.3272331086355686e-52,2.8764252564095744e-52
MYBPC3,8.205776,-1.3535629039500578,0.04532547718855151,-29.863180443072007,5.92019447378677e-196,3.814216433285596e-195
MYBPHL,20.840742,-0.6050549606711815,0.062906224808704,-9.618363882288852,6.688655979317274e-22,1.0701323935789421e-21
MYBPH,70.54292,-0.5489067572242071,0.07143598106500322,-7.6838975127216225,1.543201370109652e-14,2.2425436612464242e-14
MYB,1237.6544,-1.3495265342344531,0.04884041431273959,-27.631349021591756,4.676375857523906e-168,2.467764024969653e-167
MYCBP2,3530.7883,0.25425656361357013,0.019146251455173888,13.279704604781132,3.035894086773588e-40,5.911790312063461e-40
MYCBPAP,31.84489,-0.387046801924745,0.037480307128189415,-10.32667103289669,5.338109982680981e-25,8.890590734407893e-25
MYCBP,1481.1796,-0.4284621229818662,0.014261500956010247,-30.043269940763054,2.673207757818819e-198,1.7539103042679128e-197
MYCL1,1060.0405,-0.8846725769444633,0.034736408627946996,-25.468164726525718,4.44244378499502e-143,1.940435808168067e-142
MYCNOS,6.531669,0.05558810229292806,0.06371093849550022,0.8725048414858012,0.38293302810801844,0.400520602067873
MYCN,369.65466,-0.0961875409341103,0.04718960815158383,-2.0383203993797507,0.041517901094844864,0.046204381129875724
MYCT1,401.32782,1.3425403001399985,0.02582530907933227,51.98544946803443,0.0,0.0
MYC,5528.487,-0.42867748430365066,0.026020701933403098,-16.47447810596347,5.5969473864453616e-61,1.3043526996410384e-60
MYD88,3066.548,-0.31042946234057084,0.01584491927301387,-19.591735179697377,1.818844754321709e-85,5.164555139921294e-85
MYEF2,1125.0817,0.6570142251529609,0.033009031195625864,19.904074774543034,3.7515444961270215e-88,1.0869175237889573e-87
MYEOV2,1714.4385,-0.3527963780277888,0.016107726284772098,-21.90230773671111,2.46951201456425e-106,8.259700197882957e-106
MYEOV,546.9345,-0.9964369759770432,0.05634829285403071,-17.683534416176478,5.6162477410607645e-70,1.410574731806762e-69
MYF5,1.704862,1.0856739325732436,0.22357958584626297,4.855872366271271,1.1985788868867193e-06,1.5234980057518086e-06
MYF6,10.791948,-0.5200407123179972,0.1110899785795319,-4.681256752117275,2.851215722221336e-06,3.5963013994612593e-06
MYH10,5207.7476,0.8767665339930688,0.02279270353722078,38.466982758815675,0.0,0.0
MYH11,30722.76,2.9788582370293395,0.05216469787865375,57.104868966341975,0.0,0.0
MYH13,6.142973,0.31999289085931926,0.0702431621846368,4.555502356488534,5.2260529715145975e-06,6.553973909514949e-06
MYH14,9863.864,-0.8120428338752524,0.03631565571753042,-22.360682130909737,9.504896039890619e-111,3.284286803736136e-110
MYH15,58.163933,0.7164666550192856,0.045966840508788256,15.586597797216596,8.978988173386373e-55,1.98397243566283e-54
MYH16,4.8634195,-0.8575521969824301,0.06892517376171457,-12.441785057330813,1.5500074609158785e-35,2.887683189676644e-35
MYH1,60.15263,-1.0502307155854058,0.11419580164965897,-9.196754174968763,3.6892521458937436e-20,5.783881444497977e-20
MYH2,263.29208,-1.475130929467313,0.1256606302862229,-11.739006291050272,8.042585411868057e-32,1.4414912967710344e-31
MYH3,211.78835,0.5882465743675304,0.0386310152059928,15.227313370637907,2.3296995005437673e-52,5.033466213686783e-52
MYH4,29.937805,-2.5590389588838973,0.11262103929251747,-22.72256564989735,2.680835144219771e-114,9.506901707223535e-114
MYH6,34.339775,0.4070385853801311,0.083614661887176,4.868028838403504,1.1271688465003098e-06,1.433893435759798e-06
MYH7B,114.9168,-0.27032273443148025,0.04031706538720552,-6.704920902235763,2.0151549291153076e-11,2.785047804077018e-11
MYH7,329.62878,1.0621261722100577,0.09603915454865981,11.059303647575469,1.9762583076137637e-28,3.408271315943127e-28
MYH8,41.202293,0.4888293886667531,0.11498645554273039,4.251191032539463,2.1263669883749914e-05,2.6295757466030767e-05
MYH9,54502.758,0.06369815905457968,0.016723688352870004,3.808858291935836,0.0001396099367396719,0.0001693469198095198
MYL10,1.2273601,0.15796613755595018,0.14288724184023563,1.1055300355827042,0.2689299871204269,0.28489674304218815
MYL12A,12749.697,-0.11171250440070199,0.01579170622299335,-7.074125039005866,1.5039463361540537e-12,2.1199780833455917e-12
MYL12B,16443.605,-0.3084428712439173,0.014766106316837993,-20.888571748409777,6.80234070988693e-97,2.1034151657440467e-96
MYL1,93.69759,-0.1874913464343281,0.23850984737029468,-0.7860947818361621,0.4318119611486918,0.44938198216154046
MYL2,86.620026,-0.2901936898010004,0.12114519561568363,-2.395420539181758,0.016601312165636716,0.018788488208360547
MYL3,70.69359,0.7592073262196748,0.06327465581460923,11.998600647376174,3.613542356247608e-33,6.558041436160194e-33
MYL4,49.51083,1.0647576216856045,0.055028364809892004,19.349250615824253,2.0682743169075824e-83,5.784860120610176e-83
MYL5,378.99188,-0.44478870378259994,0.019337033539110416,-23.001909930134097,4.460566879552993e-117,1.6158840053526582e-116
MYL6B,1974.1812,0.02366048865736581,0.02107905341251261,1.1224644766695666,0.26166500333044496,0.27759042274006196
MYL6,34535.88,-0.013692933204088091,0.015164059825260024,-0.9029859656237074,0.3665333434926028,0.3840780451987184
MYL7,4.8222675,1.2351862724165303,0.11778844118779551,10.486481185766067,9.967149534415455e-26,1.673300877143269e-25
MYL9,16392.453,1.5039058781961077,0.03356327053799858,44.808084971739085,0.0,0.0
MYLIP,1785.2544,0.33140876962876153,0.018962892690297883,17.476699100782366,2.156255351494658e-68,5.351603401326313e-68
MYLK2,45.099464,0.6478230610728404,0.04337761327283545,14.934502205047075,1.9653626523404443e-50,4.184565806211996e-50
MYLK3,60.109207,0.20773922442131387,0.04183542429992189,4.965629676228759,6.847851713101716e-07,8.746810529332946e-07
MYLK4,100.249596,0.2920844175729663,0.028873976861837125,10.115836102889439,4.699867908253961e-24,7.733140505031906e-24
MYLK,9151.82,2.243879091929666,0.032451316715617094,69.14601067172741,0.0,0.0
MYLPF,49.44563,-0.3851843594185295,0.06586007322110315,-5.8485261339659,4.959477304808422e-09,6.585143054105176e-09
MYNN,922.6833,0.03099598257397466,0.013470865382903412,2.300964466122073,0.021393639674772254,0.024098107955110998
MYO10,6047.509,0.1578708597214313,0.02773029061254458,5.693083492244901,1.2476533680815291e-08,1.643331495165417e-08
MYO15A,49.11792,-0.012092601221588997,0.028889458143213708,-0.41858179414935187,0.6755217972843746,0.6894745210263489
MYO15B,2733.0142,-0.5770084869722926,0.032200591111180024,-17.919189277614088,8.353666604320187e-72,2.1285644355113227e-71
MYO16,105.216995,1.8334068075075867,0.04851022192655225,37.79423665147293,0.0,0.0
MYO18A,3864.317,0.0124254064523721,0.01858862239223238,0.6684414901861849,0.5038518185976936,0.5209445520710194
MYO18B,66.86024,-0.3761771927306585,0.06108425428111084,-6.158333226095948,7.351454531799016e-10,9.915745515628473e-10
MYO19,1886.9186,-0.6781655950518726,0.016304372299741483,-41.59409406166623,0.0,0.0
MYO1A,377.16425,-1.9419879171777266,0.0677939350823888,-28.645452057291877,1.826412988265676e-180,1.0498007348419224e-179
MYO1B,5213.9404,0.09876688876409495,0.025186463612222227,3.9214274097680932,8.802596735097401e-05,0.00010730295469940125
MYO1C,10290.974,0.11144488968922295,0.018372449668316415,6.065869913983842,1.3124132731229355e-09,1.761100832290393e-09
MYO1D,6557.2837,-0.2560289431276831,0.02486859951442876,-10.295269863473216,7.401175451187403e-25,1.2304469296972427e-24
MYO1E,3159.3047,-0.03694091664006205,0.019723543887470902,-1.8729350491383163,0.06107735454669806,0.06745911469734855
MYO1F,1185.5288,-0.28210599646976464,0.027822049750331194,-10.139655381300813,3.683968966679243e-24,6.0707413815348104e-24
MYO1G,853.90607,-0.7355144430245247,0.035716199448917955,-20.593300921518058,3.1514915863873125e-94,9.530780927994547e-94
MYO1H,13.623559,-0.4683161431982465,0.039990239776293894,-11.710761071151742,1.1226731555050732e-31,2.0102465059742993e-31
MYO3A,102.84922,0.13955178751997288,0.06197761897953021,2.2516480919679025,0.02434451936306993,0.02736473441435185
MYO3B,119.33417,0.6200276305743591,0.051156906508895775,12.120115794463477,8.26422947704916e-34,1.5122366342193408e-33
MYO5A,2779.1401,0.4349596311686046,0.02773303882074876,15.683807100258521,1.9519572136395174e-55,4.334158241082663e-55
MYO5B,3267.6191,-0.2604140281768479,0.03014674594074176,-8.638213513615472,5.709883194677223e-18,8.716820033025914e-18
MYO5C,1760.5319,0.003625264871912788,0.0285743741887374,0.12687119052782922,0.899042348975831,0.9036585130979483
MYO6,5016.1426,0.13274931213299612,0.023204020723755815,5.720961626149989,1.0592282117192693e-08,1.3974097435453995e-08
MYO7A,570.9995,-0.12895947043946032,0.028333820661223443,-4.551432437629184,5.328190806065548e-06,6.680829994499506e-06
MYO7B,850.8007,-1.2282526317440414,0.05500874595527195,-22.328315441743456,1.961838762933173e-110,6.765087292438427e-110
MYO9A,878.4503,0.9463061882840758,0.024191162835621158,39.11784624468952,0.0,0.0
MYO9B,5336.065,-0.03028056245052453,0.015265239641268186,-1.983628371523483,0.04729728396558954,0.05253848779219978
MYOCD,217.65182,3.0284822906930597,0.05144863676464726,58.86418924075497,0.0,0.0
MYOC,113.96249,2.551352246194754,0.06885686336246534,37.052983850924655,1.6077802191354083e-300,2.2419724302313548e-299
MYOD1,9.313245,0.7701906583637199,0.11064870036697708,6.960684181642517,3.3862412804501834e-12,4.7463329589456305e-12
MYOF,7314.156,0.2115191607178417,0.02641694302484569,8.006950710341597,1.1758759131657965e-15,1.7399271543093574e-15
MYOG,18.655088,0.2047831366330496,0.11207238996480126,1.8272398464721429,0.06766371516951257,0.07449924704646078
MYOM1,438.69617,1.1458958655911056,0.041984334096261296,27.293415276369657,5.078021759237706e-164,2.6028057652648653e-163
MYOM2,203.67958,0.8744810125903647,0.037247994126370525,23.477264564194527,6.964150758681146e-122,2.6193080601512926e-121
MYOM3,508.47516,0.3319995563649683,0.05645276188906893,5.881015299434874,4.077574695197439e-09,5.421587200857149e-09
MYOT,64.26387,0.8411121727218335,0.05724224184430827,14.693906905490412,7.052739480979456e-49,1.482874347756488e-48
MYOZ1,94.39412,0.7094298274709647,0.04376273767919406,16.210819183011168,4.22893928127167e-59,9.703254235028731e-59
MYOZ2,23.990904,0.7832290656443309,0.06214676176909498,12.60289423533285,2.0353629962616275e-36,3.8226895978681254e-36
MYOZ3,68.14278,0.6280485304432053,0.038049732537803575,16.50599067468398,3.322357144586962e-61,7.756865723239216e-61
MYPN,26.051046,-0.013509446482100732,0.07056728889007037,-0.19144063339525103,0.848180387874747,0.856467836362562
MYPOP,424.8616,-0.33822161185659844,0.012392681258968743,-27.29204477939938,5.271824211712285e-164,2.7001023679559854e-163
MYRIP,379.9346,0.5347376737150301,0.04218872687336052,12.674894772723817,8.146794265403478e-37,1.5363151579228365e-36
MYSM1,266.47998,0.10509536311005281,0.02337909497378351,4.495270806158366,6.948146232771206e-06,8.690625370337837e-06
MYST1,1634.268,-0.04162617799647722,0.012051098946331537,-3.4541395919040725,0.0005520515482059843,0.0006582650503646266
MYST2,2583.0583,0.33060139393764204,0.013298152601202463,24.860700869664257,1.9811107322693318e-136,8.288827249953006e-136
MYST3,3302.332,0.2478275991634674,0.016173406184668115,15.323154339523125,5.355422188486305e-53,1.165359558950328e-52
MYST4,2014.9043,0.3885158075327483,0.018961512276911285,20.489705771297007,2.659958413305816e-93,8.001491332224158e-93
MYT1L,105.56838,1.9630921106299648,0.10537981527068273,18.628729852937106,1.8793137946027027e-77,5.0198044534658126e-77
MYT1,246.30696,1.3020160859300511,0.06073579495805216,21.437376210014257,5.989683187046133e-102,1.9255322912533115e-101
MZF1,913.3046,-0.3593552607158908,0.01801141614866494,-19.95152728412903,1.4537901941706297e-88,4.224020916671878e-88
N4BP1,2803.425,-0.10593808951196995,0.012286670969689325,-8.622196343770787,6.568195794607179e-18,1.0019623721145478e-17
N4BP2L1,644.3176,0.4221034627006296,0.022818900963657192,18.497975137930524,2.1437806072170695e-76,5.680753531476288e-76
N4BP2L2,2444.061,0.11190186108217622,0.01360296917853787,8.226282042800609,1.9311399271993353e-16,2.889188549224814e-16
N4BP2,390.42612,0.22749099839594603,0.025692282791086467,8.854448639140406,8.409847849090647e-19,1.2968951095261057e-18
N4BP3,607.5431,-0.23223558696619254,0.028068725105594824,-8.273820278353218,1.2973366994265296e-16,1.9456705608563325e-16
N6AMT1,503.54968,0.22865586810846847,0.013687584885248665,16.705347950382002,1.198269744251789e-62,2.8390054373585676e-62
N6AMT2,300.45435,-0.06266506516130158,0.015678421218312057,-3.9968989408263966,6.417768252358904e-05,7.852595940247306e-05
NAA10,2624.2317,-0.6539709504989749,0.014646783042859955,-44.649459788221144,0.0,0.0
NAA11,14.3490305,-0.6627211344784053,0.1719535671914051,-3.854070289456203,0.00011617022021855176,0.00014117528284065512
NAA15,2270.9268,-0.10298962261794509,0.012641378694062306,-8.147024554079662,3.729879681180933e-16,5.558642883329377e-16
NAA16,597.86035,0.03859775765840514,0.013931567382708131,2.7705251389239014,0.005596597984540215,0.00644536363656829
NAA20,2830.3325,-0.3736987964008231,0.012855113221535111,-29.070050956439367,8.586715634545951e-186,5.1371420394863653e-185
NAA25,1269.1041,-0.12134731908581904,0.012177962995277885,-9.964500559976456,2.179666064911573e-23,3.550917933546828e-23
NAA30,1183.8685,0.2943704284459149,0.010884004055237045,27.04615203669214,4.239017235928334e-161,2.1220101280124156e-160
NAA35,894.1178,0.09213214170077419,0.011142371507723908,8.2686294956965,1.3550766742383174e-16,2.0315173792943965e-16
NAA38,1015.98395,-0.37986665697228333,0.01210389373586382,-31.383839387711987,3.362200147323358e-216,2.5531903319416725e-215
NAA40,1177.7772,-0.14285194253787703,0.012798526710691436,-11.16159271821057,6.285527831204335e-29,1.0901947615904675e-28
NAA50,6164.0493,-0.23086097499551045,0.013848006944571672,-16.671061468957916,2.1278210936618005e-62,5.024392211303711e-62
NAAA,1234.4081,-0.008273914722353311,0.023880442804300843,-0.34647241636839277,0.7289877105389104,0.741739257277309
NAALAD2,82.67466,0.5542580384697414,0.03692603859097379,15.009951232765715,6.319415005473045e-51,1.3504457866739343e-50
NAALADL1,157.96866,-0.0756001920279669,0.028711629890192516,-2.6330860462154,0.008461290816348676,0.009686971811845172
NAALADL2,362.32983,0.03425563960481859,0.033032760993358584,1.0370201755676998,0.2997264545598113,0.3162873004915357
NAB1,2576.1619,0.1964911565955862,0.015688327974324998,12.524671648703238,5.471732739196728e-36,1.0236056862749811e-35
NAB2,2069.4878,0.21177698410562135,0.019894761517494048,10.64486165965848,1.8425776801506282e-26,3.1193280384322835e-26
NACA2,375.6945,-0.7364744579416811,0.027082741554783914,-27.193497248124416,7.753209540965441e-163,3.933406255781595e-162
NACAD,674.1991,1.049976560199504,0.04105747486929526,25.573335027106758,3.0212068323061985e-144,1.3316464580844749e-143
NACAP1,358.14896,-0.5691155245699303,0.025558127357018477,-22.267497012594955,7.634843848975969e-110,2.6181200256240817e-109
NACA,30355.197,-0.21578205755808647,0.01145359016496651,-18.83968733385506,3.570687126598132e-79,9.675977533663168e-79
NACC1,4597.3477,-0.31245424391022775,0.013732883396512139,-22.752268033498666,1.3627048340924372e-114,4.8409191619766054e-114
NACC2,213.4751,0.8635793910877299,0.02276341366940714,37.937165472168886,0.0,0.0
NADK,2850.486,-0.26826740373815167,0.011700124516955625,-22.92859390935396,2.4099165988845135e-116,8.680731075139739e-116
NADSYN1,2644.9128,-0.7117568630265637,0.014470284936000296,-49.187480839150574,0.0,0.0
NAE1,1845.0259,-0.09792355893846022,0.010843242453854937,-9.030837349177498,1.7036314484187858e-19,2.651091695968666e-19
NAF1,406.1944,0.11214891710043412,0.012494323668618008,8.975989423270548,2.808163743935858e-19,4.35957035708328e-19
NAGA,2688.5957,-0.0831175007558805,0.0122179516111847,-6.802899815038726,1.0253395673390067e-11,1.425490866665859e-11
NAGK,2857.283,-0.21042840196363344,0.012772789762541587,-16.474740904352082,5.572679527433959e-61,1.2988458213970002e-60
NAGLU,2477.591,-0.06801349242332917,0.016815364285822622,-4.044723103660189,5.2385001502288346e-05,6.418936175655061e-05
NAGPA,768.8989,-0.37214632734597375,0.013180673026919117,-28.234243166940935,2.222361245145358e-175,1.2311578936031113e-174
NAGS,294.12305,0.09501411946922746,0.03248565186728053,2.9248026130861007,0.003446747744914487,0.00399979122997686
NAIF1,489.38907,-0.17701424611387379,0.007969519812118422,-22.21140674557413,2.664632630732401e-109,9.094594422310303e-109
NAIP,218.46198,-0.7188869265979774,0.03100047073940651,-23.189548721405647,5.804869045221085e-119,2.1363219250118596e-118
NALCN,282.44385,1.768682369738882,0.050692574935499404,34.89036356881321,1.0408918997378634e-266,1.1332362666718269e-265
NAMPT,6699.6284,0.0015521533917487132,0.024311932225443297,0.06384327569506507,0.9490950195019058,0.9512443017791217
NANOG,45.390816,-3.459284540454343,0.06782783328118971,-51.00095894429353,0.0,0.0
NANOS1,481.74924,-0.013906452815637939,0.020788501084858396,-0.6689492791650526,0.5035278333937138,0.520662459244381
NANOS2,1.1694015,-0.19111566868311,0.08615925933200311,-2.218167497780726,0.026543413960950498,0.02979365778095662
NANOS3,45.048443,-1.0134890354224568,0.04393621706177899,-23.067280325872925,9.867564135305539e-118,3.597023065903052e-117
NANP,427.10547,-0.12952596616774037,0.012493153700159073,-10.367755754585101,3.4759213764496757e-25,5.800039611764523e-25
NANS,2989.5322,-0.599726020874081,0.018640451697194516,-32.173363103874934,4.1631642753730504e-227,3.410779134097381e-226
NAP1L1,16009.331,0.08498972574350079,0.013250885725834318,6.413890173228369,1.418524175978664e-10,1.9338244073088e-10
NAP1L2,318.37216,1.147813623474989,0.04137776412822325,27.739865786805037,2.309073823840324e-169,1.2319296116238248e-168
NAP1L3,498.86087,1.9384510761242726,0.04223204705259724,45.90000275643895,0.0,0.0
NAP1L4,5965.3813,-0.13994094069441043,0.009813164412399426,-14.260531548578562,3.855069067478215e-46,7.914223166763031e-46
NAP1L5,514.98035,0.9819313064234254,0.030331980148555468,32.37280591686623,6.627501526069863e-230,5.541244499764122e-229
NAP1L6,20.607943,0.5435047075257331,0.061495353132572,8.838142718752145,9.73229047605267e-19,1.4994680021337696e-18
NAPA,7576.3467,-0.29017955014366503,0.013104231872293991,-22.14395723241022,1.1928960927349328e-108,4.055806872409903e-108
NAPB,1012.0875,0.6048488418961793,0.025959184975841917,23.299993526725217,4.433919530113802e-120,1.6433673350370816e-119
NAPEPLD,1155.6133,0.3940974067255973,0.014624719358134879,26.94734832681653,6.127429336882907e-160,3.0411587974061213e-159
NAPG,1547.7285,0.13916372858806894,0.010969380625164565,12.686562108057142,7.02001402965084e-37,1.3249324708413967e-36
NAPRT1,3256.6453,-0.9737162564848382,0.023506233104464182,-41.42374714645006,0.0,0.0
NAPSA,4460.826,-0.21445523987809803,0.0728513454692591,-2.943737531499554,0.003242748778151604,0.00376886010015348
NAPSB,714.4274,-0.7081429130583614,0.03892914378503445,-18.19055967345969,6.131090059167916e-74,1.592331451902023e-73
NARFL,1508.8247,-0.3041748773640377,0.012472545647906218,-24.387553748107543,2.3180345502489904e-131,9.391615006670488e-131
NARF,2405.1982,-0.5263309236552205,0.014225049098368341,-37.000288717147015,1.1329377534971681e-299,1.5658845704989034e-298
NARG2,1705.717,0.14574464202193974,0.011091498210881245,13.140212372658356,1.9368239604002513e-39,3.743288305466937e-39
NARS2,971.97144,-0.07697556760378553,0.014595789417988664,-5.273820099714275,1.3361288828586985e-07,1.7291029701322297e-07
NARS,7105.525,0.072084145062487,0.010275925815106493,7.014856506312756,2.301850722015475e-12,3.235527399165497e-12
NASP,5062.065,-0.27996932840754873,0.015884628797696723,-17.625172861964796,1.5788537574420566e-69,3.9542236004136827e-69
NAT10,3083.4438,-0.2895763830856815,0.010563491209380155,-27.412943064556522,1.9226100362567525e-165,9.95230555000031e-165
NAT14,1000.3839,-0.3356185036741058,0.025596772079274997,-13.111751069028227,2.8201100193279692e-39,5.443175946482568e-39
NAT15,3507.3257,-0.13142690286053915,0.010408303252939498,-12.627120834841332,1.4965439190325792e-36,2.8153888049883826e-36
NAT1,822.97345,-0.010815530344978062,0.0409008248355457,-0.2644330618872655,0.7914462382015751,0.8018040387910961
NAT2,62.445312,-0.13925288708322636,0.06265674485569243,-2.222472415442997,0.02625139620232676,0.029470756839435924
NAT6,438.22723,-0.16864845200250733,0.014050854219685214,-12.002718793155738,3.4381362450043494e-33,6.241374570846505e-33
NAT8B,43.616978,0.7887726668290722,0.054651653924643086,14.432731860533961,3.220673441584832e-47,6.670365269300671e-47
NAT8L,398.83926,1.3917299811282302,0.048234829559291884,28.85321652100934,4.617298434610935e-183,2.7098177812119922e-182
NAT8,1280.7784,1.25681334953804,0.08230716264775953,15.269793163891205,1.2155802511939376e-52,2.6361310539047056e-52
NAT9,1397.8727,-0.3462855962074913,0.013109431167702893,-26.41499785746763,9.215593908334239e-154,4.370376808287369e-153
NAV1,3333.3699,0.588673614839092,0.024880136886232005,23.660384889797292,9.228283722154596e-124,3.52558882153022e-123
NAV2,3053.033,0.5710887630788749,0.02658055982194094,21.48520448419861,2.141192744158715e-102,6.920549782239607e-102
NAV3,324.18185,1.1543768900863844,0.03871629310918257,29.816307228353793,2.4013624143177814e-195,1.5378841583232373e-194
NBAS,2523.154,0.1822824347741711,0.010314968799649478,17.671641893901356,6.934877555281407e-70,1.7404730294375513e-69
NBEAL1,344.1451,0.6309415465547008,0.026674497274798703,23.6533622379004,1.0899346973345552e-123,4.162442412874547e-123
NBEAL2,3639.5718,-1.0067784301664846,0.022896976007897783,-43.96992990774064,0.0,0.0
NBEA,724.63934,1.1740759327693544,0.03440156589798531,34.12856078269718,2.7817646886733193e-255,2.8078308030094253e-254
NBL1,9002.52,-0.08611891347356795,0.028204286832162254,-3.0533980166222032,0.002262656147229923,0.002644701831522219
NBLA00301,238.21838,-0.11319244016282295,0.07562842091474949,-1.4966918361341526,0.13447346150077683,0.14566348511275953
NBN,2948.7646,0.2016679134876605,0.013221893469722664,15.252574372155381,1.5826797701335267e-52,3.427119489486117e-52
NBPF10,1715.2073,-0.2863220942047578,0.030234412477490775,-9.47007303078642,2.7964810970690973e-21,4.4378796987473505e-21
NBPF14,939.6542,-0.2874368871577019,0.027585945761356756,-10.41968579378389,2.0161816479453833e-25,3.3728383048907197e-25
NBPF15,709.7646,-0.4595641857409024,0.02618957957211728,-17.547596916377273,6.205044683399578e-69,1.547764086122666e-68
NBPF16,330.18423,-1.3638923584551916,0.040075277585748345,-34.03326041939188,7.179394732265648e-254,7.164965556578252e-253
NBPF1,1208.9943,0.5255645548219986,0.01659217750604645,31.675441914147473,3.3857755504530104e-220,2.6339703642213543e-219
NBPF22P,2.8335838,-1.0339939765281285,0.08697554769828683,-11.88832958103344,1.361013680133621e-32,2.4579861184991031e-32
NBPF3,295.3988,0.06466538350121286,0.020814767146084677,3.1067070338750638,0.0018918378390711615,0.0022173820705613
NBPF4,36.792786,-0.6196847790917948,0.0821505680282785,-7.543280514852705,4.58293870052089e-14,6.617308439993248e-14
NBPF6,13.475054,-0.531252747621353,0.1307947186006703,-4.061729351957415,4.871053028322343e-05,5.975882410582379e-05
NBPF7,4.0552406,-0.6733024162016703,0.03966813397718439,-16.973382629718056,1.2926673684248167e-64,3.104933335743375e-64
NBPF9,710.6064,-0.13268229829745024,0.024867786477070275,-5.335508989503026,9.527690831090879e-08,1.2360559334109425e-07
NBR1,7662.4795,0.37748820912600495,0.011752185900273136,32.12068055503033,2.268033207051149e-226,1.84773461634071e-225
NBR2,360.70663,-0.16739057278031974,0.017016235834482897,-9.837109358881106,7.791738298003912e-23,1.2621896881688545e-22
NCALD,1467.7682,0.527795211824869,0.02977711299431199,17.72486177305665,2.695749848962439e-70,6.788221542984082e-70
NCAM1,3499.8901,2.407671799210959,0.05241287647234147,45.93664689404137,0.0,0.0
NCAM2,400.95425,1.607426042426226,0.052338526766630665,30.712099513107965,3.9238784285794166e-207,2.768061016197101e-206
NCAN,2157.6238,3.9173772890980003,0.09178183011950325,42.681403105575846,0.0,0.0
NCAPD2,4572.6587,-0.43259274171264783,0.01879610234473865,-23.01502374154384,3.296889154337721e-117,1.1956068096395025e-116
NCAPD3,2383.8657,-0.03891317353774774,0.027067676339570714,-1.4376251972859555,0.1505404275825384,0.16250543823716326
NCAPG2,1323.0557,-0.322016511135664,0.01971521828856643,-16.333398211594393,5.711260552074073e-60,1.3195137718982755e-59
NCAPG,968.00415,-0.6684934738940189,0.029861221589012162,-22.38667537097679,5.307311794894937e-111,1.8388625056546293e-110
NCAPH2,2207.281,-0.28764380637117215,0.01413750158444351,-20.34615555323346,5.021461804389308e-92,1.4948375621518046e-91
NCAPH,716.5796,-0.7851735510261929,0.030378421484619174,-25.846423634082903,2.669113460144987e-147,1.2083718242181852e-146
NCBP1,2050.81,-0.06699562095577737,0.01108840327417107,-6.04195385929321,1.5225901294187786e-09,2.039771826336574e-09
NCBP2,4212.9146,-0.06712766207151227,0.011236587209653884,-5.974025815760119,2.3146914884032654e-09,3.091164579363862e-09
NCCRP1,853.68146,-2.632747672317397,0.059802007793541306,-44.02440268237511,0.0,0.0
NCDN,2458.7866,0.48656956979822125,0.019949399189218488,24.39018665089344,2.1736298903765054e-131,8.808306317311957e-131
NCEH1,1817.7655,0.03842732371705605,0.024961489298101946,1.53946438283945,0.1236909666788143,0.13431962825976
NCF1B,107.22512,-0.7985818206505231,0.034987166943421154,-22.824992430565608,2.5898195084817904e-115,9.259946500382994e-115
NCF1C,149.34274,-0.9071515307255038,0.03614115300566001,-25.10023768703329,4.943691346680026e-139,2.0999084524735793e-138
NCF1,422.45947,-0.7995548376323474,0.033787518135935564,-23.66420742759323,8.428864712729578e-124,3.221991300909904e-123
NCF2,885.4358,-0.16063896866639532,0.02969243648721026,-5.410097239261219,6.299053688789835e-08,8.195452073752061e-08
NCF4,546.486,-0.4774575952506051,0.02756257852643707,-17.322675191388367,3.1725968731987564e-67,7.800833302107909e-67
NCK1,1384.2771,-0.037270490284050516,0.014921844174313473,-2.497713409191613,0.01249972023688392,0.014215272276992498
NCK2,2849.7446,0.010267308619725109,0.014684015575721887,0.699216679986418,0.48441662804844376,0.5016142683707984
NCKAP1L,1337.899,-0.1557502769711139,0.03181653153297821,-4.895262603017455,9.817454166344468e-07,1.2510863130483664e-06
NCKAP1,8687.715,0.326601039706761,0.016337777723093118,19.990542486394407,6.65681596088292e-89,1.9399673081536695e-88
NCKAP5L,1551.6079,0.06632677269781447,0.017301326220824233,3.8336236107716526,0.0001262693032936836,0.00015329259068313085
NCKAP5,300.0684,0.7696797232497725,0.032846775058297466,23.432428963991782,1.997122497810778e-121,7.48103347432008e-121
NCKIPSD,1520.6782,0.030118801068492112,0.012331219316481056,2.442483609730094,0.014586591948586605,0.01655434670167092
NCLN,4598.3096,-0.6583666830798041,0.013850446493126852,-47.53396819420313,0.0,0.0
NCL,26867.564,-0.16242204317248585,0.009868508049835429,-16.458621946930922,7.273761309991864e-61,1.6939659861601963e-60
NCOA1,3101.5298,0.5584864234879061,0.014539503170601575,38.411658014363816,0.0,0.0
NCOA2,1391.84,0.4155494646698238,0.02517245097228184,16.508105036231797,3.207992916769871e-61,7.491572355186718e-61
NCOA3,3101.9858,-0.05506033411524331,0.015423110527539252,-3.5699889472313955,0.0003569962904059945,0.0004284671034826176
NCOA4,10225.051,0.24023611251839846,0.014693142310331095,16.35022022140783,4.3341082091210935e-60,1.0024779485287018e-59
NCOA5,2368.0515,0.010604972188859552,0.009061663915910411,1.1703117978409472,0.24187551583191924,0.2572802312864182
NCOA6,3734.491,-0.023334961976802102,0.012318267325903187,-1.8943380070777252,0.05818015925080923,0.06432201260859219
NCOA7,3445.7612,0.008543675031633592,0.024866449259424835,0.34358242877781936,0.7311603409138006,0.7438745827001287
NCOR1,4627.4624,0.2533748330084926,0.01643295660072481,15.418700308459222,1.2254583013531712e-53,2.6824110909847557e-53
NCOR2,10122.635,0.08601576774431853,0.015060029900234286,5.711527023128978,1.1196691329846217e-08,1.4759044272213606e-08
NCR1,5.4386277,-0.30561130267643555,0.04961912756795904,-6.159143009071776,7.313965665599483e-10,9.86583363055323e-10
NCR2,0.9584217,-1.7980568925033436,0.09440562695061964,-19.0460775547187,7.0813668063708e-81,1.9442959785691586e-80
NCR3,28.329243,-0.5765910088093511,0.0374441388518944,-15.398698607811081,1.6699646507832396e-53,3.65029099477088e-53
NCRNA00028,0.5072557,0.5463506906585628,0.06941357948728699,7.870948230794325,3.519632698787896e-15,5.168135745735505e-15
NCRNA00029,0.34210894,-1.1070648209612648,0.16932381788617235,-6.538151777947077,6.228370121593378e-11,8.537798768214354e-11
NCRNA00032,1.1063848,0.29906323205945334,0.05501143325656284,5.436383209008197,5.4372950324190595e-08,7.082398564620577e-08
NCRNA00051,0.38245693,-0.6547078864694929,0.11862189381783943,-5.519283712287453,3.403842588117241e-08,4.4479352536250905e-08
NCRNA00052,9.044166,-0.11889342538477643,0.11614381895843652,-1.0236741520211583,0.30598920805848284,0.32261182220935536
NCRNA00081,553.791,0.37547386402883254,0.014423472400586548,26.032140777248856,2.1434326523820855e-149,9.868418220227697e-149
NCRNA00085,159.19664,0.2031043511751051,0.026245608551212135,7.738603232567258,1.0051491874886471e-14,1.4648412532628036e-14
NCRNA00086,462.9938,0.433179359382265,0.04295161166413901,10.08528766672412,6.417692489141287e-24,1.0537769286751146e-23
NCRNA00087,181.0046,0.24398198789637582,0.03676713945954943,6.6358708205951284,3.2259227376389874e-11,4.441807183524425e-11
NCRNA00092,48.983593,1.050835950392478,0.040299927569982644,26.07538062116002,6.936368376287039e-150,3.2058461696442183e-149
NCRNA00093,28.685724,0.7608605055847897,0.04554434432261589,16.70592730889245,1.1866873038619813e-62,2.8118909240370203e-62
NCRNA00094,1579.0323,0.446430408734081,0.015430718294550762,28.93127851940207,4.827423528645651e-184,2.847089096746721e-183
NCRNA00095,144.02805,-0.2557072601909568,0.02321985065541853,-11.01244206888495,3.328570755079259e-28,5.7254454209748765e-28
NCRNA00099,0.53355736,-0.29344317520677876,0.1082845197902562,-2.7099272894700848,0.0067297959393025205,0.007732049409044019
NCRNA00105,207.13402,-0.7180308612406416,0.028047684489962463,-25.600361466473505,1.5114688125125043e-144,6.677949990004791e-144
NCRNA00107,34.21069,-0.3501845907586005,0.02550348620505599,-13.730851850723743,6.634880460937264e-43,1.3215882135233515e-42
NCRNA00110,5.857087,0.9100267625670473,0.0563529404409123,16.148700590366477,1.1597918122766809e-58,2.6512689766607843e-58
NCRNA00111,0.12997314,-0.5724027474666507,0.14047860738797469,-4.074661317546986,4.6081361254786266e-05,5.659129169901035e-05
NCRNA00112,0.12600258,-0.5204942648074329,0.1975401760158335,-2.63487800459241,0.008416752798732514,0.009636524025947321
NCRNA00113,1.9705851,0.7044770420085548,0.10921595377496755,6.4503125931590946,1.116196818977004e-10,1.524019250053841e-10
NCRNA00114,2.5059338,-2.738379574274485,0.11003543551338879,-24.886342853991675,1.0458433741838029e-136,4.38474572796706e-136
NCRNA00115,61.99819,-0.14882765860035432,0.018632851508050833,-7.987379630865907,1.3783712989906613e-15,2.0374835748312546e-15
NCRNA00116,755.8794,-0.6848179028014948,0.02213791828671269,-30.934159839795168,4.149767499994403e-210,2.9948641096202073e-209
NCRNA00119,2.503553,0.5770957745414687,0.03601665379063614,16.023025845102413,8.824931223446226e-58,2.0020812879222388e-57
NCRNA00120,77.97629,-0.14149901349776675,0.022229891324182925,-6.365258895523082,1.9496060263440135e-10,2.6525012757509873e-10
NCRNA00152,575.98596,-0.24891181474403917,0.02619386732871107,-9.502675249149148,2.0456605437810047e-21,3.2532106710543256e-21
NCRNA00157,0.07107202,-0.3642654235894618,0.2459997343943598,-1.4807553531968918,0.13867177775331294,0.15005148675416943
NCRNA00158,3.9191463,0.21260712893279546,0.052345106252500904,4.061642895655364,4.8728576858920174e-05,5.977736179023595e-05
NCRNA00159,0.2624492,-0.29899148248661017,0.11272982582731264,-2.652283726088835,0.007994932834979455,0.009159239074185286
NCRNA00160,3.0521882,-0.2549838850047371,0.0937958949821413,-2.718497275955264,0.0065579195746669865,0.007535426381117799
NCRNA00161,2.0532825,-0.2597864447983689,0.07664490524410336,-3.389480931198038,0.0007002507896094685,0.0008322964461240686
NCRNA00162,18.634798,-1.1290447548001241,0.07881588681245193,-14.325091050320445,1.525280604050671e-46,3.1408099340414292e-46
NCRNA00164,2.906178,0.06314680731087952,0.06280438292471802,1.0054522370926238,0.31467913734515573,0.3314305513300582
NCRNA00167,5.60904,-0.1678193431126573,0.02845638596324541,-5.897422930986902,3.692226261849771e-09,4.913074148039182e-09
NCRNA00169,8.251384,-0.5802920669320921,0.027601462788509785,-21.02396062768318,3.959726675989452e-98,1.237391794266604e-97
NCRNA00171,70.21273,0.168407825658511,0.018349151940377926,9.177962349743474,4.39325573758989e-20,6.880176427814814e-20
NCRNA00173,44.04934,-0.11561570787201868,0.03934500554159387,-2.9385103974580624,0.003297935958816297,0.003830595514921325
NCRNA00174,447.3824,-0.47367522071661916,0.02096792862913146,-22.590463230522733,5.378082092714526e-113,1.8917134299511928e-112
NCRNA00175,5.247716,1.6224489513617817,0.06268082261446574,25.88429576524649,1.0007104788080808e-147,4.5435915785133185e-147
NCRNA00176,125.55184,-0.4399262981097796,0.03805370141143573,-11.560670363003767,6.519781293699622e-31,1.158762351448543e-30
NCRNA00181,216.8393,0.03788840814699545,0.026017038037057665,1.4562921456711813,0.14531187586400207,0.15701117082662233
NCRNA00182,396.73795,-2.477596328148027,0.04012164910565607,-61.75210599204291,0.0,0.0
NCRNA00183,543.44525,-0.10159419286941943,0.012063749538172519,-8.421444141222569,3.718716197982412e-17,5.611008899038311e-17
NCRNA00185,26.308447,-0.11659699277237387,0.080659664060888,-1.4455427521289657,0.148305493550775,0.16016930365499063
NCRNA00188,17654.576,-0.20792843372386316,0.018371610160502164,-11.317921069917789,1.0697878742654442e-29,1.8719219022062897e-29
NCRNA00189,11.459758,0.2939534819748813,0.05647129265786743,5.205361310848769,1.9361950822417058e-07,2.499777771536488e-07
NCRNA00200,3.2880929,-0.7670620471483279,0.13850002292413396,-5.538353214342072,3.053289955424067e-08,3.994982660827672e-08
NCRNA00201,1637.9707,-0.17726903226172763,0.021628063942333645,-8.19625060913337,2.4800102554316668e-16,3.705183003620262e-16
NCRNA00202,25.996237,-0.5053203291571365,0.03846448927183026,-13.137320648820141,2.0122646793132797e-39,3.8879848729371795e-39
NCRNA00203,5.140156,-1.8498971103474504,0.062249619746785,-29.71740418451298,4.5758795231969736e-194,2.9040003495251617e-193
NCRNA00204B,13.625686,-0.5938627372999813,0.025065846020888728,-23.69210824981065,4.3485734501387824e-124,1.666025722080833e-123
NCRNA00207,0.09239485,-0.15145517084214222,0.20297584190792325,-0.7461733840761573,0.4555626840336311,0.472938691766901
NCRNA00219,944.32825,0.010917746444309427,0.020826915680311125,0.5242133118458149,0.6001301831033932,0.6161397074030248
NCRNA00230B,11.236822,-0.5051453072719335,0.10360349539078517,-4.875755449819146,1.0839282570066088e-06,1.3795758554887188e-06
NCRNA00235,4.0822086,0.32114479101636617,0.030245705075747153,10.6178642624496,2.4612786164628867e-26,4.1584374566446396e-26
NCS1,2622.5686,0.7092740414546602,0.0263194944106113,26.948619543721186,5.92079971961916e-160,2.9393211775597774e-159
NCSTN,7345.9004,-0.002544188470707353,0.010698180013422159,-0.2378150739205511,0.8120245267427446,0.8215070234523721
NDC80,621.8366,-0.5769903368535817,0.029408917618657524,-19.619570646405872,1.0523824307519428e-85,2.995310206581687e-85
NDE1,1384.2695,-0.17254155972645768,0.018913775704129082,-9.122533883532837,7.33880233660043e-20,1.1458752724200333e-19
NDEL1,1935.3595,0.03780328799475021,0.012787097351868495,2.9563619447400438,0.0031129155396289955,0.003619202071344111
NDFIP1,7715.515,0.4647885960574341,0.015129023332513845,30.72165240558226,2.92511911845087e-207,2.0656434315831169e-206
NDFIP2,2626.5564,-0.13448249643975244,0.01989303949495081,-6.760278964603995,1.3772629688929726e-11,1.909150730829443e-11
NDNL2,993.3696,0.10804987573816441,0.013020656310182595,8.298343275804442,1.0557325569625484e-16,1.58426027325131e-16
NDN,1331.6151,0.6496325181826014,0.030798163710989607,21.093222449194112,9.179101708003176e-99,2.8776922031604043e-98
NDOR1,1770.9205,-0.5403831177708265,0.013686857812861821,-39.481897536994744,0.0,0.0
NDP,241.0654,1.5114552711994578,0.05847287592577223,25.848827294182666,2.5080981499081943e-147,1.1359815402442921e-146
NDRG1,33859.324,-0.26077878834406587,0.03147769042932389,-8.284559152444373,1.185473828530873e-16,1.7785601823920443e-16
NDRG2,8417.252,1.8266871673576075,0.03311613080285841,55.16004204210769,0.0,0.0
NDRG3,2791.789,0.20119108544201666,0.014955904086528676,13.452285082734434,2.9850302366828255e-41,5.860388677784536e-41
NDRG4,2697.4065,0.8330824241106336,0.04952915425681441,16.82004137989122,1.740371224713796e-63,4.1494575200782496e-63
NDST1,6242.359,0.5287888457432808,0.015682373601324958,33.71867417433576,3.0785950194858643e-249,2.980366904503695e-248
NDST2,1169.1863,0.06906050408781594,0.011164241572514165,6.1858661548348834,6.176239595485671e-10,8.338333018865568e-10
NDST3,35.524998,0.7946910153876354,0.052795671920140314,15.052200047566387,3.339413164157212e-51,7.155784928857666e-51
NDST4,8.029192,1.4398160549608365,0.09960927004112918,14.454639155234537,2.3435476505198185e-47,4.857695644159335e-47
NDUFA10,4185.8047,-0.21588307211969496,0.010136141668166983,-21.29834795005733,1.1759581550725915e-100,3.7414177338838706e-100
NDUFA11,4931.1104,-0.5104095781540459,0.01700050114931518,-30.023207767296107,4.886506995508227e-198,3.1998840759585716e-197
NDUFA12,1950.3903,-0.25218056271135963,0.011733435956433785,-21.49247361537621,1.8309244728582536e-102,5.923373803102047e-102
NDUFA13,7877.8413,-0.5008200374888948,0.017143300211949673,-29.213747137193575,1.2973223852757377e-187,7.863109985659049e-187
NDUFA1,4150.3984,-0.44381466954295684,0.015291188665517095,-29.02420990617923,3.256837494517701e-185,1.941040824089165e-184
NDUFA2,2782.441,-0.4718954333625484,0.016908775511626114,-27.908315007085115,2.1149513273561127e-171,1.141826944408462e-170
NDUFA3,2233.866,-0.5896752126594416,0.019177692147957164,-30.747975726696325,1.3013968165475546e-207,9.209293635068357e-207
NDUFA4L2,6347.369,0.35958721206117056,0.04794182422361724,7.500490811195076,6.357931438749835e-14,9.157490354546013e-14
NDUFA4,7757.8564,-0.007809996178315577,0.015770680533107293,-0.49522252143273715,0.6204430547618122,0.6357761300531374
NDUFA5,3411.0176,0.2291207282526693,0.01548095816212748,14.800164553973723,1.4612470068544314e-49,3.089576052814349e-49
NDUFA6,2891.0671,-0.24569486068412483,0.01385374280582945,-17.73490847402913,2.2546312731923493e-70,5.680242307996911e-70
NDUFA7,1862.5062,-0.4972387041487716,0.015657124848834775,-31.757982959801005,2.463640609314045e-221,1.937321713596935e-220
NDUFA8,2198.9976,-0.3040351556667733,0.0129404347381246,-23.494972295717155,4.5911867125541156e-122,1.730001300775296e-121
NDUFA9,3503.8494,-0.40715002076587636,0.013409272448383351,-30.36331928768911,1.67615305182107e-202,1.1424439230674646e-201
NDUFAB1,2513.1448,-0.3448271193109245,0.012892916099035055,-26.745471440455,1.3940158347268295e-157,6.789657506986488e-157
NDUFAF1,734.1058,0.054929832805549826,0.013094623464975828,4.194838664316738,2.7306587986872176e-05,3.3705276150402e-05
NDUFAF2,419.35123,-0.2571411722905592,0.015095071779356945,-17.034776385906895,4.5347166955355734e-65,1.0930890031305795e-64
NDUFAF3,2755.186,-0.25930674573922785,0.015511991066895728,-16.71653526752066,9.9328592416563e-63,2.3563631006860946e-62
NDUFAF4,661.2506,-0.19292636156774676,0.014569438707355387,-13.241852719442637,5.029267232141425e-40,9.780385096873366e-40
NDUFB10,3850.5674,-0.38076188177716386,0.014288679648321008,-26.647800297062805,1.8978902859541322e-156,9.167057729950219e-156
NDUFB11,4578.21,-0.4999231965893973,0.015075991877586686,-33.16021928431971,4.034515663089187e-241,3.665270164428057e-240
NDUFB1,1803.3951,-0.37479975683696753,0.016723646924373527,-22.41136508871899,3.0494524488704876e-111,1.0594505530128712e-110
NDUFB2,3944.7898,-0.19366463598838082,0.01602135556887549,-12.087905742795634,1.2236622172335241e-33,2.2331067659248222e-33
NDUFB3,1631.0833,-0.22288083766413364,0.011346671018181008,-19.642839499533125,6.656985900141102e-86,1.897110525489539e-85
NDUFB4,4477.6187,-0.3699406174743375,0.012334318266340715,-29.992789993418068,1.218573095664776e-197,7.946486116156046e-197
NDUFB5,3360.313,-0.15697444201751545,0.013146575777840919,-11.940329152637768,7.293399890029042e-33,1.3199958072815473e-32
NDUFB6,1740.0605,-0.09353415930468252,0.013207884911340829,-7.08169096963968,1.4240594778869617e-12,2.0086204039282704e-12
NDUFB7,4000.0083,-0.4816165749506593,0.01822124997732349,-26.431588148454985,5.9411388411697237e-154,2.8254063458858773e-153
NDUFB8,3994.3972,-0.3208298696661833,0.015015351184690228,-21.366790940814226,2.7221147808238215e-101,8.697353236470838e-101
NDUFB9,7286.6025,-0.45487562869657533,0.01614979735270094,-28.166027025750918,1.525164868674316e-174,8.396655370832992e-174
NDUFC1,1916.4087,-0.19188371805395962,0.014417809359208182,-13.308798394633355,2.057643624163716e-40,4.014524824566277e-40
NDUFC2,5500.939,-0.1035159278846332,0.016674862709367855,-6.207902858863028,5.369632356863116e-10,7.256096187002268e-10
NDUFS1,3134.042,0.1813819726642541,0.013409595825675927,13.526281852354884,1.0941956937561621e-41,2.1556735174358144e-41
NDUFS2,5288.4604,-0.14468489525246073,0.01263307157656345,-11.452867529134911,2.2749323105076705e-30,4.0165941297047665e-30
NDUFS3,3582.1003,-0.2898371121631334,0.012050333175669215,-24.052207348784556,7.915425310748077e-128,3.1206456990999247e-127
NDUFS4,1460.082,0.025057049951793225,0.013420817517253214,1.867028585969594,0.06189759600674861,0.06833540247824928
NDUFS5,6165.9463,-0.4762824611408082,0.015522630377005223,-30.683102642601042,9.565448831652078e-207,6.733851063748432e-206
NDUFS6,3117.6377,-0.7156480365235267,0.01710057387082194,-41.84935791801758,0.0,0.0
NDUFS7,2915.8936,-0.4552440695910118,0.018329486086518555,-24.83670668354671,3.599678712995788e-136,1.5029913641895254e-135
NDUFS8,4334.2236,-0.6181738289416804,0.017637994973380543,-35.0478515202343,4.204367255737693e-269,4.6748614396266354e-268
NDUFV1,6614.153,-0.2850857602339527,0.014946395976519153,-19.073879795625885,4.1624592804321424e-81,1.145337322480308e-80
NDUFV2,3671.9194,-0.3003894036817659,0.014767464038003086,-20.34129914985632,5.54422037458825e-92,1.649974895574363e-91
NDUFV3,1707.2043,-0.21355717327608223,0.011835643273125916,-18.043562850612986,8.864042928481344e-73,2.2754135667753334e-72
NEAT1,25214.668,-0.14111690812975528,0.026583647392115668,-5.308410318879287,1.1058547287282829e-07,1.4333797938612792e-07
NEBL,3152.947,0.6215209624821629,0.035925300915274384,17.300369005897746,4.6738565115692495e-67,1.1472756778278074e-66
NEB,605.55536,-0.06919938599696633,0.048706623338600374,-1.4207387261462094,0.15539272977573274,0.16758346146329817
NECAB1,343.8538,1.5368559135854372,0.0377792113295931,40.679936385585464,0.0,0.0
NECAB2,158.2399,0.7421819828130175,0.06050185245057269,12.267095183892874,1.3604707896562785e-34,2.5102251954515296e-34
NECAB3,1574.9749,-0.41164250127424085,0.021085973081126516,-19.52210124192423,7.124709667457747e-85,2.0129331684675585e-84
NECAP1,1762.7335,0.25446017066767374,0.013898616956286764,18.30830876683552,7.104222090807947e-75,1.860255402530662e-74
NECAP2,3225.8364,0.0018803945148776608,0.010948120761248752,0.17175500306256958,0.8636301420797929,0.8711180173703184
NEDD1,1051.983,0.03513245950665282,0.014634303300458758,2.400692317587233,0.016364089344114208,0.01852825176335138
NEDD4L,4248.248,0.030330197504076593,0.026219095948707354,1.1567979904193426,0.2473549030809149,0.26287510945473436
NEDD4,982.0666,0.4510392725732612,0.021695965791662206,20.789084795966833,5.433728703637359e-96,1.668053116365395e-95
NEDD8,4521.3936,-0.21672580364549351,0.011267992007666974,-19.23375553497276,1.9312323364250315e-82,5.361783599792338e-82
NEDD9,3635.3257,0.6558858815232406,0.023803529599741045,27.554143967387756,3.947287111449277e-167,2.067476673578488e-166
NEFH,1299.7097,0.6237354057410756,0.056131041591054726,11.11212954652309,1.0951613570322704e-28,1.8949847074468801e-28
NEFL,1294.8345,0.3726095594492854,0.06860356811238981,5.431343728927594,5.593128262294356e-08,7.284448457782165e-08
NEFM,524.1391,0.43714924787207166,0.06964356065626331,6.276951433165373,3.452758758036732e-10,4.679139689467472e-10
NEGR1,482.77325,1.5218567437258066,0.04019719365198776,37.8597759062852,0.0,0.0
NEIL1,293.07462,-0.4382918722202771,0.023796197584322665,-18.418567532362026,9.32384559757824e-76,2.459180885102933e-75
NEIL2,1035.3689,0.20667333462624948,0.01707534844340847,12.103608621001861,1.0106856204463426e-33,1.8474186161489577e-33
NEIL3,150.24548,-0.7738411625407858,0.03442697710656425,-22.477755166986075,6.851754199565093e-112,2.3922974403866527e-111
NEK10,79.419,0.5380017646094981,0.04851393953716135,11.089632582762988,1.4086513981288127e-28,2.4351476449439156e-28
NEK11,427.6338,0.45728217899810714,0.02343796485800957,19.51031933738214,8.971991531516298e-85,2.532031821321601e-84
NEK1,783.4667,0.7454280732256562,0.016427368963096704,45.37720403676477,0.0,0.0
NEK2,696.9864,-0.7636024407286577,0.03303302865160733,-23.116331499064714,3.172299023032834e-118,1.1613888834728552e-117
NEK3,486.2563,-0.2777573025205556,0.020487300547625844,-13.557535404670153,7.149829472540576e-42,1.4104978510799764e-41
NEK4,1002.6665,0.2841609519791005,0.012983222017376374,21.886782156138715,3.4717273552813905e-106,1.1592733676590754e-105
NEK5,33.496555,-0.5669123832748358,0.04689946118560298,-12.087822950274415,1.224895731203479e-33,2.235157496779746e-33
NEK6,2363.784,0.1500671586261371,0.021739682895991548,6.902913871563743,5.094652178132936e-12,7.122786958838652e-12
NEK7,2862.383,0.4704518354093804,0.015409817868330261,30.529357285671573,1.0628783735854655e-204,7.355248405107577e-204
NEK8,280.74072,-0.18860775808193794,0.018170186230681815,-10.380067418541843,3.0555932984401715e-25,5.099919983845176e-25
NEK9,3833.5376,0.35671543154300134,0.011396879413113016,31.299395089902575,4.755587271232963e-215,3.5792606748625476e-214
NELF,3602.6516,0.28009494219060316,0.022814850467575237,12.276869514822277,1.2057408111081551e-34,2.226546682390107e-34
NELL1,181.12367,0.3874814217113401,0.07845819076283189,4.938699426330669,7.864532366496511e-07,1.0037866870384457e-06
NELL2,1365.3877,0.7288412110313871,0.047407117842111254,15.374088200400255,2.442578211353538e-53,5.32880945188027e-53
NENF,3127.0457,-0.3968347360153181,0.017177402685350823,-23.10213850629149,4.406398394378177e-118,1.6097230380611038e-117
NEO1,4092.9988,0.34943246029991476,0.02086305977050693,16.748859666015534,5.772214162645491e-63,1.370934532632986e-62
NES,6388.534,1.4064426323234385,0.033017999458517466,42.59624009293593,0.0,0.0
NET1,5910.547,-0.3395257071152152,0.021803720895018742,-15.571915855553943,1.129720932984345e-54,2.4934939803369772e-54
NETO1,53.397003,2.09789569390092,0.05937420311468877,35.33345432609124,1.8000457915625315e-273,2.0611435472678052e-272
NETO2,1080.3334,0.028860830129268798,0.02991527481984722,0.9647522980507987,0.334668893686502,0.351847353811696
NEU1,4881.392,-0.17479312115843668,0.018271400042161712,-9.566487557335353,1.1059935714846296e-21,1.7643726000513692e-21
NEU2,1.1012046,-2.4796787222197474,0.15987894350096976,-15.509726721484787,2.9814508825913245e-54,6.559965256530507e-54
NEU3,215.18681,0.13780252766233128,0.022787793409345645,6.047208046296235,1.4737739796156029e-09,1.9755441434681365e-09
NEU4,333.26517,1.2442380485538516,0.06203991871433218,20.055442920275993,1.809254795574333e-89,5.2946123879686434e-89
NEURL1B,2176.5952,0.3287119621182296,0.022370835228089067,14.693772439282698,7.066752318171834e-49,1.4856671875842664e-48
NEURL2,110.564095,-0.15853420449411237,0.023624524400407743,-6.710577610247094,1.9385550589120504e-11,2.6795466389021954e-11
NEURL3,112.11333,-0.35048836513374765,0.04094617018696488,-8.559734977248857,1.1312727155321497e-17,1.7203152984403225e-17
NEURL4,1295.6245,0.1536717161653066,0.012976569004536791,11.842245520490106,2.3604706726078817e-32,4.249807430458424e-32
NEURL,374.80573,-0.4009341557125894,0.04555948226632145,-8.800235116125728,1.365298078444849e-18,2.099245040333712e-18
NEUROD1,33.98852,1.2456918857617727,0.11916803866159752,10.45323813123395,1.4160613642106958e-25,2.3737828994619643e-25
NEUROD2,23.322166,2.574654300130135,0.0867525520682146,29.6781390143503,1.4705273319518097e-193,9.27461770483485e-193
NEUROD4,19.150835,-0.4969752588025982,0.16975397386472546,-2.927620764852496,0.003415663836445153,0.003964171704833364
NEUROD6,5.231288,6.602163746441019,0.20271005308271417,32.569493451551025,1.1092474493724396e-232,9.48075937102162e-232
NEUROG1,1.6863282,-2.328173300349885,0.16504550218651465,-14.106251121698929,3.475698939817957e-45,7.079007074405141e-45
NEUROG2,12.129322,-0.589473838490168,0.0804856004806468,-7.323966460707592,2.4074688050542524e-13,3.433050178756008e-13
NEUROG3,4.4129143,-1.0996443947228958,0.09466612931101027,-11.61602785205458,3.4165475436940246e-31,6.086052274220548e-31
NEXN,743.3542,1.6291858494108094,0.03108960392029288,52.402914285678726,0.0,0.0
NF1P1,0.31117246,-0.7264312053606455,0.20564446952172588,-3.532461665758046,0.000411709912064922,0.0004927690828765283
NF1,4050.0886,0.4622532952433155,0.014216924059518639,32.51429727753407,6.696352000568188e-232,5.701841504791625e-231
NF2,2404.3428,0.036258758577047134,0.012892613966522004,2.8123667296018895,0.004917839798444812,0.005674902253388762
NFAM1,597.7818,-0.13680392687502627,0.027558102253596967,-4.964199842794698,6.898488330883977e-07,8.810936256491022e-07
NFASC,1316.4456,1.722779847587928,0.036598149391954604,47.07286778731625,0.0,0.0
NFAT5,3645.5625,0.2632872350702228,0.017243592703392548,15.268699487341925,1.2361382145757454e-52,2.6804279380708918e-52
NFATC1,897.3005,0.1496877359119907,0.023087070355863923,6.483617609540972,8.954901218292117e-11,1.2248090957555204e-10
NFATC2IP,1823.3693,-0.25076220330509313,0.011834432938021172,-21.189203117578604,1.2011287241261186e-99,3.792459630037787e-99
NFATC2,215.37062,0.37175691697830054,0.03567011096582365,10.422084678527895,1.9659602516143716e-25,3.2890939898608755e-25
NFATC3,1575.0421,-0.12335262824779769,0.014750252000367,-8.362747175080708,6.127443176967781e-17,9.224921662344677e-17
NFATC4,1422.8483,0.3140677579412876,0.027682682284054978,11.34527914306152,7.827605325743322e-30,1.3722743203892905e-29
NFE2L1,17230.46,0.18755415865218206,0.014096452114611475,13.305061240038938,2.163158164279693e-40,4.218365619403282e-40
NFE2L2,6757.4087,0.013226078930228076,0.015928060025764714,0.8303634534798335,0.40633332206618167,0.4240371164050127
NFE2L3,1845.8619,-0.7318219185272524,0.029091463007762254,-25.155899458613888,1.2180257524949446e-139,5.1965185027335654e-139
NFE2,219.9999,-2.239345579855888,0.04789212629281082,-46.758115648585026,0.0,0.0
NFIA,3063.656,0.7750239724558512,0.021773339508487748,35.595089680833254,1.6687574493595238e-277,1.9525421213511804e-276
NFIB,3989.9795,0.9149254644778589,0.025011096823236514,36.580781360529905,5.781074185966528e-293,7.549511825021972e-292
NFIC,1953.011,0.5637981148936092,0.020904409590282183,26.970296025758202,3.297892020052887e-160,1.6408060517169287e-159
NFIL3,1656.4858,0.35762289032193384,0.02044972354136265,17.487908313214486,1.7714052913623234e-68,4.399126656116802e-68
NFIX,7107.274,0.9250199827186543,0.02536561015738401,36.46748400607182,3.634982464873557e-291,4.6927462271630154e-290
NFKB1,2869.7175,-0.047228650700871226,0.01442401554682669,-3.274306696879678,0.001059215806529378,0.0012520073505069443
NFKB2,2904.9055,-0.46726659528008485,0.017793394623237854,-26.26067735663228,5.398049352777296e-152,2.5310660242559415e-151
NFKBIA,6506.234,0.06630285455282806,0.017988055462352378,3.6859378542386008,0.00022786195430043803,0.0002748735869883639
NFKBIB,1359.7485,-0.43408512426620505,0.014263434577816906,-30.433422041372317,1.9853113392069657e-203,1.361365899458222e-202
NFKBID,134.14175,-0.4551701137750708,0.025782603364065595,-17.65415646154113,9.453551888765194e-70,2.370840883263988e-69
NFKBIE,1200.5024,-0.4083092060810527,0.017954460785815876,-22.74137947955637,1.7465255992869008e-114,6.1990088347074636e-114
NFKBIL1,1219.2902,-0.18510687219619174,0.015524400082644762,-11.923608719871165,8.916110289500209e-33,1.6122487732830157e-32
NFKBIL2,1076.629,-0.9278362329743154,0.023349087980725103,-39.737579203960905,0.0,0.0
NFKBIZ,1604.7552,-0.25151833356104525,0.0298537132211521,-8.425026786377725,3.6066772907983424e-17,5.442765025821914e-17
NFRKB,1589.1996,-0.03813489342258776,0.010574882270257945,-3.606176640835318,0.0003107416518038455,0.00037367922558030067
NFS1,1469.06,-0.11719336090195152,0.012756860809501199,-9.186692764936883,4.051047877426645e-20,6.348159154597372e-20
NFU1,1203.291,0.05422109357991662,0.011069568673369097,4.89821195204836,9.671268262976975e-07,1.2325342758431815e-06
NFX1,2254.4333,0.0731429298570188,0.009533959500550677,7.671831399409038,1.6955773669151586e-14,2.4622153789604647e-14
NFXL1,529.2698,-0.017180451029917207,0.0137827418074247,-1.2465191084594054,0.2125738784452903,0.22694240122011877
NFYA,1972.5175,0.019422009481430875,0.012822964323639292,1.5146271167288643,0.12986686105181194,0.14078591182927794
NFYB,1498.6881,0.25322703377141226,0.011631800825508114,21.770234684219712,4.443497142842419e-105,1.4690672025191427e-104
NFYC,2483.015,-0.0960318638721887,0.009138004864716682,-10.509062458806877,7.84697344235464e-26,1.3177970165214726e-25
NGB,34.766487,-0.33767735029586043,0.08457556423091096,-3.992611262680113,6.534965309905963e-05,7.993112571004836e-05
NGDN,1161.0139,-0.030781271765274752,0.010465572143974306,-2.941193404604973,0.003269503259878369,0.003799141789557634
NGEF,801.6434,0.14712486971822827,0.03987525115963558,3.6896286653902757,0.0002245816222561525,0.00027096463479394387
NGFRAP1,5227.9116,0.3608763594093329,0.023138270878499505,15.596513728459533,7.687929891797945e-55,1.6998106501641437e-54
NGFR,1232.1378,0.7423174499649113,0.04180063559596198,17.758520639256037,1.4808642896007843e-70,3.736851273175802e-70
NGF,63.87456,0.9679056503387672,0.03933517530949221,24.60661844578575,1.0730768638139358e-133,4.4099256904295354e-133
NGLY1,1254.1626,-0.03456231640815617,0.0104043771544518,-3.3219015319305036,0.0008940623942041997,0.0010592155163664243
NGRN,6807.083,0.2981687880968115,0.01400474427461733,21.290555703842635,1.3887154873787613e-100,4.413496504455854e-100
NHEDC1,13.26751,0.37164056634416787,0.026870536271833067,13.830783374939136,1.6620062368992324e-43,3.3340018698424944e-43
NHEDC2,477.2529,0.5055008173678446,0.027617025516438572,18.303955908175325,7.695299267719123e-75,2.0137351901220262e-74
NHEG1,1.3055717,-0.32511400306265925,0.1058712439160374,-3.0708433285292767,0.0021345512303549623,0.0024972605734281507
NHEJ1,632.84436,-0.1702799895059969,0.014408273918538873,-11.81820879230375,3.143147695700942e-32,5.653444998389918e-32
NHLH1,18.665428,0.5108527251305566,0.03372045355202917,15.149639797766463,7.618299014294675e-52,1.6400650273027947e-51
NHLH2,13.919967,-0.2932664269265615,0.0686418580304263,-4.272413878956594,1.9336824454693774e-05,2.3944918744182867e-05
NHLRC1,212.15808,-0.27616638338819205,0.022433583272442943,-12.310399994254615,7.962756794891469e-35,1.473493597411338e-34
NHLRC2,322.9347,0.19487373596306864,0.020582135025450324,9.468101133439383,2.849768559674697e-21,4.522091824350519e-21
NHLRC3,1297.6074,0.15361603967667006,0.013681251003176714,11.22821587302223,2.9640309530049097e-29,5.158108058144026e-29
NHLRC4,112.65095,-0.27386881354361725,0.03572591608093577,-7.665830399511026,1.776778493049522e-14,2.5793948474041086e-14
NHP2L1,5919.2905,-0.22749259843323524,0.01092116045648573,-20.83044190584478,2.293354513291292e-96,7.067878373614504e-96
NHP2,3550.632,-0.4467953387262049,0.012962211023774636,-34.46906842565017,2.332851877186104e-260,2.4306310832974356e-259
NHSL1,1437.8671,0.05019774464847069,0.025446495784886964,1.9726780878915298,0.0485322499909459,0.05386622022382749
NHSL2,122.39126,0.8518498935005753,0.03432979303543866,24.81372062514942,6.375109969810516e-136,2.6580148243983678e-135
NHS,600.16077,0.11787772256867475,0.028987497018524218,4.0665022748720245,4.772401960555461e-05,5.856267344641591e-05
NICN1,780.6933,0.32549122680460646,0.016412475923396924,19.83193933223689,1.5783540680557492e-87,4.556680441229013e-87
NID1,5586.7583,1.0576008803157584,0.025873578711785347,40.87570923592506,0.0,0.0
NID2,1668.5623,1.3834372409270683,0.028826793493075424,47.991367519227836,0.0,0.0
NIF3L1,1075.9198,-0.16101792141802523,0.009425068740583062,-17.084004992420265,1.9524526622365622e-65,4.720340072494261e-65
NINJ1,3656.3704,-0.012260062989681238,0.01852752578227707,-0.6617215452161931,0.5081496941842787,0.5251748628812493
NINJ2,239.15147,0.054720716470064976,0.02923547291679714,1.8717233213841866,0.061244891346550555,0.06763314943178687
NINL,820.73206,0.06072359832013584,0.024223008995316205,2.5068561189849468,0.012181028418693821,0.01386368278042193
NIN,2478.8328,0.29135707111105236,0.01827548905760636,15.942504750086998,3.212163800382666e-57,7.248552739081212e-57
NIP7,1350.3038,-0.3428326045581276,0.012940998803347849,-26.491974056085724,1.1992623218057073e-154,5.727370774018859e-154
NIPA1,1412.4203,0.16567354026416303,0.018040067896180484,9.183642834251202,4.1674915815801584e-20,6.528621199552973e-20
NIPA2,2407.233,-0.10708912355032937,0.009668539869043771,-11.0760388849615,1.6396730484628705e-28,2.831631486441223e-28
NIPAL1,129.93005,-0.6259064995703937,0.0431374160205747,-14.50959647819107,1.0533841218854171e-47,2.189692397127344e-47
NIPAL2,441.47214,-0.14589643125540183,0.027146360204003794,-5.374438052062821,7.682188845011042e-08,9.984148272938386e-08
NIPAL3,2589.0574,0.4968051986656173,0.020519832110648197,24.21097775004767,1.704818938269267e-129,6.813586329843738e-129
NIPAL4,429.87814,-1.706659116156767,0.057486542999240685,-29.68797612650511,1.097785361167259e-193,6.93447476512697e-193
NIPBL,3771.0244,0.1221629653737293,0.013219700768525897,9.24097810629578,2.442541054899075e-20,3.8402728656027694e-20
NIPSNAP1,4099.375,-0.12361748972996041,0.018220663260132244,-6.784467061659709,1.1651581366308703e-11,1.6173351403605296e-11
NIPSNAP3A,1176.7512,-0.02089921236591694,0.014224822053874391,-1.4692072974104204,0.14177657159330298,0.15330514239792095
NIPSNAP3B,92.302376,0.572894965808187,0.024853244278313705,23.05111394684517,1.4335446096738024e-117,5.21636009085772e-117
NISCH,4706.703,0.22229674903314642,0.014776710464017174,15.04372367411963,3.795839726866719e-51,8.128694751160149e-51
NIT1,1559.037,-0.11636427855030652,0.011949500483488194,-9.73800358526271,2.0759250627204325e-22,3.3452396985851895e-22
NIT2,2051.4111,-0.3299829353683475,0.01695963998487038,-19.456954019231766,2.5446618910151406e-84,7.156619897662281e-84
NKAIN1,409.9775,0.1202988751212267,0.05618964523390445,2.140943845088368,0.032278566794366484,0.0361017052884968
NKAIN2,106.050835,1.0955363216814606,0.05597088673726782,19.57332437529537,2.610826920084197e-85,7.404070938291429e-85
NKAIN3,3.3582394,2.3007241198776693,0.09635686912322268,23.877115776099647,5.2959086490979314e-126,2.0588009201257355e-125
NKAIN4,674.87103,2.544909880187808,0.0669143521821794,38.03234727968519,0.0,0.0
NKAPL,29.002388,0.7870101620432777,0.036416000192670446,21.611658553365274,1.3954513353921164e-103,4.552883611738477e-103
NKAP,827.3363,-0.11832747175832924,0.009648721542432051,-12.263538877970738,1.4215335361518567e-34,2.6221800545905276e-34
NKD1,447.7061,-0.35475327818177976,0.04717091972104917,-7.5205927779160415,5.452844231702855e-14,7.86444146452525e-14
NKD2,385.51657,-0.6302366540643335,0.03702862340017657,-17.02025612060232,5.8115867137289775e-65,1.4002141290509852e-64
NKG7,556.0401,-0.6924100078366224,0.03713322428934548,-18.646643836831952,1.3445720331582046e-77,3.594765859890727e-77
NKIRAS1,486.16983,0.5865459485979079,0.016804775025970227,34.90352877033197,6.572281703418736e-267,7.15918048153569e-266
NKIRAS2,2459.1677,-0.16613729212889267,0.010228458822550726,-16.242651509004375,2.518011178877562e-59,5.786025913179265e-59
NKPD1,58.302517,-1.082926770656341,0.035148873736942504,-30.809714665712114,1.9420970280277787e-208,1.3849090505645375e-207
NKRF,833.5886,-0.19366692296570046,0.010838883254489267,-17.86779305750776,2.101450771020615e-71,5.342586943957131e-71
NKTR,3271.5498,-0.04534873353489473,0.019723323021227358,-2.2992440719085647,0.021491083697742178,0.024205408995482017
NKX1-2,2.6447814,-0.4143794789984125,0.10114440964216316,-4.096909364189653,4.1870274082270515e-05,5.146633520744705e-05
NKX2-1,1102.2393,0.6067002163011375,0.11908119428472151,5.094844907673041,3.490268642742158e-07,4.4840272163556253e-07
NKX2-2,105.99111,1.82921284650693,0.09260641815387528,19.75254936939145,7.626881655825508e-87,2.1879059268839157e-86
NKX2-3,42.272415,-0.7064861039932463,0.07292823236590347,-9.687415710949734,3.4104888758852973e-22,5.479768212781056e-22
NKX2-4,4.806146,-1.1834914345058094,0.15051749574511913,-7.862816403150175,3.7559132334090586e-15,5.5130957115338875e-15
NKX2-5,46.091988,0.3552033286983594,0.08781222105255884,4.045032962846449,5.2315762605830626e-05,6.41122380600798e-05
NKX2-6,0.3936836,-0.5899094581862279,0.1967258573944014,-2.9986371186760725,0.002711900955813729,0.0031607277054849846
NKX2-8,28.12761,-0.2905516086897116,0.06055738210837475,-4.797955238053957,1.602935880083877e-06,2.030751187469051e-06
NKX3-1,2872.2517,0.07714760393703139,0.058657475874644836,1.315222020495755,0.1884352965558561,0.20203034401920453
NKX3-2,46.978897,0.668141855928551,0.045872810158658205,14.565095393495168,4.6833034999879326e-48,9.770199401194213e-48
NKX6-1,42.059887,0.6415050825110431,0.06623886393319513,9.684723505494144,3.501546926918655e-22,5.625186923785757e-22
NKX6-2,41.705296,2.9643562566123203,0.14102057126176448,21.020736408093526,4.238071599172725e-98,1.3239665442313567e-97
NKX6-3,2.6377149,-1.2443011896693452,0.11569433889627086,-10.755074116331308,5.6088911973288494e-27,9.543787370365069e-27
NLE1,871.9351,-0.36506584687358296,0.013560889172358249,-26.920494831394432,1.2642188671252026e-159,6.260820217903673e-159
NLGN1,291.76733,2.038522642895227,0.0537726747016919,37.91001013440545,0.0,0.0
NLGN2,1990.3914,1.1280678012761987,0.02523577806090768,44.70113021891207,0.0,0.0
NLGN3,664.46735,2.8253784894944616,0.0457781826359904,61.71888718171118,0.0,0.0
NLGN4X,481.0672,1.2895282763502263,0.04099456775931341,31.456076910513655,3.4666414791210413e-217,2.6463199802559157e-216
NLGN4Y,172.93993,1.1720414350730723,0.06410829333050154,18.282212396932373,1.1467846443567892e-74,2.9967126908560997e-74
NLK,1111.8104,0.2152745575196182,0.01333136171189645,16.147979641683158,1.17342515000644e-58,2.682133448858326e-58
NLN,839.33,0.0735056584243159,0.017510680701541635,4.197761336476456,2.6956649778617957e-05,3.327535517145959e-05
NLRC3,335.39563,-0.2834715530588412,0.025612135805036466,-11.067860767905902,1.796376553417448e-28,3.0998838999004768e-28
NLRC4,109.854706,0.3487245459058901,0.026525234465610635,13.146897772308234,1.7730064405880904e-39,3.4283064036407e-39
NLRC5,2027.6892,-0.5107396406465882,0.023569694949528628,-21.669336058029995,3.994742465683589e-104,1.3100670402521292e-103
NLRP10,3.5367908,-1.6633946234094978,0.10346281828171598,-16.077221276539053,3.6854274628601314e-58,8.388107067229672e-58
NLRP11,20.842813,0.06825739842118397,0.05943783087801358,1.1483830653455558,0.25081046152480646,0.2664501245138559
NLRP12,45.631035,-0.7543385700678421,0.04478017710051984,-16.845368172049618,1.1346064403615846e-63,2.70770748087229e-63
NLRP13,0.94562864,-0.5744702726508834,0.12710406631806528,-4.5196844545738495,6.193186870395041e-06,7.756341750392018e-06
NLRP14,5.4644246,1.121569477091636,0.040428072390619886,27.742343643172617,2.155491860400194e-169,1.1502924976641559e-168
NLRP1,950.31335,-0.20646925252169265,0.028261429282304247,-7.305690397299627,2.758466693503472e-13,3.928620035889275e-13
NLRP2,1217.8408,-0.604325100596428,0.05376872969258736,-11.239341231447044,2.6132511459962816e-29,4.5511702379245766e-29
NLRP3,223.84744,0.30787143156732316,0.030444883116716687,10.112419561179955,4.86672506329556e-24,8.004657906255801e-24
NLRP4,12.006278,-0.47231316800595374,0.07869557448340656,-6.001775463314572,1.9517147970747762e-09,2.6100211214953606e-09
NLRP5,4.4504952,-0.051460168222772815,0.12369369091310028,-0.4160290459674748,0.6773887490211525,0.6912760672341677
NLRP6,46.18806,-0.018905644234369235,0.04852698834821718,-0.3895903058872559,0.6968395216346692,0.7100933891065735
NLRP7,171.95264,-1.8427818244779344,0.06315092111201612,-29.18060088481111,3.418534474557323e-187,2.0664472496292324e-186
NLRP8,2.3249247,-0.33091940401624576,0.12853024895035361,-2.5746422084972966,0.010034382710870458,0.011460226501212367
NLRP9,22.823612,-1.100400003214721,0.04197113876492339,-26.21801637020057,1.6561077770159448e-151,7.734961741745266e-151
NLRX1,1288.8506,-0.1740798851880572,0.015920782040589828,-10.934129036139229,7.916246056749861e-28,1.3573088552246119e-27
NMBR,1.766996,1.2722935740577965,0.04513694015709527,28.18741300650171,8.342339739070115e-175,4.604003652689848e-174
NMB,878.15204,1.1897549270513936,0.03338266553028185,35.639901971643084,3.3780770956753085e-278,3.9753914214366243e-277
NMD3,2308.939,0.1405072922820451,0.012534056734495327,11.21004119084215,3.6402393855556493e-29,6.330540159778549e-29
NME1-NME2,444.44223,-0.21392948001581205,0.02491481556328896,-8.586436430660521,8.970841397537075e-18,1.3664324406139257e-17
NME1,4673.1196,-0.6386775590927563,0.01734086149001905,-36.83078602873119,5.938826846515338e-297,8.007190448225547e-296
NME2P1,400.52792,-1.0433035321027069,0.028272605665045608,-36.90156982568391,4.360782213267983e-298,5.934569858283614e-297
NME2,17644.875,-0.6684124102470644,0.015315302290671632,-43.64343566722718,0.0,0.0
NME3,1921.4376,-0.5176631560664989,0.02057748156056905,-25.15677900343522,1.191330000998403e-139,5.083690524067593e-139
NME4,4462.579,-0.23186637142447933,0.019777607480485113,-11.72368152483892,9.639012675829038e-32,1.7273185376921343e-31
NME5,184.27832,0.37147675873069275,0.04267231134899048,8.705334840960775,3.1663854541760805e-18,4.849867699486219e-18
NME6,434.4496,-0.197804861826737,0.010165483222667185,-19.458480968781497,2.46997682961464e-84,6.948494994351866e-84
NME7,563.154,0.2532774698758918,0.014017596627657104,18.068537467840127,5.638878609641034e-73,1.4491533654844964e-72
NMI,1191.4529,-0.41297855934104094,0.01889223158793477,-21.859702355373585,6.285266355682124e-106,2.0929299596881315e-105
NMNAT1,559.56354,0.07627085449102056,0.013008625093266467,5.8630988243715265,4.543076447538719e-09,6.037369020590129e-09
NMNAT2,579.7001,1.3002836931584163,0.04544718393767546,28.61087487712277,4.920646711230983e-180,2.8164027662061166e-179
NMNAT3,334.38565,-0.23480007407496664,0.026416432942292466,-8.8884095209938,6.198983487417718e-19,9.576954380052915e-19
NMRAL1,2087.2385,-0.5740843727721876,0.015405757878510963,-37.264273351521446,6.223228453539167e-304,8.866249691084946e-303
NMS,0.008544854,-0.4253736889381277,2.3485945160489967,-0.181118403381835,0.8562746396768386,0.8641697015407106
NMT1,5645.6143,0.001794718292906545,0.008210336608533436,0.21859253505406828,0.8269674683461585,0.8359183103152495
NMT2,780.685,0.510851067839218,0.01756129277927921,29.089604863371882,4.8594303838210856e-186,2.9158014495789412e-185
NMUR1,63.25358,0.8233151131746443,0.03534393045377191,23.294384710594063,5.054068105752706e-120,1.8725345325754203e-119
NMUR2,27.533619,-0.41813869491728717,0.06634184280856041,-6.302789871603216,2.9233510425485917e-10,3.9675024248547946e-10
NMU,243.53676,-0.7942115571914624,0.061801443189232017,-12.851019591235728,8.488401035784192e-38,1.6153987351610616e-37
NNAT,312.62704,1.4384537025268356,0.05170018978877942,27.82298688657862,2.2869627318822612e-170,1.2265614925814267e-169
NNMT,7664.369,0.3329307482884314,0.04317642331270264,7.710938580465559,1.2489576399412541e-14,1.8180701123669378e-14
NNT,3760.2754,0.27699465426466946,0.020208596107915783,13.706773730619002,9.247939930259295e-43,1.839019428014739e-42
NOB1,2711.4634,-0.4088299339698034,0.012081465764060644,-33.83943156847497,5.1914052976249984e-251,5.083781647635755e-250
NOBOX,1.5560412,-2.548212539180695,0.22809577240821255,-11.171678073104642,5.611068186285617e-29,9.739597340317919e-29
NOC2L,4965.986,-0.4631706328053267,0.012456663656970696,-37.182559115348546,1.3060322657455928e-302,1.8496301230415869e-301
NOC3L,881.3967,0.07685632417399896,0.011396085030712808,6.744098869644159,1.5397966465541377e-11,2.1315509571765614e-11
NOC4L,1142.2496,-0.6080313419582005,0.013392612022299273,-45.40050446812036,0.0,0.0
NOD1,935.1236,0.29925605661143173,0.021392812041035332,13.988626461888407,1.8291042202486934e-44,3.706084078427861e-44
NOD2,304.4084,-0.8813247392696442,0.031280428883912435,-28.174957016747,1.185570473033699e-174,6.537656896124886e-174
NODAL,27.293484,0.22753745824723895,0.03958198327628486,5.748510797425497,9.003289750762732e-09,1.1890112612595905e-08
NOG,92.30226,1.1213190985498667,0.05028553480769132,22.29903893511654,3.7752081529783356e-110,1.2974250976786957e-109
NOL10,1568.6926,-0.2481692755779735,0.009201128012217508,-26.97161426821229,3.182542741594109e-160,1.583803169790136e-159
NOL11,2210.318,-0.16032591360393658,0.011024973478984306,-14.542067961392219,6.558113618763655e-48,1.3661786060002993e-47
NOL12,791.7198,-0.4906980974886198,0.012672131867318226,-38.72261610172662,0.0,0.0
NOL3,1330.525,-0.1497739285692527,0.023278155415347498,-6.434097801001251,1.242088674862635e-10,1.6946577758697485e-10
NOL4,107.15637,1.2847419882520588,0.07000606244574561,18.351867586435503,3.189581911027178e-75,8.371367555318076e-75
NOL6,2927.7646,-0.31628175764312555,0.011914910562158003,-26.54503833605288,2.9303178953303205e-155,1.4060415279526278e-154
NOL7,1757.1581,-0.15707756759743272,0.00984023617095992,-15.96278431416039,2.321400526173622e-57,5.248350173500141e-57
NOL8,1497.0934,-0.042836535377381406,0.011001721621869133,-3.8936210940141662,9.875886791142318e-05,0.00012022433579339062
NOL9,471.51816,-0.03290309817698847,0.015255576109846937,-2.1567915849307506,0.03102190709459465,0.034719092218066766
NOLC1,5472.458,-0.24934509836307972,0.012006297033269702,-20.767860204702515,8.454145918919973e-96,2.5905773143180575e-95
NOM1,1033.0278,-0.14990716127668918,0.011264143931506229,-13.30834923525731,2.0700494707104737e-40,4.037955080405723e-40
NOMO1,8794.841,-0.08921085756699945,0.011751811980860732,-7.591242755780154,3.16851698794982e-14,4.584127157310289e-14
NOMO2,4355.148,-0.19881487169179,0.017737434543708235,-11.208772678025918,3.6927821812806866e-29,6.421365940271053e-29
NOMO3,3686.9478,-0.3769539248818781,0.015797234161949485,-23.862020466205422,7.59798670359646e-126,2.949235677760159e-125
NONO,16543.713,-0.10060829582898248,0.008880484541237032,-11.329144863864373,9.411912468086066e-30,1.6486029935280414e-29
NOP10,2754.6248,-0.4317416073779813,0.01289197193821079,-33.48918299289289,6.926402809359876e-246,6.531479147557097e-245
NOP14,2270.1824,-0.3200365611412203,0.010692292077983135,-29.93152065123797,7.655945140823894e-197,4.968676669494219e-196
NOP16,752.30945,-0.7660549889758209,0.01528366226513144,-50.12247560085906,0.0,0.0
NOP2,2308.4172,-0.6142468972131593,0.014934084745828372,-41.130535126013704,0.0,0.0
NOP56,5426.3394,-0.3846815969526178,0.013426826816820163,-28.65022407756957,1.5927780480617859e-180,9.160273525562118e-180
NOP58,3126.9373,-0.4151063777076887,0.01272496918318015,-32.621405343470364,2.0392576216100756e-233,1.7547441216550942e-232
NOS1AP,175.77338,0.43382185015268576,0.03288093073699236,13.193721723473566,9.535869279763538e-40,1.8487835698191206e-39
NOS1,52.148285,0.7596389686939097,0.06816822200624845,11.143593691269805,7.695029253386544e-29,1.3331895206339602e-28
NOS2,437.83264,-1.591119313645501,0.0517031002805406,-30.77415677226512,5.811374148631789e-208,4.125305658716687e-207
NOS3,722.5567,0.28509639010448695,0.025100079334708425,11.358386015547579,6.737791935893839e-30,1.1825405691626092e-29
NOSIP,2300.1355,-0.5872299608678918,0.01563232737951267,-37.565101255331975,7.986905292392547e-309,1.176594825237481e-307
NOSTRIN,545.1673,0.516674736971152,0.03264927830921374,15.824997173837824,2.092085186037525e-56,4.684126504183214e-56
NOTCH1,4362.4824,0.2312493641113041,0.022366742904846366,10.338982528439471,4.694956985510585e-25,7.824543980681893e-25
NOTCH2NL,1324.4939,-0.11273938859037748,0.019219147492753896,-5.865993204583246,4.464520807712057e-09,5.933362433854022e-09
NOTCH2,8172.7153,0.5936968327342558,0.019103648908716128,31.07766665788015,4.826124400138345e-212,3.5458342353813273e-211
NOTCH3,9363.64,0.12960099137665704,0.02666461910918234,4.860410375486185,1.1714266827698381e-06,1.4898223284926996e-06
NOTCH4,1350.6917,1.1267881303306757,0.023411287665796327,48.13012194869156,0.0,0.0
NOTO,1.5352254,-1.187098077204408,0.11072264887848966,-10.721366307874055,8.080079808518168e-27,1.3726831176704054e-26
NOTUM,734.4463,-2.110442394120576,0.06271501432788017,-33.65131008480647,2.983339704492739e-248,2.862290906869353e-247
NOVA1,596.962,1.8922410908039482,0.04774516048027288,39.63210243236642,0.0,0.0
NOVA2,151.95348,1.508767954063923,0.030112243037722836,50.10480129872184,0.0,0.0
NOV,1008.101,0.3613845536791343,0.03870022189592422,9.338048620263702,9.812585999836648e-21,1.5503215766775905e-20
NOX1,526.7598,-4.882507525632061,0.07094586470193612,-68.82018488526248,0.0,0.0
NOX3,0.99641466,-0.05760552767346905,0.17104816365749734,-0.33677957390303787,0.7362830721632911,0.7486384191266267
NOX4,390.74136,1.0365877984010132,0.038899176518155096,26.648065362443216,1.8845131842667678e-156,9.104604631819441e-156
NOX5,36.2351,-0.5464348355955192,0.047799954614980183,-11.431701975387863,2.903610967512943e-30,5.1216960394728815e-30
NOXA1,437.95172,-0.8189535855682831,0.028322852008461318,-28.914940674887706,7.74786786300905e-184,4.566845449420997e-183
NOXO1,138.2505,-2.5297032534305224,0.044338681050785804,-57.05409347952828,0.0,0.0
NPAS1,57.242577,-0.23536335198079036,0.03267266887693428,-7.203676959091284,5.861013053285978e-13,8.312969538236675e-13
NPAS2,1533.3832,-0.4071423111145346,0.027366917728353368,-14.877170865782839,4.636968102877663e-50,9.84400767533747e-50
NPAS3,516.78314,1.3813448046932166,0.05039057780945239,27.41275978054176,1.9323070710605976e-165,9.999959242430784e-165
NPAS4,16.476257,1.4893612141793167,0.059000431846953104,25.243225643546374,1.3441746569550697e-140,5.770993640014396e-140
NPAT,935.2355,0.30218922595442327,0.014070645096126742,21.47657224597382,2.578457391792668e-102,8.329865763171521e-102
NPBWR1,9.886109,-1.1661549062816459,0.07959871706432871,-14.650423389854426,1.3387885130145839e-48,2.8064657471647356e-48
NPBWR2,1.1853912,-1.4249043476958023,0.1884378103842378,-7.561668991962511,3.979299824853777e-14,5.750607973750571e-14
NPB,26.97694,-0.6649600625211755,0.042329957997078255,-15.7089705254863,1.3129378823527273e-55,2.9213226608545548e-55
NPC1L1,282.73816,-0.47524546365321785,0.06048248408478981,-7.8575718382693385,3.916513935592696e-15,5.745518606047824e-15
NPC1,2829.7905,0.10998139424290734,0.017840618500042763,6.164662634462125,7.063356827954205e-10,9.529049212134362e-10
NPC2,14578.327,0.22374974106540385,0.026314780097093166,8.502816297147021,1.850456116266546e-17,2.803917540270215e-17
NPDC1,4403.7583,-0.2579593121974135,0.02923363300696785,-8.824059333847723,1.10383692639306e-18,1.699796988460503e-18
NPEPL1,1984.8206,-0.31876577130052103,0.01573676680605028,-20.256115835558155,3.1376009126965047e-91,9.287353443092197e-91
NPEPPS,4780.0244,0.11814375345851005,0.011721838129889268,10.07894428752243,6.845768149771234e-24,1.1231605589587601e-23
NPFFR1,4.496854,-0.14756948177787496,0.061810211891593185,-2.387461185810073,0.016965194094994522,0.019192842108245914
NPFFR2,26.825184,-0.022745464142435567,0.06918585103130911,-0.32875889800274943,0.7423379322924666,0.7544557689468014
NPFF,32.711475,-0.6448952594000782,0.029587314057225533,-21.79634346506651,2.5130898716142175e-105,8.328829024286807e-105
NPHP1,256.4659,0.37486915656940517,0.02393133165362621,15.664366780550756,2.6505633878796407e-55,5.879583788825627e-55
NPHP3,781.7061,0.3876045065020464,0.016214511447145738,23.90479095010149,2.7307980876846734e-126,1.0634337847584596e-125
NPHP4,710.8463,0.11675647104961982,0.01672241661531276,6.982033382824922,2.909379707768994e-12,4.0835616318834155e-12
NPHS1,44.152824,1.851209619639826,0.0712189985561555,25.9931992469701,5.91135095648975e-149,2.706909449464121e-148
NPHS2,30.028402,5.105352865367139,0.12814555422785523,39.840265205684204,0.0,0.0
NPIPL3,3142.0151,-1.4189594831555687,0.029042495706810036,-48.85804227984593,0.0,0.0
NPIP,1694.017,-0.11309852633013041,0.019897218105200204,-5.684137638345118,1.3147436398060872e-08,1.7308028297970988e-08
NPLOC4,6267.7607,-0.27626752462662624,0.010335296702649734,-26.730488013546587,2.082093878066253e-157,1.0128876765484072e-156
NPL,770.4994,-0.006785865496178005,0.026860155374187823,-0.2526368668253912,0.8005488383214401,0.8105417644413268
NPM1,19347.783,-0.18246231551183742,0.01420157035144457,-12.848037998366676,8.821941944347748e-38,1.678716852462621e-37
NPM2,182.72456,0.056344474736949764,0.039962033435848004,1.4099501424871406,0.15855440520148434,0.1709116924602647
NPM3,1117.5781,-0.8284389182920329,0.01951793916396075,-42.444999512126714,0.0,0.0
NPNT,4868.606,0.8293313758414418,0.03971965483037807,20.879621924789717,8.20384020612219e-97,2.5352456398974145e-96
NPPA,34.52016,2.9507435044571073,0.05134995512987062,57.46340959781365,0.0,0.0
NPPB,4.2982154,0.641225507956919,0.10823202649447275,5.924544968116859,3.131633101212034e-09,4.172846279702585e-09
NPPC,8.1459255,-0.649597735686432,0.06605056436174792,-9.83485518955892,7.968215895465561e-23,1.2904693931730442e-22
NPR1,1153.7274,0.9837223318444871,0.0395023318151189,24.9028927317142,6.922265912122739e-137,2.9051826778995433e-136
NPR2,634.46857,0.8197872110391748,0.024751051884301857,33.121307929507346,1.4667149533682242e-240,1.3277389833536538e-239
NPR3,339.51392,1.2605978986708444,0.049691302605389634,25.368582278503546,5.605504701309052e-142,2.430723540233248e-141
NPRL2,915.6607,-0.25714309181589584,0.01217508871075238,-21.12042860014654,5.162446597167624e-99,1.6209477216492236e-98
NPRL3,2232.396,-0.1785170083847842,0.011340298469411139,-15.741826272589629,7.815507393346412e-56,1.742590242264151e-55
NPSR1,26.628944,-2.256863739275432,0.11171646390165131,-20.201711193278044,9.456305191832677e-91,2.793802313169663e-90
NPS,0.08357981,-0.36970751922662864,0.4738576759249616,-0.7802079358637934,0.43526849195610606,0.45279399252640967
NPTN,5149.4707,0.2500070424234111,0.012845034103985725,19.463322588286132,2.2473213548215305e-84,6.323872213242784e-84
NPTX1,645.8015,0.6242557901743221,0.058950438207485745,10.589502116628061,3.333601805546251e-26,5.621069998270343e-26
NPTX2,1606.9047,0.2922591704483409,0.054224480645967146,5.389801192500258,7.053567071229465e-08,9.169502075420513e-08
NPTXR,1763.5454,1.1638478346483252,0.03603007856318237,32.302117593426864,6.531950191738352e-229,5.434571882043363e-228
NPVF,0.40817213,-1.367583601022256,0.2586696141195006,-5.286989759804015,1.2434559766442311e-07,1.6106069619862515e-07
NPW,149.50006,-0.6074346594992772,0.054124746427109974,-11.222863839506612,3.1490446011976506e-29,5.478670230369421e-29
NPY1R,850.9136,0.20223919429148213,0.056981702160070674,3.5491953842193067,0.00038641025187161456,0.0004630054921931729
NPY2R,17.847982,2.0238486028132425,0.09613367284655652,21.052442322094592,2.1719461677894113e-98,6.799731205601203e-98
NPY5R,24.361696,0.995285173622173,0.0652370905593581,15.256431043879557,1.491880140793197e-52,3.2311901900434785e-52
NPY6R,77.17128,1.102064473769664,0.07026043174727564,15.685421315567092,1.902962965885689e-55,4.225831481508152e-55
NPY,2142.372,-1.1812839290468378,0.12528845917096681,-9.42851350286681,4.159416498453805e-21,6.5915435893221e-21
NQO1,6815.4897,-0.8866537721250106,0.03314158446741352,-26.753511830335494,1.123908770262595e-157,5.478012605644284e-157
NQO2,1381.3654,-0.09227253582235827,0.021027426679383756,-4.388199147203612,1.1429309829617015e-05,1.4233503720404502e-05
NR0B1,76.521805,-1.5782750241423633,0.09108949934111166,-17.326640672730502,2.9612825124323275e-67,7.283889171270962e-67
NR0B2,301.04868,-0.47009713869026143,0.08504312022622898,-5.527750362871495,3.2436314942340076e-08,4.2407586431486106e-08
NR1D1,1727.8591,0.037591096161698465,0.022563817481167064,1.6659900831529924,0.09571538964337134,0.10463217449255784
NR1D2,2367.8342,0.5212990595628153,0.016531041654731748,31.53455604617642,2.919929161124284e-218,2.244971215684641e-217
NR1H2,3892.667,-0.15845568115523434,0.011509788719137026,-13.76703647841721,4.023835484875343e-43,8.029922234520397e-43
NR1H3,1237.6752,-0.19197172995133696,0.020763729563435217,-9.245532184612818,2.3407294804052338e-20,3.6813373110521554e-20
NR1H4,381.2545,0.581037144891252,0.09362285906609497,6.206146134471893,5.429968950857418e-10,7.337143284695439e-10
NR1I2,281.58777,-0.8898958330807913,0.061536614184115414,-14.461241406916765,2.1292259855603994e-47,4.414349474544212e-47
NR1I3,169.9789,-0.0962445547457992,0.05114033017636638,-1.8819697568217297,0.059840122033143234,0.06613207276477924
NR2C1,820.1142,0.00014134568376849782,0.012041599714617754,0.011738115127420564,0.9906345542344753,0.9909752795626809
NR2C2AP,1042.2267,-0.5462767191624223,0.013986723589857048,-39.05680380776049,0.0,0.0
NR2C2,2067.3293,0.3814355489704068,0.016236585381488942,23.49235014680335,4.883458227434613e-122,1.8387705946428943e-121
NR2E1,64.06158,2.4010228474079467,0.07766980005153952,30.913210099867573,7.937286947654762e-210,5.708061637841869e-209
NR2E3,11.217252,-0.4627459326336805,0.034275774256128204,-13.500670449506934,1.549595126079223e-41,3.0487250842526967e-41
NR2F1,886.8389,1.5374179435776743,0.03159807598759451,48.65542902616186,0.0,0.0
NR2F2,3045.0051,0.6889428367043409,0.024314762098345478,28.334344128796584,1.3051787918936134e-176,7.280036992921116e-176
NR2F6,3183.5146,-0.6942261691693741,0.020520970549273734,-33.83008457141145,7.124457542454417e-251,6.963362031052784e-250
NR3C1,3058.9392,0.7344152715360686,0.021033053414433057,34.917197092843715,4.076766205913371e-267,4.4479572982953014e-266
NR3C2,696.5235,0.8919194536810732,0.03251190310445683,27.43362794898359,1.0894618692768413e-165,5.649606265055327e-165
NR4A1,8169.009,0.6166892567428153,0.03479197528886761,17.725042962425224,2.6870788430473672e-70,6.767223919544946e-70
NR4A2,1065.6365,0.33093193831395834,0.03226328718783776,10.257229413334832,1.09812226100107e-24,1.82161420286163e-24
NR4A3,712.9707,1.1036821311048748,0.037492186079133634,29.437657456819558,1.8114228946572068e-190,1.1182158493731375e-189
NR5A1,101.992645,-2.784116856664759,0.08892912337698199,-31.30714383478773,3.730387479167894e-215,2.8118089110840117e-214
NR5A2,390.1386,0.15264998011286526,0.038579862587238584,3.956726900405257,7.598371428936612e-05,9.280415377150428e-05
NR6A1,39.83113,-0.568864399010982,0.03322857506405451,-17.11973498455428,1.0575569464392947e-65,2.5595342216544933e-65
NRADDP,7.3234806,-0.8337835597468198,0.03583995720340131,-23.264077995821143,1.0247232061203794e-119,3.7917738555806627e-119
NRAP,88.547386,-0.3819395846736308,0.08213172403726385,-4.650329566932525,3.3140501805722884e-06,4.172071953145636e-06
NRARP,1366.364,-0.5543384766711719,0.029105905328201613,-19.045567228381525,7.150720883729797e-81,1.9630734421771163e-80
NRAS,3299.106,0.052780410918512356,0.014768087675233325,3.5739502689320584,0.0003516357440252056,0.0004221080255076156
NRBF2,970.3752,-0.007548283204289604,0.012289409865882426,-0.6142103881851131,0.5390763096283926,0.5557833892603659
NRBP1,5448.298,-0.13004977569133797,0.0101623523722289,-12.797211799772915,1.699440690145947e-37,3.227811643873621e-37
NRBP2,2254.5105,0.2591078749104182,0.023056824976714102,11.237795107179776,2.659416652360481e-29,4.631174717766404e-29
NRCAM,2738.7302,1.580117086778173,0.04543477102917422,34.777705510248104,5.285971281587163e-265,5.703078395433654e-264
NRD1,6084.3022,-0.0936476526303781,0.009152880957226562,-10.231494659224161,1.432905461300949e-24,2.374452408157742e-24
NRF1,854.10876,0.019210926933269968,0.007358251807771568,2.6108004231358266,0.009033059259500428,0.010332849391177054
NRG1,247.2397,-0.014350608519663554,0.045339846472739635,-0.3165120668922377,0.751613867551102,0.7632734801213531
NRG2,75.358215,0.549142588332841,0.043296672817125674,12.683251451036021,7.322987964062121e-37,1.3817304166852708e-36
NRG3,126.61517,1.4870151751982519,0.060688239958979505,24.502525962251624,1.3883509762638847e-132,5.657613596028108e-132
NRG4,39.419914,-0.6742179985086159,0.04582458830258117,-14.71301813028267,5.3181575638854365e-49,1.1192099425588546e-48
NRGN,894.9499,1.4350696157447862,0.03797224339083198,37.79259500088608,0.0,0.0
NRIP1,3369.9353,0.19970789465894098,0.01975814324214143,10.107624598701724,5.110840323611142e-24,8.404135219158327e-24
NRIP2,267.16833,1.0296736751868452,0.02712484607536818,37.960535234958705,0.0,0.0
NRIP3,447.1524,-0.05759819768600587,0.038063768442362096,-1.5132027133157797,0.13022817524432084,0.14117008784405133
NRK,270.49805,0.9474890360163808,0.0573216213860282,16.529348143095714,2.25569846094442e-61,5.274349944454743e-61
NRL,83.73859,0.05115171711579586,0.01780758727434302,2.872467579563387,0.004072798660507024,0.00471661592316624
NRM,1077.7,-0.3507725122153562,0.018706712318944236,-18.751157671897793,1.8942239707056071e-78,5.101125108412097e-78
NRN1L,15.256442,0.05837189997038713,0.04095660463544991,1.4252133566722338,0.1540955365419161,0.16621091541493352
NRN1,791.3895,0.81587668337747,0.03686552904461228,22.131153533430886,1.5847119734044362e-108,5.381676574902572e-108
NRP1,5309.5073,1.0230620817732874,0.02547990497390864,40.15172281140376,0.0,0.0
NRP2,3376.7126,0.7552925331368163,0.028628414828739252,26.382618026709586,2.1691251916799093e-153,1.0267663282355562e-152
NRSN1,149.47804,2.431002857722909,0.09001890986692675,27.00546875447186,1.2747451705049938e-160,6.36403553857557e-160
NRSN2,2247.6794,0.3050822567827755,0.021624289203302907,14.10831375378466,3.3755311254234835e-45,6.87636964003369e-45
NRTN,111.61004,-0.7770124553821476,0.03960513888213207,-19.618980700827645,1.0646656390896216e-85,3.02942386390295e-85
NRXN1,514.3047,3.127137367140246,0.07076278267068574,44.191837136948784,0.0,0.0
NRXN2,1309.6155,1.9066234253434755,0.043922901999631676,43.40841197968805,0.0,0.0
NRXN3,431.3249,0.8601251468974502,0.04076481136167483,21.099696482493716,8.004826335253153e-99,2.5110979870480577e-98
NSA2,3426.8447,-0.02381402269489844,0.01228432593435026,-1.9385697532094999,0.052553749565531195,0.05824080275459417
NSD1,4021.243,0.10419216068308662,0.01271562824618804,8.194023815875704,2.5263504347271954e-16,3.773862242322325e-16
NSDHL,1509.0712,-0.4760406232456115,0.013943105318448773,-34.14165011116569,1.7787255020576193e-255,1.7971748137166785e-254
NSFL1C,4143.756,-0.2152031851577843,0.00952576296880151,-22.591700618901736,5.229539995790813e-113,1.8397823531070532e-112
NSF,3019.7417,0.14269713534529313,0.01420048997622599,10.04874730267703,9.30426123899231e-24,1.5234474389950496e-23
NSL1,1334.4995,0.2581924566766363,0.01183986405362919,21.807045714979672,1.989129269505161e-105,6.594476925232954e-105
NSMAF,1691.8457,-0.1025181038090097,0.013795969905488864,-7.4310182257082085,1.077648604705886e-13,1.5459306611617202e-13
NSMCE1,2779.3445,-0.26624552927845324,0.014784379000489581,-18.008570347772917,1.6688328929955878e-72,4.2763711602891343e-72
NSMCE2,754.68774,-0.2930543277436053,0.013217823949959434,-22.171147751177656,6.522590364248986e-109,2.2213686387712463e-108
NSMCE4A,1142.7518,-0.20948600821251098,0.012259669091739787,-17.087411303267285,1.8417000803142705e-65,4.453108305833519e-65
NSUN2,3467.495,-0.36696106841692044,0.011692372856407165,-31.384653305495107,3.277318270945882e-216,2.4896612939622095e-215
NSUN3,246.30988,-0.030928703789811805,0.01175855491267189,-2.6303150361172984,0.008530577578328846,0.009765746115451921
NSUN4,1214.1028,-0.09318858924559688,0.009080439787139346,-10.262563425350846,1.0391102563433039e-24,1.724143904555283e-24
NSUN5P1,453.8701,-0.8909434426210804,0.023469857917374767,-37.96117751362754,0.0,0.0
NSUN5P2,1020.4737,-0.6527636116223963,0.021515719015784703,-30.338916916674062,3.5181765453102442e-202,2.3907395289042476e-201
NSUN5,1631.3328,-0.6578107649970065,0.014040687892037032,-46.85032315048283,0.0,0.0
NSUN6,515.5237,-0.07716211933223818,0.01718717164254997,-4.489518167213117,7.138445940523858e-06,8.927003740978208e-06
NSUN7,303.46466,-0.11751424913793915,0.0341243112492007,-3.4437105053861474,0.0005737897244450976,0.0006839853035878998
NT5C1A,6.9156337,1.5025618177435185,0.08282584577575826,18.141219128767332,1.506519821002781e-73,3.8962445421488337e-73
NT5C1B,5.4109087,-0.5920165047614848,0.030580068589717683,-19.3595545093233,1.6934355222897257e-83,4.741013998665639e-83
NT5C2,3741.6343,-0.029647221242745405,0.013929507556256951,-2.1283754018589307,0.03330597093594372,0.03722421290540614
NT5C3L,1828.8528,0.010017411829863985,0.015472676462997152,0.6474259223231732,0.5173563234154783,0.5343915468501128
NT5C3,1253.2056,-0.23494992744720844,0.0139461554183112,-16.84693167399532,1.1050103332027226e-63,2.637386327511633e-63
NT5C,1235.1543,-0.5834303607119906,0.015438858834518891,-37.78973348778415,0.0,0.0
NT5DC1,1515.4463,0.032799165198707805,0.0157082967182846,2.0880153836494113,0.0367964470140983,0.04106220482131261
NT5DC2,3347.7192,-0.20129938810015158,0.023536524586837294,-8.552638574886602,1.2030615252076578e-17,1.8286642968271393e-17
NT5DC3,1148.8676,0.4099192251785098,0.02411830218353467,16.99618912057407,8.763504936752083e-65,2.1084400497203456e-64
NT5E,2202.5422,0.46476708325024124,0.03171976806049611,14.652285047098548,1.3026014807455514e-48,2.7311702931512545e-48
NT5M,218.82881,0.18932483915267415,0.027712185707111307,6.831826300301205,8.384033093487582e-12,1.1681530916391575e-11
NTAN1,1154.3776,0.0016829639724781436,0.015306807500174833,0.10994872526220252,0.9124500395853998,0.9165015716571688
NTF3,55.40271,0.7275276512189728,0.04358448224742774,16.69235502417629,1.489764675552803e-62,3.525118436724723e-62
NTF4,62.974678,-1.1393989379285763,0.058923661755982765,-19.33686576789991,2.629811909245212e-83,7.347377612230448e-83
NTHL1,916.7084,-0.6695295109175879,0.019302571089873963,-34.686027462363285,1.279758200141129e-263,1.3626881379013203e-262
NTM,645.4292,1.6850311534488829,0.03851874787304578,43.74574061967407,0.0,0.0
NTN1,1371.685,0.869231499281866,0.038182624678049386,22.76510602953846,1.0168744971593271e-114,3.617429300658176e-114
NTN3,8.6761055,0.8420671194805767,0.0449639067635896,18.72762355611094,2.947841005328462e-78,7.9238308723900395e-78
NTN4,2426.3357,1.0484344658012965,0.032965771371715594,31.803729206859874,5.748470305234196e-222,4.546740751525368e-221
NTN5,26.093039,-0.12925283720501357,0.03241616603183869,-3.987295631385381,6.683072934655983e-05,8.171812725324995e-05
NTNG1,163.75534,0.9343809375107504,0.05637469191831124,16.574475278103492,1.0658924793799495e-61,2.498043626993944e-61
NTNG2,251.93973,0.7788105995282558,0.04272634260332745,18.227878916731886,3.1011747223038108e-74,8.068602705608087e-74
NTRK1,71.618164,-0.7409387529998902,0.05108092347556245,-14.505194945317731,1.123179290501757e-47,2.334300446644066e-47
NTRK2,8251.415,2.1799992498799856,0.05419079296477845,40.22822200252515,0.0,0.0
NTRK3,308.24344,2.3223893305517787,0.050552544483898836,45.940107550698414,0.0,0.0
NTSR1,67.87742,-0.14426669910608192,0.05692091138869799,-2.5345114051481437,0.011260426143528448,0.012840316783695288
NTSR2,80.65043,4.48428221550921,0.10636614150417771,42.15892531302437,0.0,0.0
NTS,1099.486,-3.131577909027324,0.08093467470115898,-38.69266072409975,0.0,0.0
NUAK1,1123.9974,0.750270663851172,0.024667355984055696,30.41552829318742,3.423866670348091e-203,2.344651918655122e-202
NUAK2,1101.6536,-0.2977331660880067,0.02890666858308273,-10.299809029610952,7.060131913578479e-25,1.1742278051510845e-24
NUB1,3763.026,-0.006989853064102705,0.009661865740192368,-0.7234475464739315,0.4694049689946549,0.4868372778279256
NUBP1,1094.1776,-0.10094631466210595,0.010278628683011498,-9.82099050128641,9.144061402808302e-23,1.4799582327671057e-22
NUBP2,2491.919,-0.40634163372707743,0.013373847423401874,-30.383301144594427,9.129535482248781e-203,6.230915617938416e-202
NUBPL,563.39746,0.23097159460935052,0.012683036931813555,18.211063789461328,4.216735093513196e-74,1.0959850602430124e-73
NUCB1,16294.486,-0.044922156565842815,0.013400697267455174,-3.3522253110620146,0.0008016474886653396,0.0009510367240683905
NUCB2,3561.2495,-0.2514202243789582,0.02217905188860475,-11.335932015567085,8.709989524078801e-30,1.5261784725081356e-29
NUCKS1,16809.709,0.3173888349899606,0.011519421014157382,27.55249891464939,4.1305672684986145e-167,2.1623609930409692e-166
NUDCD1,1097.8578,-0.18665580203650015,0.014962792727781012,-12.47466334877054,1.026390721488631e-35,1.9155090932979227e-35
NUDCD2,935.663,0.022804819447227925,0.011109670705272636,2.0526998551275497,0.04010169611789352,0.044660053129708124
NUDCD3,5156.854,0.12822598886386544,0.00968597057316787,13.238321125925966,5.271403649275354e-40,1.0246372627038086e-39
NUDC,5563.923,-0.2991415277162029,0.012561717635009004,-23.813743980561025,2.4063847697279e-125,9.308680890535877e-125
NUDT10,162.23843,1.2312385858028114,0.0442216687566709,27.842427036792397,1.3303684614840392e-170,7.150203671423852e-170
NUDT11,333.6094,1.101384574056756,0.045320431575783575,24.302164294597485,1.859717370510482e-130,7.481127434543154e-130
NUDT12,863.8736,0.44042268726551287,0.021034871923265638,20.93774038045761,2.426997854330005e-97,7.534499743260837e-97
NUDT13,106.80784,-0.08037711467670645,0.020702933503337344,-3.8824022046802953,0.00010342961749593693,0.00012586512747159474
NUDT14,1194.7197,-0.572379994818801,0.01907903443186797,-30.000469723077128,9.675957609001273e-198,6.321977566163573e-197
NUDT15,1137.642,-0.3666040811523856,0.014429298352062823,-25.406923622171522,2.1145519722221968e-142,9.192860047506235e-142
NUDT16L1,1559.4991,-0.12346992899505095,0.01493091069968015,-8.269417149330076,1.3461548388561843e-16,2.0182904753128402e-16
NUDT16P1,315.61258,-0.2301082018595715,0.029473068291263435,-7.807405716485291,5.837711574873516e-15,8.540526728431295e-15
NUDT16,1783.7745,0.2505557501759688,0.014479867553855438,17.30373218153196,4.408795834074488e-67,1.0829955886332349e-66
NUDT17,104.4103,0.18730994753890767,0.019588902567515235,9.562043963071645,1.1545362721964825e-21,1.8412348398596416e-21
NUDT18,426.95303,-0.45377526678946795,0.017153131041529143,-26.45436950786656,3.249934211440274e-154,1.5484533257831158e-153
NUDT19,1074.3827,-0.433477876123164,0.01476041348179688,-29.367597097313425,1.424560753891779e-189,8.754190277235958e-189
NUDT1,834.16516,-0.8498474352642571,0.02139417945662526,-39.72330123654637,0.0,0.0
NUDT21,4444.8584,0.16830595677566398,0.010861319463805768,15.495903360224908,3.697272796237126e-54,8.129687531978793e-54
NUDT22,1250.1937,-0.5438881605774596,0.014544272634200033,-37.395349651142915,4.650148521876246e-306,6.752665745854386e-305
NUDT2,744.0168,-0.22171478099390535,0.016872019804882368,-13.140974439216002,1.9174154331773085e-39,3.706129384226415e-39
NUDT3,1269.7323,0.020454106927444784,0.01153203149320926,1.7736776854528509,0.07611647953402498,0.08360698175523143
NUDT4,2779.2642,0.1556693957368561,0.020289940629875963,7.6722450093146355,1.6901171787549686e-14,2.454636584553603e-14
NUDT5,1864.6466,-0.44200185601749825,0.014136970051395267,-31.26567110283114,1.367224396002194e-214,1.0256198039133627e-213
NUDT6,205.15225,0.21020311979858647,0.01975304409143076,10.64155574328802,1.9091467574435348e-26,3.23094919657464e-26
NUDT7,249.16513,0.12389415004033053,0.02547325499001655,4.863695279181518,1.1521424487609092e-06,1.4655712661245453e-06
NUDT8,526.9475,-0.9827379199594801,0.026139559426091658,-37.59581039374915,2.51663813735957e-309,3.7398712290878455e-308
NUDT9P1,9.12926,0.5354485615859276,0.027503792761830695,19.468171761714775,2.044387837614624e-84,5.7536206781858075e-84
NUDT9,1512.9581,0.00851934141280955,0.014260864283837157,0.5973930642103593,0.5502449833046597,0.5667528895628638
NUF2,568.04065,-0.6706653155687283,0.032468750382178994,-20.655716886992792,8.672439113665539e-95,2.636830763367932e-94
NUFIP1,470.23795,0.03456703744573112,0.011515806297955171,3.0017036194737914,0.0026847342262801316,0.003129602296755637
NUFIP2,5136.0254,0.004271331483670665,0.012281016635514607,0.34779950312246155,0.7279907628462762,0.7407989174182704
NUMA1,18494.477,0.1418763694990288,0.014121443490128551,10.046874428822095,9.482743276043071e-24,1.5524217622785534e-23
NUMBL,1197.4772,0.3643114365305716,0.020241908395920962,17.997879913535506,2.02420495308776e-72,5.183746998731284e-72
NUMB,3294.8196,0.11747918035586238,0.011247866251972136,10.444574795265215,1.551490832478985e-25,2.5990950266139764e-25
NUP107,1937.6049,-0.14854941994374,0.015983029695699313,-9.29419658049634,1.4832211129500692e-20,2.3374021703344266e-20
NUP133,2567.3628,0.1516816011509007,0.010512031900012719,14.42933227311812,3.3834077137747343e-47,7.006692874045348e-47
NUP153,2963.9136,0.06829077780951895,0.01416381561662484,4.821495821321082,1.4248570633197656e-06,1.8078440079849875e-06
NUP155,1264.1859,-0.11024591795604409,0.01836705465351967,-6.002373273001489,1.9445402199656755e-09,2.6005974077567616e-09
NUP160,2552.6135,0.12444536778085531,0.012164163922387113,10.230490856163502,1.447836537249378e-24,2.398999272553112e-24
NUP188,3613.5408,-0.22334718504590995,0.013103010359220948,-17.04548641287873,3.7758974238173628e-65,9.111472757081626e-65
NUP205,3152.1196,-0.1287151920774609,0.013931147469809502,-9.239381921439167,2.4792519080640153e-20,3.8973893596073884e-20
NUP210L,7.565448,-0.05408082509587736,0.05506526397218397,-0.9821223253046804,0.3260395880925335,0.3429522073870261
NUP210,4165.054,-0.8018476269642999,0.02380394971298538,-33.68548651095835,9.430504908431557e-249,9.090703098047257e-248
NUP214,3453.5159,-0.027189576160873752,0.009939542397018341,-2.7354957677961176,0.006228638727245047,0.007162318884381922
NUP35,589.74,-0.05428580198947551,0.010616614160470038,-5.113287642269564,3.165996361227682e-07,4.0705096254016025e-07
NUP37,850.895,-0.5095685941262468,0.013177761412476707,-38.66882835227136,0.0,0.0
NUP43,1532.1628,-0.09979054652226878,0.010181642233057644,-9.80102661614547,1.114471169505742e-22,1.8018995028563693e-22
NUP50,2882.6917,-0.24077394628637036,0.011927675722532028,-20.18615796466828,1.2955612311286736e-90,3.8219200017530405e-90
NUP54,1482.8236,-0.00048006690790231775,0.011165438475231026,-0.042995795370444206,0.9657048855642457,0.9670348613055176
NUP62CL,110.85221,-0.5465584391040289,0.03340431367369042,-16.361911950746165,3.5771829104979933e-60,8.28248230124288e-60
NUP62,3888.1357,-0.26314858687563836,0.010137013480958966,-25.95918288655017,1.4321981704232428e-148,6.545033120459438e-148
NUP85,1726.3525,-0.3671925430977917,0.011507080997719797,-31.910138042006768,1.931556236066186e-223,1.5415348259534096e-222
NUP88,1703.2462,-0.1806888887545931,0.010544039306052886,-17.136590969541174,7.915770247474427e-66,1.9183093258937252e-65
NUP93,2397.0093,-0.2827521733612431,0.012973846520214497,-21.79401250975862,2.644344236907227e-105,8.760977106459599e-105
NUP98,4883.3403,0.0018352582859670113,0.01007729692510659,0.18211811159346178,0.8554900354198895,0.8634634688966105
NUPL1,2340.411,0.048757299608606815,0.012523733512042768,3.8931920390770056,9.893377268207507e-05,0.00012042285531713299
NUPL2,1060.9011,-0.09841928862292423,0.011199722146613696,-8.787654491293063,1.5271479155863218e-18,2.3472145865485372e-18
NUPR1,6053.497,-0.26671679037000134,0.0319644740594803,-8.3441632693123,7.171984995611595e-17,1.0787915960521348e-16
NUS1,2858.992,0.0840062582887473,0.010713817640028437,7.840926652968898,4.472336316194859e-15,6.554297081875261e-15
NUSAP1,1826.4,-0.5930927500959627,0.026925692338618166,-22.027019496368517,1.5867680200295116e-107,5.3502832261975533e-107
NUTF2,4565.5728,-0.42283695963803686,0.012352065027365255,-34.232086594530315,8.058168370700761e-257,8.215135195748463e-256
NVL,1127.3958,-0.12969460115175716,0.012799704259542317,-10.132624826473506,3.958772915999753e-24,6.521292806605629e-24
NWD1,327.55234,0.4066449628205386,0.05635271422894744,7.216067023292587,5.35126899756972e-13,7.59314786182896e-13
NXF1,3906.7422,-0.03329878733334657,0.010441591012220279,-3.1890530182972547,0.001427396956758442,0.0016794021406984006
NXF2B,3.6103292,-0.9889501557944306,0.1459570884431502,-6.775622659667011,1.2387159587726975e-11,1.7187363323555746e-11
NXF2,55.386654,-1.5636577527315898,0.12017953217789236,-13.011015473225752,1.0592505894219962e-38,2.034652585153545e-38
NXF3,41.244522,-1.2985952711228028,0.06594187627863539,-19.693028837026535,2.4744234465909992e-86,7.071418718296765e-86
NXF4,0.7180653,0.8972104831789212,0.10059405097660451,8.9191207081181,4.700048730714279e-19,7.274463441433177e-19
NXF5,2.4589877,-1.0455029547238246,0.08190895603391743,-12.764208034722056,2.5977933141421767e-37,4.924438927618303e-37
NXNL1,1.3479927,-0.0683430684449667,0.07547159231051377,-0.9055469263690886,0.365175711263918,0.3827342242276503
NXNL2,47.965893,-0.0029618193931272357,0.05546011307641912,-0.053404496111396506,0.9574096229481454,0.9590111937811213
NXN,2478.5918,-0.008242305714983616,0.027075111302256268,-0.3044237057040927,0.7608051097500175,0.772145126091755
NXPH1,210.43608,2.160983205721646,0.10083160840547545,21.431605028372214,6.780215913569597e-102,2.1782928165435287e-101
NXPH2,26.181389,1.7438082123940364,0.07128516645028167,24.46242744779543,3.7115889257884774e-132,1.5097750037987535e-131
NXPH3,311.99512,1.3505657294358824,0.035858211468780474,37.66405724423084,1.92624687350533e-310,2.88781002192157e-309
NXPH4,649.7905,-0.3705573919300716,0.04442968930159492,-8.340310223973804,7.40958878175162e-17,1.1143666839601186e-16
NXT1,944.71906,-0.4488209079319682,0.014234294415359373,-31.530955791364864,3.2713385997995856e-218,2.5142009268901384e-217
NXT2,861.0049,-0.09713808339262418,0.01770390496220978,-5.486816812447435,4.092411331617298e-08,5.341543935145311e-08
NYNRIN,1968.5187,0.13884721806683997,0.026247259894516557,5.289970024484241,1.2233640794461944e-07,1.5846834188105281e-07
NYX,4.095677,0.7096172065354234,0.08709995377308782,8.147159393265731,3.7257245502223223e-16,5.553263497911725e-16
OAF,2790.88,0.004544352158205342,0.027659579504114885,0.16429577888301894,0.8694983045060343,0.8767329989321159
OAS1,2657.466,-0.7246996389218544,0.02730663754988828,-26.53932171611585,3.4111764810165193e-155,1.635998633145237e-154
OAS2,3690.637,-0.4343520087192233,0.029814182714495215,-14.568637110687852,4.4467394538752745e-48,9.281440285159598e-48
OAS3,4879.7183,-0.483466276444633,0.026410166685195396,-18.306066834316766,7.402771738974125e-75,1.937434501012652e-74
OASL,821.73865,-0.7309186331103492,0.03543386662631356,-20.627684830973582,1.5489015938223618e-94,4.695367413435001e-94
OAT,4572.4956,0.1358642085663586,0.020634337482891684,6.5843746463391986,4.5680393918864774e-11,6.273658525324931e-11
OAZ1,23277.604,-0.3880519280839983,0.011621373489702777,-33.3912276744083,1.838114715359196e-244,1.7142545803938558e-243
OAZ2,4193.521,0.3898433807915137,0.01239586328466527,31.4494740575094,4.267694756290587e-217,3.254157211360302e-216
OAZ3,93.148224,-0.33811890238603914,0.03053265704057385,-11.074008460407622,1.6772647147477282e-28,2.8963046927522473e-28
OBFC1,1244.5066,-0.055582236574466586,0.013576982985781864,-4.093857717334817,4.242547138423109e-05,5.213933187924428e-05
OBFC2A,742.2143,-0.39608177190698884,0.02329203467048211,-17.005031012122846,7.536529722426613e-65,1.8140956327605038e-64
OBFC2B,1786.6165,-0.21887471084226318,0.01071642368382169,-20.424230816171697,1.0184990067080237e-92,3.0484594645058296e-92
OBP2A,23.394323,-1.1469154216714639,0.08996651650685068,-12.74824752811375,3.1883211227305097e-37,6.0365507056328885e-37
OBP2B,52.048527,-1.0932426273685683,0.1091102118482619,-10.019617860232238,1.2498525349884986e-23,2.0430146736114686e-23
OBSCN,1563.6537,-0.11221812752869167,0.030274835250735526,-3.706647008953264,0.00021002134687866797,0.0002535474739743122
OBSL1,4374.0674,0.26201072241863027,0.025209073271764103,10.393508701968047,2.6540609213884455e-25,4.432651870266396e-25
OC90,2.5086985,-1.3217118467318856,0.1314358248900945,-10.055948200097573,8.648481457848635e-24,1.416869992760444e-23
OCA2,170.10107,-1.568499611297384,0.06399211541784619,-24.510826076863196,1.132435820182547e-132,4.621218854098311e-132
OCEL1,759.74365,-0.2779308005246551,0.019634715786357497,-14.15507122938676,1.7376159885469955e-45,3.549681307528425e-45
OCIAD1,5438.882,0.17073110155296642,0.010890516988090383,15.677042856613141,2.171301430370423e-55,4.82014238588065e-55
OCIAD2,3035.9602,-0.5459766861124983,0.026245178685088428,-20.80293270865413,4.071377613710122e-96,1.2513462686824333e-95
OCLM,10.09696,-0.5543694146912106,0.03355102973022781,-16.523171394401384,2.4990465587975056e-61,5.840671437327335e-61
OCLN,960.9755,0.04354659970108638,0.033201233453211174,1.311595840632078,0.18965653718372688,0.20330757374281253
OCM2,0.21534844,-0.501149910040078,0.1596166912060143,-3.139708674910779,0.0016911592073710572,0.0019849135421922837
OCM,2.744475,-0.04179861055468415,0.038620275737610996,-1.0822970513899746,0.2791205557737282,0.29530818453449736
OCRL,2419.1326,0.10832768557406333,0.013169618614592449,8.225574995317787,1.9425667568589045e-16,2.9060707328158163e-16
ODAM,86.64538,-0.5965381891101328,0.08552175154410406,-6.9752803040112505,3.052615655549467e-12,4.28342422850173e-12
ODC1,8329.182,-0.3646228259776514,0.025193157012794523,-14.473089886768662,1.79236013079785e-47,3.718982868213762e-47
ODF1,0.46958333,0.18725494718302568,0.0870893752856798,2.15014686428479,0.031543599638964824,0.035283563817904776
ODF2L,873.2219,-0.24497802678274241,0.0193216567227859,-12.678934850024607,7.737618438802648e-37,1.4596939751258627e-36
ODF2,2129.7588,-0.22371663827624488,0.011898423869235784,-18.802207816337763,7.243745227110861e-79,1.9585047686420988e-78
ODF3B,466.521,-0.7650816617177798,0.027184399300401323,-28.144144487551173,2.8263398071832794e-174,1.5547541781800698e-173
ODF3L1,31.263115,0.055601229004103775,0.03463059080861449,1.6055524236182754,0.10837228599305332,0.1181003838203925
ODF3L2,10.281371,0.08224683648615772,0.03948376430975001,2.0830545902597213,0.03724624787589672,0.04155048550714418
ODF3,1.0867941,-0.6029008911501096,0.06836717143820945,-8.818572985647272,1.1592763038125968e-18,1.7842233345419308e-18
ODF4,0.7373549,-1.0399323026733316,0.09299890071182695,-11.182199947671856,4.983895771178827e-29,8.656866650066526e-29
ODZ1,538.8034,0.7085311901144098,0.05317039386093527,13.325671274272308,1.6414963941204898e-40,3.204451537817533e-40
ODZ2,881.13403,-0.6945147219164703,0.05779351156659214,-12.017174646261473,2.886740445213971e-33,5.2464871205241244e-33
ODZ3,748.3637,0.7252360869574512,0.0411022956038899,17.64466135776648,1.1184267301679294e-69,2.802812629183761e-69
ODZ4,1001.6846,0.9699115952534326,0.03585892015685245,27.047986693712183,4.0335291603238185e-161,2.0201382576883793e-160
OFD1,1609.5258,-0.183218959126712,0.014019431312514895,-13.068929476701078,4.9558031306874096e-39,9.5481400527742e-39
OGDHL,2171.2341,0.31088546968567615,0.05932996509371664,5.239940208874328,1.6062863309070208e-07,2.0767373728923627e-07
OGDH,8149.118,0.10670734375218215,0.013774608222536606,7.746669961734265,9.433372117775225e-15,1.3754495663237543e-14
OGFOD1,1852.2656,-1.2235353090617612e-05,0.009118656232209444,-0.0013417934374364495,0.9989294040537348,0.9989784722040469
OGFOD2,834.81226,-0.4136629826118279,0.012352595466008906,-33.487940550641326,7.220940748712708e-246,6.7997748706309906e-245
OGFRL1,704.55664,0.6589160963945199,0.024539592586957523,26.85114245721933,8.179427970998336e-159,4.019429738391386e-158
OGFR,3340.5369,-0.37592254969767075,0.013485656984025873,-27.875731241196572,5.254181194953247e-171,2.8336390714716068e-170
OGG1,852.5501,0.19402208695631906,0.013663906276075121,14.199606103566659,9.212878885261946e-46,1.885075389196462e-45
OGN,854.87354,2.3238712915829622,0.05242216392673017,44.32993828394816,0.0,0.0
OGT,6830.5127,-0.18001627292282552,0.01729198458908287,-10.41038823481702,2.223131587782035e-25,3.7165984558757147e-25
OIP5,212.00067,-0.9378459562380123,0.029672963998874834,-31.60607603182393,3.04644398134792e-219,2.361864166651268e-218
OIT3,77.1231,1.4383209616186898,0.054797605197740774,26.247879928847507,7.557276921581669e-152,3.536979329804166e-151
OLA1,3746.2776,-0.19479830199270817,0.011017906198864133,-17.68015614552886,5.963083384605428e-70,1.4971317625746937e-69
OLAH,12.5948105,0.3439137627941969,0.05784197617263591,5.945747112231218,2.751987378111979e-09,3.6708190415371665e-09
OLFM1,1607.7131,0.8526933699251696,0.043769540702319934,19.48143289244006,1.5780077058541388e-84,4.44352128402274e-84
OLFM2,1807.8103,1.062190060586647,0.03732656837523884,28.45667595018639,4.0290806949182387e-178,2.277291889723499e-177
OLFM3,34.35234,1.6012317854504416,0.09217662408384254,17.371343346160995,1.360042978871558e-67,3.3542235017378614e-67
OLFM4,10095.743,-2.1145427734594904,0.08253048005288281,-25.621355553785232,8.821334316662298e-145,3.904207507672342e-144
OLFML1,486.3683,1.1332806719839799,0.02942613972828609,38.51271972635288,0.0,0.0
OLFML2A,2348.8499,0.9218377267187828,0.02934005819323269,31.41908310636567,1.110456515095875e-216,8.457831721225934e-216
OLFML2B,1999.6465,1.096259639199693,0.030621166333341852,35.80071468427481,1.0764861518449711e-280,1.2884292513469586e-279
OLFML3,2035.1083,0.9777318794419827,0.029538894095344517,33.09981329314825,2.9902967596769566e-240,2.70215054284346e-239
OLIG1,1628.8966,3.4217676770210352,0.08479176552945115,40.354952578886156,0.0,0.0
OLIG2,933.4485,3.675951686612842,0.11283888097632135,32.57699522369618,8.685717197576867e-233,7.433060799725407e-232
OLIG3,3.3493545,-0.3107138890308437,0.12319643670818971,-2.5221012663444053,0.01166561199302683,0.013292673340014174
OLR1,708.1919,0.9124094419746165,0.03984438013892736,22.89932579684446,4.718603942333643e-116,1.6951836538198455e-115
OMA1,745.65063,-0.07996947972158414,0.013747380144663538,-5.8170705167141765,5.98878823682187e-09,7.939424348079472e-09
OMD,202.28363,1.5182333834987127,0.04573638668130577,33.19530670574974,1.2582331344629488e-241,1.1482011826325044e-240
OMG,260.92514,3.4021445401833588,0.06349404910974914,53.58210080920763,0.0,0.0
OMP,2.6935322,-0.7219282967071483,0.04953219619919052,-14.574930087976725,4.055375690588164e-48,8.469777768227783e-48
ONECUT1,24.15446,0.004481860613347517,0.08643517433054627,0.05185227713208444,0.958646400415806,0.9600610982372666
ONECUT2,642.7249,-0.2738021802955556,0.05293651517908719,-5.172274362399329,2.3126167909258636e-07,2.9819852585001996e-07
ONECUT3,11.839251,-1.3119384449790472,0.16656331173263786,-7.876515130084164,3.3663817550173314e-15,4.943462647893671e-15
OOEP,17.261354,-1.2734223107072955,0.0752060755689814,-16.93243931521559,2.594035513240813e-64,6.215366483943711e-64
OPA1,3667.276,0.039237709561583206,0.012248941701955427,3.203355074775095,0.0013583638876907913,0.0015993829384938303
OPA3,1326.7418,-0.08205367857708046,0.010943353450404925,-7.498037868277417,6.478018798267292e-14,9.329135227694971e-14
OPALIN,62.899166,4.630671126019429,0.1678503803803429,27.588088364926524,1.5463783800949848e-167,8.13086710752939e-167
OPCML,229.90746,2.833106929341455,0.059660776464292395,47.48692687627187,0.0,0.0
OPHN1,826.80566,1.3387903819538178,0.02678341469447471,49.98579894407578,0.0,0.0
OPLAH,1292.0143,-0.6057204601814841,0.02784361961623002,-21.754372043942528,6.280032523785553e-105,2.0728790880633928e-104
OPN1LW,0.3125627,-0.6115327474163716,0.13653766335599551,-4.478857572228392,7.50435816919138e-06,9.380562900875993e-06
OPN1MW,0.38122976,-0.5100628365518237,0.15601553030976534,-3.269308097335601,0.0010781084004621469,0.001274042774843792
OPN1SW,6.099242,0.09498506711406587,0.031237920709682686,3.0406974906183097,0.002360308427543958,0.0027578925204526767
OPN3,1190.8724,-0.10820945429605766,0.02376162983542619,-4.553957579741786,5.264597649161048e-06,6.601499355707673e-06
OPN4,4.8371797,0.5694411638057191,0.056601209899211684,10.06058288894722,8.25083762431237e-24,1.3520508949885347e-23
OPN5,0.800326,-0.15956545633488395,0.07055306059177156,-2.2616376241726597,0.02371980144729233,0.026677242164701388
OPRD1,3.8809974,0.3564128382920357,0.09054475295182732,3.936316867324809,8.274170758046194e-05,0.00010097940442576577
OPRK1,64.61445,-0.15354386028018258,0.07417808459606474,-2.069935630129877,0.038458372790549464,0.04287214650620361
OPRL1,178.75804,0.40408752605933,0.02670295543159075,15.132689229645234,9.85830651852197e-52,2.1209475051314463e-51
OPRM1,2.6208525,-1.2910233234150752,0.13297349502459974,-9.708877120032373,2.7636480187757068e-22,4.446780211353403e-22
OPTC,0.9656521,0.7818444317670759,0.08561277745508687,9.132333455449889,6.703846251073509e-20,1.0472959317495823e-19
OPTN,4512.0923,0.12899900719618668,0.01792845784191308,7.195209333321091,6.236500884679981e-13,8.841846901894132e-13
OR10A2,0.3390048,-0.7529481086530159,0.1260745592645125,-5.972244622908279,2.340112858830141e-09,3.1244987993784653e-09
OR10A3,0.4182797,-0.04023176642549263,0.09352327081743668,-0.4301792064568355,0.6670652865629099,0.6812190092864306
OR10A4,0.29235607,-0.7221861140634322,0.1360342265715634,-5.308855956802257,1.1031546980411199e-07,1.4300621774860973e-07
OR10A5,0.28718382,-0.833786723057092,0.1672668665312038,-4.984769191581337,6.203582178045146e-07,7.928357160252426e-07
OR10A6,0.18231484,-0.26261220339955654,0.1356068631367607,-1.9365701508389723,0.052797909644554074,0.05849546378175209
OR10A7,0.027887013,-0.43915928051370196,0.5086531504052046,-0.8633767040739995,0.38793038356911835,0.4055599609265524
OR10AD1,1.8445435,-0.2723288456100426,0.04433954791570713,-6.141894954088404,8.154277922806865e-10,1.0989140413743627e-09
OR10AG1,0.046983484,-0.4567175983739591,0.40985008402932604,-1.1143528235589664,0.2651278537277132,0.28110290459548554
OR10C1,0.060869705,-0.4644723460818541,0.42860991359990086,-1.0836714955581503,0.2785104783460627,0.2946933542252217
OR10G2,0.28398913,-0.6803288819571099,0.09938179007477263,-6.845609054186342,7.615118152426109e-12,1.061818988187406e-11
OR10G3,0.15684628,-0.5927188072171246,0.23286477197850375,-2.545334797449911,0.010917300873498176,0.012456724120582267
OR10G4,0.13648006,-0.48380238384004765,0.1970749973950403,-2.4549150842826464,0.014091787130416812,0.016003497193515695
OR10G7,0.04387979,-0.39921826447230335,0.35325733301474666,-1.1301060931002331,0.2584315225930045,0.27431738104645353
OR10G8,0.02314873,-0.43230577207780785,0.5418651655084452,-0.797810598642496,0.42498040986279906,0.44249865311700126
OR10G9,0.036361955,-0.45704757647937416,0.5445172559822884,-0.8393628878755692,0.40126570298326436,0.4189849444577023
OR10H1,1.795506,-1.3193803825415396,0.08401686932849338,-15.70375560392473,1.4254736195139481e-55,3.169985518261548e-55
OR10H2,0.4298938,-1.0123102804741273,0.10151913105123775,-9.971620816604547,2.0289043739438835e-23,3.3061040618795845e-23
OR10H3,0.035330083,-0.45184411594146207,0.5018287220962423,-0.9003950871006663,0.36791003437556813,0.3854412797742084
OR10H4,0.025722524,-0.43827739662406695,0.5059669984890616,-0.8662173579163621,0.3863709761929178,0.4039504290202647
OR10H5,0.67749625,-0.9149709636803371,0.09589621530056627,-9.541262507728334,1.4110391830341338e-21,2.2483639921258455e-21
OR10J1,0.058581803,-0.48428730347173354,0.380364686274207,-1.2732183637116308,0.20294056593363585,0.2170677199665279
OR10J3,0.21448134,-0.5680998872728052,0.17159990574662626,-3.310607222078701,0.0009309377905296189,0.0011019804917374563
OR10J5,0.10567724,-0.5225963359975799,0.263816912973999,-1.9809053563184003,0.04760188829966155,0.05285954204716971
OR10K1,0.08890828,-0.5579116000634985,0.33083317060705547,-1.6863834996949372,0.09172195747014018,0.1003367541848683
OR10K2,0.13490625,-0.37394270090626436,0.2277971629947853,-1.641559956191485,0.10068123211349314,0.10993077360284281
OR10P1,0.1539636,-0.5753542027809565,0.20961915927980315,-2.7447596143297384,0.006055523630645734,0.0069656141926841345
OR10Q1,0.6196129,0.27652485608267424,0.09493187696408203,2.912876737782177,0.003581159299642057,0.004154585570768285
OR10R2,0.45213446,-1.9818504467782434,0.47156620208321853,-4.202698238387536,2.6375209093711035e-05,3.256354650933068e-05
OR10S1,0.08084125,-0.4427242695096867,0.2665292468048818,-1.6610720017296714,0.09669898682280033,0.10566768679756276
OR10T2,0.20265886,-1.1379656976833505,0.40976314318810325,-2.777130438891043,0.005484116553963937,0.0063183254440694805
OR10V1,0.21117488,-0.14305283373577887,0.12599455813829963,-1.1353889870287495,0.2562123719666901,0.2720327343348028
OR10W1,0.23770475,-0.612417134295882,0.17784394473353424,-3.4435647230692843,0.0005740991626637574,0.0006843141014444635
OR10X1,0.028392605,-0.45251379693451727,0.674060052938039,-0.671325640737997,0.5020131037391585,0.5191225507428652
OR10Z1,0.042029604,-0.47485635012448957,0.5439039628328697,-0.8730518300533194,0.3826348277703868,0.4002498308882138
OR11A1,0.39339465,-0.6480369014883475,0.1524785038252777,-4.250021381577307,2.1375011043150136e-05,2.643184219068839e-05
OR11G2,0.07945483,-0.498928037364546,0.2820301739722398,-1.7690590703023694,0.07688401736583557,0.08443183071099016
OR11H12,0.22234687,-0.4074260961657927,0.11640962431063355,-3.4999348084707798,0.000465371954091742,0.0005562115541478088
OR11H1,0.05634242,-0.48642254671887786,0.4385370821188547,-1.1091936498702861,0.26734665142862435,0.2832931076060669
OR11H4,0.4403336,-0.789091630076103,0.10878716746831013,-7.253535949504031,4.060295476124231e-13,5.766956578653078e-13
OR11H6,0.17087327,-0.5098379856668425,0.12491406926228453,-4.081509702452537,4.474410946839083e-05,5.496562629982315e-05
OR11L1,0.20903634,-0.4362138423795154,0.16292933975791668,-2.6773191558233136,0.0074213904141285075,0.008511271261899633
OR12D2,0.39378044,-0.4149768275910454,0.1638362012055114,-2.5328762784881134,0.011313087533941715,0.012898199535393368
OR12D3,0.14907132,-0.49330485836953425,0.24945831854424677,-1.9775041427693905,0.04798467269962122,0.05327588763110588
OR13A1,10.45812,-1.033522534065142,0.04767768993701657,-21.677277893086917,3.361839833945901e-104,1.1026856320171515e-103
OR13C2,0.20680214,-0.13386880284672614,0.11245707451025208,-1.1903991227739261,0.23388955768477027,0.2490198465068632
OR13C3,0.11891838,-0.5572770009296782,0.245667005028577,-2.2684242878479086,0.02330335882131991,0.026214669148151844
OR13C4,0.068487905,-0.5071382791542888,0.3528353044437522,-1.4373229457686965,0.15062625189321863,0.16258946303451768
OR13C5,0.20539206,-0.27260401891317076,0.11041069406448153,-2.4690001382833975,0.013549116610709988,0.015393217917268116
OR13C8,0.09325678,-0.559166232611618,0.31688358849651144,-1.7645793373668954,0.07763449067239712,0.0852375880709342
OR13C9,0.09011559,-0.4794646918242922,0.2540835235389197,-1.8870357477187978,0.059155517671158675,0.06538258329354611
OR13D1,0.53404236,-1.4295743148959719,0.13911440111682216,-10.27624964359713,9.016822628721774e-25,1.497214679864176e-24
OR13F1,0.12823322,-0.5846812375597115,0.21843926342036737,-2.6766306954374923,0.00743665551405807,0.008527817371336502
OR13G1,0.21747743,-0.5830768641007623,0.12499053603690308,-4.664968105494088,3.086649107471754e-06,3.888200048200559e-06
OR13H1,0.14012633,-0.5391745633414289,0.15250503039480745,-3.5354542859707982,0.0004070746717067473,0.00048736449522362063
OR13J1,1.414434,0.19648828944527455,0.05194833120807912,3.782379238675453,0.00015533645925818487,0.00018825495410663645
OR14A16,0.0906337,-0.4404651946883574,0.23901223712898603,-1.8428562486139763,0.06535000165523876,0.07202884081189367
OR14C36,0.066348776,-0.21788375570691432,0.31683764760245614,-0.6876826581552529,0.49165264301577594,0.508822496907187
OR14I1,0.91981745,1.559800798272706,0.09909026152145174,15.741211843860455,7.89177164221143e-56,1.7594018710444865e-55
OR14J1,0.06930644,-0.4782862072979781,0.3552483725300873,-1.3463431342179344,0.1781918810412414,0.19139058328243913
OR1A1,0.05515403,-0.49966688627421757,0.38994421875850066,-1.2813804186276965,0.200060078584956,0.21409919785066858
OR1A2,0.0874632,-0.53809504561555,0.29759714143447236,-1.8081324404590513,0.0705858902985994,0.07762427162476017
OR1B1,0.18965703,-0.32756871996170744,0.10561839257127319,-3.101436331183115,0.0019258428232845457,0.002256589009453241
OR1C1,0.35284713,-0.3348490845179828,0.09071674484175321,-3.691149689090976,0.00022324270322065937,0.0002693970834490786
OR1D2,0.05718637,-0.4338944145354321,0.2961241719743588,-1.4652448384828334,0.14285413028109334,0.15442111279562384
OR1D4,0.12854917,-0.5417751140880367,0.15905344535952237,-3.406245698503514,0.0006586287692211658,0.0007835577112472223
OR1E1,0.52316374,0.6224516393143948,0.10764943685009523,5.782209898424046,7.3725637066776545e-09,9.756127689584035e-09
OR1E2,0.15089688,-0.33323671458198456,0.17834661994072484,-1.8684778814016147,0.061695490352288024,0.06811966419449167
OR1F1,2.1982021,-0.27053539005035426,0.07810945868962581,-3.46354199080227,0.0005331133801531635,0.0006359812086334382
OR1F2P,0.5499363,-0.5925702389874485,0.07747021408605725,-7.6490073762955655,2.0253662355284662e-14,2.938809150390139e-14
OR1G1,0.28310382,-0.3321082503675472,0.0991687017417017,-3.3489220342176917,0.0008112662121962501,0.0009622797025229233
OR1I1,0.079578035,-0.5119763135261709,0.3258200012955127,-1.5713470980617235,0.116102046841685,0.12627392337463886
OR1J1,0.77727324,-0.9232025749805957,0.06315735038616185,-14.617500090422963,2.1723133635390518e-48,4.543935864408872e-48
OR1J2,2.0277083,-0.8730223394087001,0.05544750043316303,-15.74502606228481,7.430050060623693e-56,1.6568279209664596e-55
OR1J4,0.92631054,-0.8010633326467735,0.06788911750453006,-11.799583822743326,3.9224655850912517e-32,7.048320992663088e-32
OR1K1,0.56032485,-0.7669501913741665,0.08215814418056708,-9.335047657461251,1.0094582745764063e-20,1.594627639051913e-20
OR1L1,0.105138555,-0.41817541582931333,0.1966328522898294,-2.126681329999417,0.03344656979850446,0.03737109459018453
OR1L3,0.22662011,-0.28811829845903336,0.11211613719901682,-2.569820060314743,0.01017513511860205,0.011618372174964618
OR1L4,0.16450924,-0.520865725300697,0.157445689906124,-3.3082247320409968,0.0009388943398279256,0.0011113342944509732
OR1L6,0.09512965,-0.4831648420588567,0.21656297960118961,-2.231059264831996,0.025677203575730254,0.028834097495769012
OR1L8,2.0781431,0.3081004713558434,0.046479807491075685,6.6286950825904345,3.386673311834824e-11,4.660939765811207e-11
OR1M1,0.1814795,-0.49273252373791315,0.1759479624254588,-2.80044461410948,0.005103226397628541,0.0058854917707652785
OR1N1,0.81359744,-1.2268259055368789,0.12638905803659906,-9.706741426790453,2.822152845950654e-22,4.54019832403867e-22
OR1N2,0.17767107,-0.5612061580455202,0.15879652997016244,-3.5341210425125147,0.00040913366573131735,0.0004897431973555909
OR1Q1,1.0370213,-0.7418938450330128,0.06876418344181719,-10.788957388852653,3.8816814828531095e-27,6.6125975491094e-27
OR1S1,0.021008965,-0.4277500620092463,0.8878678101607819,-0.4817722380674957,0.629967752977123,0.6450816559129489
OR1S2,0.028880507,-0.43786880500246805,0.5465296413539263,-0.8011803420537793,0.4230272498594969,0.4406001831426561
OR2A12,0.07563805,-0.37695601694175623,0.2024758186476796,-1.8617335119789438,0.06264066241819036,0.06912951247679626
OR2A14,0.21954705,-0.3207300194628896,0.08905967904620166,-3.6012932327827483,0.00031663819592591904,0.00038054527927129786
OR2A1,10.525552,0.29044152174800103,0.029494368257429515,9.847355237888168,7.03713486323196e-23,1.1404045903091576e-22
OR2A25,0.95686036,0.36471453528024717,0.04308791393724903,8.46442776996348,2.5741339107835207e-17,3.8943889640812734e-17
OR2A2,0.15045422,-0.18858548010978277,0.10991182137685263,-1.7157888728199964,0.0862006914830081,0.09438312777791556
OR2A4,68.92569,0.04180819696798773,0.032788141111853165,1.2751011661613763,0.20227343668927567,0.2163882558749915
OR2A5,0.10035234,-0.2788299084124296,0.16136320780742444,-1.7279645849950713,0.08399457392065801,0.09199728483164818
OR2A7,391.19193,-0.47690709997626873,0.028725941654839875,-16.601965766922643,6.744543862354282e-62,1.583762035682478e-61
OR2A9P,375.5611,0.18152175898529424,0.02414856795189023,7.516874679563996,5.6101145088508506e-14,8.08840176231814e-14
OR2AE1,0.8141385,0.24000612107037417,0.05281114467385472,4.544611228417367,5.503673921592946e-06,6.8995872764600236e-06
OR2AG1,0.1037489,-0.4943566547049897,0.20928999907381154,-2.362065349002376,0.018173438358175063,0.02052779802119874
OR2AG2,0.6464599,-0.17844477602072076,0.058868374605580726,-3.031250263257722,0.0024354329540626474,0.0028443655066407434
OR2AK2,0.6069422,-1.7925287306688036,0.16606491241825017,-10.794144919392428,3.668614789623321e-27,6.252769234151628e-27
OR2AT4,0.2104433,-0.38924866714970346,0.15186227640427363,-2.563168920986551,0.01037215712035436,0.011841347323125353
OR2B11,0.72543097,-0.15195035816305377,0.07846678490272418,-1.9364927255707964,0.052807382636834634,0.058502775377010194
OR2B2,0.41189554,-1.0299953537048467,0.10749362840665964,-9.581920053980005,9.525732522217207e-22,1.5210540268221187e-21
OR2B3,0.09171269,-0.5312994854603785,0.2918719477227293,-1.820317058921672,0.06871073501242715,0.0756234108616069
OR2B6,6.9760137,-1.1311266276256473,0.049421198392931846,-22.887478742065866,6.191936637385022e-116,2.2233093121785128e-115
OR2C1,2.1343658,0.7203072594882068,0.03762705098920459,19.143335460832876,1.0999776622069764e-81,3.037770649060205e-81
OR2C3,1.3060548,-0.4089139407475259,0.09982241195115452,-4.096414149435872,4.195989930887235e-05,5.1573387468566295e-05
OR2D2,0.18066476,-0.500706330717811,0.13681372169647962,-3.6597669042921357,0.00025244477963245104,0.0003042758432619188
OR2D3,0.16818336,-0.5920082717467722,0.16899893066990432,-3.5030296901884372,0.0004599981871727033,0.0005499502667595906
OR2F1,0.109804206,-0.32793599068117485,0.171126729777965,-1.9163341174500799,0.055322580852198454,0.06123592799270963
OR2F2,0.12552524,-0.4737500958277789,0.24051535718931324,-1.9697290907494238,0.0488694270996518,0.05422862954825372
OR2G2,0.2237553,-0.8380800428572649,0.26722354187505587,-3.136250784555206,0.0017112280525426512,0.0020080052980816043
OR2G3,0.30776328,-1.020975863829149,0.24608693160816555,-4.148842269506649,3.3416094552838025e-05,4.115907005875911e-05
OR2G6,0.26677918,0.16200513514727644,0.15519502955501455,1.0438809516760188,0.29654047214414603,0.31303886095523537
OR2H1,0.6408663,-0.21311169790991868,0.10923721505816056,-1.9509074613120887,0.051068054918400566,0.05660666031925285
OR2H2,2.2568455,1.0452384671035841,0.060091015619563974,17.39425530300545,9.120439078588308e-68,2.252887881594023e-67
OR2J2,0.06858146,-0.43805374499029776,0.2686770119133949,-1.6304102158598506,0.10301482697866511,0.11237629869038435
OR2J3,0.14237571,-0.5168061815211081,0.14873897390317958,-3.4745848244019686,0.0005116445697534785,0.0006107993312777688
OR2K2,0.33493546,-0.003022012485887717,0.08052730741583554,-0.03752779749957769,0.9700641765532588,0.9712090764911628
OR2L13,11.140536,0.887689337894172,0.0750200825061294,11.832689437813466,2.6452802055968786e-32,4.760054773355741e-32
OR2L1P,1.3913912,-1.2352825613805358,0.09375426482711766,-13.17574793699668,1.2102208866433722e-39,2.343213222175218e-39
OR2L2,1.762001,-0.9480863912120433,0.09775471237594069,-9.698625960515695,3.055860854137905e-22,4.913851285790507e-22
OR2L3,0.5879848,-0.49501276134558947,0.11503621492373843,-4.303103693682472,1.684219753851574e-05,2.0893930880911702e-05
OR2L8,0.33108908,-0.8677179268292319,0.17921965937130624,-4.841644771969458,1.2876880852973253e-06,1.6355381950569746e-06
OR2M1P,0.06279303,-0.46753513198091934,0.3322342598880222,-1.4072453940737466,0.159354635284356,0.1717470100452199
OR2M2,0.055300377,-0.4290606525052904,0.3780882605781703,-1.1348161189907708,0.2564523710582949,0.2722733532736663
OR2M3,0.08029389,-0.37600246907713003,0.2529175399342949,-1.4866603129811051,0.13710454957899532,0.14842664707427233
OR2M4,0.20823087,0.07156802807324265,0.14458217313502789,0.49499897892947003,0.620600841266874,0.6359058094193109
OR2M5,0.039287433,-0.4728618853776789,0.48091025005508375,-0.9832643103853932,0.32547737053222014,0.3424315945773071
OR2M7,0.084305085,-0.41903700716745623,0.3338114857089771,-1.2553103326491897,0.20936612567705004,0.22359990309285327
OR2S2,0.27477294,0.1472448797541501,0.11463258810814342,1.2844940708766037,0.19896913683387996,0.21299887773693144
OR2T10,3.2468429,1.6994123965331012,0.14940326975970292,11.374666694152012,5.5916059049295464e-30,9.828153726880829e-30
OR2T11,0.10868678,-0.15217241549561367,0.22429146197279126,-0.678458351277204,0.49748112246204035,0.5146713843287097
OR2T12,0.10558193,-0.538415337958096,0.282012001478125,-1.9091929958160292,0.05623719951763014,0.06222462744453435
OR2T1,0.023684565,-0.43151937043597566,0.6131288432270491,-0.7037988429394094,0.4815580543875493,0.4987556813998126
OR2T27,0.039173186,-0.4586338710282985,0.6395761691525103,-0.7170903062820886,0.4733183766789534,0.4906960398618399
OR2T29,0.03678528,-0.4509178823148376,0.7386592004618139,-0.6104545669138369,0.5415607308504775,0.558175209810402
OR2T2,0.23507233,-0.056094744511809756,0.1530681066167521,-0.3664691865057056,0.7140150013804649,0.7268679140509469
OR2T33,0.624225,-0.3304869893053408,0.08596466273077578,-3.8444516480028574,0.00012082230388369985,0.00014676737975944184
OR2T34,0.10164107,-0.43271845975335,0.27006787233273294,-1.6022581879721922,0.10909852755509285,0.11887272799005273
OR2T35,0.0685679,-0.3974529013811444,0.34273704291238916,-1.1596438424157782,0.24619384304578273,0.26169584141226393
OR2T3,0.23342153,-0.23497155403734732,0.14086184948603847,-1.6680993107408868,0.09529601399503448,0.10419610896481778
OR2T4,0.22047575,0.5352554736719958,0.1442300681068031,3.711122657694624,0.00020634208361962556,0.00024917957651177157
OR2T5,0.555121,0.9318380718767912,0.13209140884343518,7.054494157006659,1.7322973047191765e-12,2.439836791890537e-12
OR2T6,0.05915003,-0.2303930827165712,0.32206271442472983,-0.7153671393725305,0.4743822120151535,0.49172381520373254
OR2T8,2.3065143,-0.12417517057791401,0.06700612263577368,-1.8531914054017882,0.06385492911522275,0.07042756930802427
OR2V2,0.15316145,-0.5249568975129163,0.2093891779569608,-2.507087054999659,0.012173072659687935,0.013855402598456234
OR2W1,0.023002123,-0.4411071517099827,0.541740009555561,-0.8142414145705489,0.415506664405504,0.4330773655163905
OR2W3,25.758234,0.27733530190114775,0.05182768079480808,5.351103843506929,8.741933651950201e-08,1.1352023677768474e-07
OR2W5,0.13528222,-0.3985796985871731,0.21912087861961305,-1.818994616570039,0.06891225139963618,0.07583700141865908
OR2Y1,0.04960175,-0.4990240319784015,0.404695223368782,-1.2330860439231366,0.21754366375548007,0.2320777326764734
OR2Z1,0.17235775,-0.6072368210149398,0.23617841644792092,-2.5710936255211956,0.010137791563918707,0.011577030426846586
OR3A1,0.8487124,0.3398627117921806,0.07968608054126099,4.265019806265935,1.9988446941984537e-05,2.4741293244884676e-05
OR3A2,3.493666,0.2692267234593194,0.06539992014162144,4.116621593364602,3.8446653491612885e-05,4.729519144626869e-05
OR3A3,0.3377236,-0.46280541074398357,0.12302688344094372,-3.761823414523403,0.00016867912591765963,0.00020421156393097322
OR3A4,0.12345558,-0.566035840947328,0.24859376618343568,-2.276951066140789,0.022789147915276628,0.025648972436680684
OR4A15,0.019699974,-0.4029394947890748,0.8093422573108531,-0.49786044303172144,0.6185824100608406,0.6340119432785908
OR4A16,0.10708096,-0.11557460067271491,0.3559678791156482,-0.32467704940075953,0.745425506339735,0.7574046954918733
OR4A47,0.13998106,0.024881816978393142,0.2280059074676325,0.10912794872179064,0.9131010073919132,0.9169407748451855
OR4A5,0.015731566,-0.42921748446548097,0.7347314768498352,-0.5841827905696283,0.5590973386061331,0.5754341396634277
OR4B1,0.031249058,-0.4360008775540258,0.4838180614235071,-0.901167013631546,0.3674995266409886,0.3850706568648424
OR4C11,0.039744325,-0.5108074154338614,0.5353835889539944,-0.9540961396143116,0.3400349800009407,0.357341256276217
OR4C12,0.042660195,-0.4794698783572445,0.437296685583816,-1.096440686983769,0.2728859666497655,0.2889222213855414
OR4C13,0.033176344,-0.46210531729948534,0.5241183664831909,-0.8816812133491713,0.3779492231196768,0.3954907603563682
OR4C15,0.039110098,-0.4516984989834559,0.5015357281861385,-0.900630749911029,0.36778467947706683,0.3853297802322768
OR4C16,0.02803183,-0.44350805370370017,0.6358162413641233,-0.6975412467479093,0.48546413580843384,0.5026222712023954
OR4C3,0.058260363,-0.4342232104376922,0.33153041672624817,-1.3097537617377644,0.1902791498352746,0.20393204945758875
OR4C45,0.02246042,-0.4157131342990296,0.6151825374043514,-0.6757557456898146,0.49919573622650304,0.5163402933412272
OR4C46,0.026241418,-0.4576719852119337,0.621353577022814,-0.7365725444196317,0.4613823364661226,0.47883381700126365
OR4C6,1.0796477,-0.7707548066848575,0.08753967940097784,-8.804633646810545,1.3128068013480083e-18,2.0186883435531797e-18
OR4D10,0.9781433,1.0906268493522537,0.19185789160362166,5.684555585576268,1.3115326112089605e-08,1.7266873015780668e-08
OR4D11,0.12131242,-0.5690660327469603,0.3059291572336472,-1.8601235589726661,0.06286804674947728,0.06936917043914194
OR4D1,0.11707315,-0.4376052310964332,0.19610865189274923,-2.2314427582509575,0.025651815221000747,0.028807176682903314
OR4D2,0.033229064,-0.44455558585975147,0.41381491915074725,-1.0742860280922006,0.28269450519777717,0.29894958608568173
OR4D5,0.1214918,-0.5840261488542383,0.24904206106999124,-2.3450904090056603,0.019022466342505623,0.021468950178339816
OR4D6,0.24136594,0.5803290887913413,0.18737801972996967,3.097103329556226,0.001954217424901727,0.002289177937489888
OR4D9,0.11564097,-0.5256607224726414,0.26527124683200193,-1.981597058672348,0.0475243566472799,0.05277632558675457
OR4E2,0.07493233,-0.515938729598886,0.27533155473414817,-1.8738815828685562,0.060946748438159795,0.06732581939514352
OR4F15,0.06209129,-0.39101248255252435,0.2505951828615694,-1.560335191153784,0.11868069133687113,0.12903023576457115
OR4F17,0.05221987,-0.4478020909506997,0.4718245906342101,-0.9490859523637372,0.34257689841964334,0.35991965501731443
OR4F21,0.16589966,-0.5857180934996592,0.17733657457692106,-3.3028612112139313,0.0009570374210154779,0.0011322829413327588
OR4F29,1.8658266,-0.4397411535072606,0.044726569394519425,-9.831765759373093,8.216529645314462e-23,1.3303668446712035e-22
OR4F4,0.122575484,-0.3235621256899245,0.272787680475228,-1.186131738523681,0.23557027830974064,0.2507568386546068
OR4F5,0.15397187,-0.3548381286727268,0.22843087831970874,-1.5533719928008165,0.12033428992010657,0.13077914954804087
OR4F6,0.055755027,-0.3541882035542088,0.3229438265311555,-1.0967486431267608,0.272751286043152,0.28879464492160034
OR4K13,0.030144382,-0.44374603511939764,0.5280579381821805,-0.8403358855791027,0.40072008620307775,0.41847962221125723
OR4K14,0.052972104,-0.4818356545465926,0.3665693302146453,-1.3144461765648887,0.1886960996495336,0.20229930978224614
OR4K15,0.06192401,-0.4694350116793647,0.30155378961010215,-1.5567206510199283,0.11953682344898192,0.12994020976014858
OR4K17,0.020905921,-0.43139270090737253,0.6935531056206654,-0.6220038486040895,0.533939337361359,0.5507382191376993
OR4K1,0.07458255,-0.31186607332428407,0.30453561503074505,-1.024070939265343,0.30580176944800896,0.3224475981039991
OR4K2,0.2348169,-0.03211537216449396,0.1941414644191112,-0.1654225297032041,0.8686114218193715,0.8759063204948425
OR4K5,0.046966005,-0.427547798328689,0.4347634949083022,-0.9834031682417699,0.3254090516068635,0.3423774099051232
OR4L1,0.025132386,-0.42666659716794636,0.5354807619906907,-0.7967916449169539,0.4255720483073504,0.44306935983070045
OR4M1,0.083055414,-0.40967859664611245,0.24949356209526985,-1.6420407532987784,0.10058155861510998,0.10982783329820456
OR4M2,0.21698149,-0.27158564989712114,0.18685223917671162,-1.453478165922725,0.1460910376032003,0.1578195603610079
OR4N2,3.6021867,3.8141094554044903,0.1438124300041829,26.521417204990932,5.488985788340315e-155,2.6300367537025293e-154
OR4N3P,0.5608469,0.29982720920033196,0.13861169247989405,2.163072997927809,0.030535565544505636,0.034186064279383574
OR4N4,2.4102252,0.5084684541917753,0.13324752485311134,3.815969225336815,0.00013564941161580535,0.00016457221685752823
OR4N5,0.03304831,-0.39669640096298686,0.38958552573982236,-1.0182524112251372,0.30855801773825786,0.32521912834609606
OR4P4,0.019744407,-0.41765982629593484,0.7132344826266355,-0.5855855773515254,0.5581540427858888,0.5744923234114211
OR4Q3,0.094708614,-0.5234152981612766,0.2659042958696336,-1.9684349079410677,0.049018018703205386,0.05438758748588798
OR4S1,0.016356686,-0.4004103151140445,0.6686628364823118,-0.598822445734408,0.5492912927254066,0.565827839941133
OR4S2,0.011948718,-0.3963383943029235,0.99528225193417,-0.3982170821721215,0.6904701752540894,0.7040257573996096
OR4X1,0.044271488,-0.4482994437885456,0.5216721613296349,-0.8593509046868107,0.39014694738929245,0.40770976808842035
OR4X2,0.072845064,-0.3610281872626336,0.27866860988181846,-1.2955466617346794,0.19513171546549601,0.20895679545350482
OR51A2,0.009968464,-0.4247656670840253,0.9727278328726647,-0.43667473339341506,0.6623472556792201,0.6767742925155956
OR51A4,0.04738815,-0.4415524772875322,0.40518857280208276,-1.0897456318522873,0.2758252091569072,0.2919652377294442
OR51A7,0.1353532,-0.5358902917555644,0.22486621454100258,-2.3831516568615023,0.017165121194776183,0.01941362715429411
OR51B2,0.26069647,-0.6065327891410448,0.13052465598061957,-4.646882878826384,3.369883638814489e-06,4.2418363424399765e-06
OR51B4,1.1963768,-0.4869461904095011,0.08803403404666037,-5.531340187721112,3.177933183773263e-08,4.156198476806055e-08
OR51B5,1.6089181,-0.782015258880798,0.08410795913179055,-9.297755729103375,1.4344132895411772e-20,2.2611862301021157e-20
OR51B6,0.07443362,-0.41399258372764236,0.23558263178603636,-1.7573136889974283,0.07886435578153445,0.0865365645874884
OR51D1,0.14326797,-0.6319686885261628,0.2597209601081738,-2.433260250782023,0.014963541346745242,0.016972685847589635
OR51E1,263.64038,-0.0142412347156687,0.05069110992343428,-0.28094146561752514,0.778755295920714,0.7896936329954584
OR51E2,933.4998,-0.26081784456017815,0.07718112806632302,-3.37929557515735,0.0007267183063149923,0.0008633013186058424
OR51F1,0.080040805,-0.4810499908817891,0.26547525399027716,-1.8120332635576168,0.06998105693632926,0.07697160119755415
OR51F2,0.15965094,-0.5167458838411098,0.20350123422983724,-2.539276411746424,0.0111082022167255,0.012671703307576313
OR51G1,0.054604344,-0.4598169672937455,0.3251443126871786,-1.4141934807149323,0.15730510160925215,0.16958297927788005
OR51G2,0.07575319,-0.42706538665197186,0.28485474495101304,-1.499239153363638,0.13381160107970108,0.1449851190197783
OR51I1,0.32491517,-0.8967083232505403,0.11362201221096013,-7.892029949140811,2.9731035424600437e-15,4.368147147358305e-15
OR51I2,0.14738777,-0.5590568407760697,0.17000653071702354,-3.288443322842825,0.001007430663511996,0.001191280761946955
OR51L1,0.0540906,-0.4216567932389159,0.3394686537661558,-1.24210818454353,0.21419664921296389,0.2286149190734853
OR51M1,0.1184691,-0.4866536087805276,0.19602186064263127,-2.4826496758325796,0.01304092685953925,0.014823305786017508
OR51Q1,0.2839529,-0.5624088410387751,0.10929746422569482,-5.1456714483093915,2.665656146062055e-07,3.4337294196569047e-07
OR51S1,0.14908043,-0.37807055955669666,0.2418087433591147,-1.5635107081104052,0.11793251902045428,0.12823051456619466
OR51T1,0.21621808,-0.2890713158197222,0.2090021645200031,-1.3831020194628456,0.1666335865715599,0.17938310009572697
OR51V1,0.09667991,-0.5565041948786749,0.3388050442947676,-1.6425499096008276,0.10047609176000157,0.10971855568235743
OR52A1,0.10004516,-0.39430277013785275,0.3352328573771264,-1.1762056178588562,0.23951272011927283,0.2548335233294108
OR52A4,0.15428014,0.27327515257426577,0.20295208657456879,1.346500827789513,0.17814105360449284,0.19134608580425608
OR52A5,0.052937407,-0.4500813718945829,0.354032033017811,-1.2713012663233774,0.20362149202304514,0.21776172485670933
OR52B2,0.2600136,-0.575191180317914,0.1219772476243691,-4.715561233921465,2.410453837867175e-06,3.043753004102079e-06
OR52B4,0.06898536,-0.3825302544246008,0.2131525286383302,-1.794631557356117,0.07271242178541583,0.07992830814368991
OR52B6,0.74687004,-1.1733312854480586,0.09345814543587487,-12.554617684481286,3.74988072107264e-36,7.024643135840805e-36
OR52D1,0.26800612,-0.5967783726262774,0.09961231874945052,-5.991009747773484,2.085421383857764e-09,2.7871787536243823e-09
OR52E2,0.20792048,0.2659397367033729,0.2058159251566613,1.2921241954476896,0.19631413801961772,0.2102119358302949
OR52E4,0.08383564,-0.4306111421821122,0.2329985283535836,-1.848128162975538,0.06458380449602132,0.07120446635624922
OR52E6,0.22772646,-0.37116070490565484,0.15786210292394176,-2.351170407786096,0.01871446098829822,0.021126016704228635
OR52E8,0.036977753,-0.45169123291580815,0.4397082984924479,-1.0272520088077575,0.30430181398858813,0.3208992350043337
OR52H1,0.6249078,-1.42331002573485,0.12422388811643245,-11.457619362234189,2.1535295993704585e-30,3.802576679408774e-30
OR52I1,0.31290695,-0.2604183782795104,0.09569398521941758,-2.7213662142128876,0.006501269472676772,0.0074711755020448415
OR52I2,0.19946505,-0.32413240065978804,0.12048589771537262,-2.690210280256164,0.007140700826363383,0.008194438200999498
OR52J3,0.026690241,-0.4585378048792454,0.5157645753374223,-0.8890447828435327,0.3739790125215623,0.39155766088590827
OR52K1,0.2971688,-0.7810887663215086,0.17283075648461896,-4.5193852194416655,6.201945996033095e-06,7.765878500106881e-06
OR52K2,0.8297861,-1.9513706141915985,0.12238664722839288,-15.944309762404323,3.120690853519801e-57,7.042915983461881e-57
OR52L1,0.20800129,-0.5267871458287591,0.12494376399901112,-4.216193981741484,2.4846005830245126e-05,3.06923022084801e-05
OR52M1,0.071515426,-0.4761894318289138,0.30584923891770077,-1.556941692953007,0.11948432942011944,0.12989008237207453
OR52N1,0.26010236,-0.6356607105758522,0.14918853260156456,-4.2607880075709375,2.037073877781176e-05,2.5203759998630786e-05
OR52N2,1.3370062,-0.737534256329722,0.07286542227326194,-10.121868965005108,4.418956913703489e-24,7.273469464474844e-24
OR52N4,4.5218077,0.3452371401585796,0.0439309279708521,7.858635273710638,3.8834118328836016e-15,5.697779007327561e-15
OR52N5,0.2488817,-0.5109045186025752,0.1532065786656743,-3.334742692201654,0.0008537836140845256,0.001012180783738826
OR52R1,0.41240793,-0.8984022982287965,0.18089263840275235,-4.966494524937654,6.8173976947217e-07,8.708457752970203e-07
OR52W1,0.3569744,-0.1095173814051485,0.0689587932453915,-1.5881568724010047,0.11225087062835983,0.12222245561679204
OR56A1,0.09656807,-0.5282060197601532,0.26512544383177983,-1.9922871683914882,0.0463395587709125,0.051497111190884695
OR56A3,1.6046773,-1.3013039350049929,0.15900294324373782,-8.184149981489375,2.742323698780369e-16,4.094380183592662e-16
OR56A4,0.08858176,-0.49338168756669715,0.22548334184143815,-2.188107039471002,0.028661806268151208,0.03212716587641306
OR56A5,0.3570628,-0.6343308332984785,0.11851007808911991,-5.352547593643976,8.672448261491707e-08,1.1263228767269053e-07
OR56B1,1.173344,-0.6527601574128324,0.07154942970543583,-9.123205595071854,7.293443290715457e-20,1.1388802880478293e-19
OR56B4,1.7585126,-0.33719826435287953,0.04180644789018143,-8.065699942713218,7.281745568809641e-16,1.0804537426965636e-15
OR5A1,0.1878019,-0.011644330253510903,0.19961923824589575,-0.058332705584053665,0.9534836165708803,0.9552196117393245
OR5A2,0.035145685,-0.3794973971340894,0.4554831162624375,-0.8331755526925677,0.40474572824829,0.4224886321476075
OR5AC2,0.05795743,-0.41750416774429217,0.3903906750399724,-1.0694522037483185,0.2848659549552488,0.3011520395126135
OR5AK2,0.123140156,-0.12946017205347649,0.2008506294873098,-0.644559453878416,0.5192127174897893,0.5361730517562576
OR5AN1,0.063055314,-0.3472160812275966,0.2795801596776051,-1.2419196041235014,0.21426622620501146,0.2286771911987748
OR5AP2,0.14859399,-0.5608779767748416,0.27481279188570756,-2.0409456667799737,0.04125622796297061,0.04591819074448495
OR5AR1,0.036429796,-0.43367249463747876,0.6003678888971473,-0.7223445868067968,0.4700826466319419,0.4874904545018187
OR5AS1,0.028799072,-0.43488357660380866,0.6565577767170017,-0.6623690892496398,0.5077347087451861,0.5247992554878024
OR5AU1,0.4360468,-0.9476168857921556,0.12070791599391396,-7.850494957099036,4.143985370020997e-15,6.077029327109232e-15
OR5B12,0.29445827,-0.3170828272038786,0.10351018461993661,-3.063300759902295,0.002189099237705893,0.00256004775578461
OR5B17,0.020356137,-0.4063286889526693,0.6287367235597368,-0.6462620580712171,0.5181096554203577,0.5350882399788496
OR5B21,0.22278738,-0.554178766677452,0.13820961336180215,-4.009697684536131,6.0796536163745114e-05,7.443362076839778e-05
OR5B2,0.19225419,-0.1871658413805623,0.13288214962643075,-1.4085100361992815,0.1589800972572395,0.17136148877912638
OR5B3,0.022528192,-0.4006385411174694,0.5114620717290912,-0.7833201389949355,0.4334391398514267,0.4509601108051511
OR5C1,0.53132534,-0.8727059509305034,0.09862666445752415,-8.848580206282394,8.863971826473756e-19,1.3664087409341954e-18
OR5D13,0.01637681,-0.4333904399397715,0.7515695983021495,-0.5766471141446275,0.5641778652131103,0.580575068634943
OR5D14,0.016921783,-0.4224395011960818,0.7185061344988891,-0.5879413980100611,0.5565716281322766,0.5729504867849026
OR5D16,0.0094642,-0.4104510815455745,0.8632661539110439,-0.4754629608562991,0.6344570273938348,0.6496132881065723
OR5D18,0.03110415,-0.4831450465946389,0.5708927763172023,-0.8462973550153864,0.3973868830181516,0.41512645858517877
OR5E1P,0.20570658,-0.25409688081142384,0.12093479814585788,-2.101106420212989,0.035631625449408046,0.03977979066267265
OR5F1,0.02462355,-0.4055199685746441,0.7180624146361165,-0.5647419504335767,0.5722492960672776,0.5886728017095499
OR5H14,0.026516257,-0.40127051161211935,0.7181815002929256,-0.5587313394294515,0.5763450876195065,0.5926765147411623
OR5H15,0.0126282,-0.40981909547589274,0.9701901076602493,-0.4224111256547745,0.6727249585545306,0.6867576308083884
OR5H1,0.013501944,-0.4052659645694965,0.8024168592245221,-0.5050566422060931,0.6135190531146741,0.6292194046829707
OR5H2,0.07043457,-0.382680325152516,0.2796031302872944,-1.3686553679113285,0.1711070278996074,0.18408201125597692
OR5H6,0.110877454,-0.44088762737978554,0.22138017838639892,-1.9915406636372674,0.04642147934568227,0.05158533366075789
OR5I1,0.018634452,-0.42466552272321045,0.6743020782762947,-0.629785279334708,0.5288350781535779,0.5457775311060319
OR5J2,0.19650404,-0.4239177414797043,0.2687471512191764,-1.5773850608521565,0.11470695076360787,0.12479660185947164
OR5K1,0.25764602,0.2988970146185702,0.07346495874653138,4.06856574506254,4.730341440572485e-05,5.806054222500466e-05
OR5K2,1.2183707,0.8620743173018279,0.04098866530256888,21.032017289126003,3.341360928461219e-98,1.0447975294508055e-97
OR5K3,0.02672762,-0.4389068613500724,0.5940802385193976,-0.7388006415496035,0.46002806219905457,0.4774769981295209
OR5K4,0.016824275,-0.429622114699148,0.6448435387194986,-0.6662424121551599,0.50525616793643,0.5222970974376459
OR5L1,0.010181052,-0.43199892369992277,0.8878996065401101,-0.48654028058791304,0.6265841533271035,0.6417137068054983
OR5L2,0.015159068,-0.43450300183408536,1.0439348097176846,-0.4162166045134463,0.6772515104803953,0.6911706602772254
OR5M10,0.032113753,-0.4147791401327145,0.531009292875341,-0.7811146541084875,0.4347350638185047,0.4522853065706442
OR5M11,0.69047326,-1.5853122491221856,0.10434298157250314,-15.19328109309034,3.918068724812295e-52,8.454473891727981e-52
OR5M1,0.02300625,-0.3944171871848545,0.6648760162850893,-0.5932191529311144,0.5530344963646041,0.5694244328876232
OR5M3,0.015462547,-0.41806710628795113,0.8464312641932572,-0.49391737282579634,0.6213645347550228,0.6366242545960198
OR5M8,0.08695683,-0.528194848226903,0.38919873422903645,-1.3571340340384297,0.17473862615856806,0.1878301842641123
OR5M9,0.027837098,-0.4214285979407556,0.587107379709326,-0.7178049748742774,0.47287754549190397,0.49026398883076194
OR5P2,0.15438889,-0.30373613940270416,0.15145618911870512,-2.005438940264424,0.04491614226323497,0.04993980341528047
OR5P3,0.22981985,-0.4581020136011574,0.11966498516771452,-3.8282043235881567,0.0001290815790696748,0.00015667870197814995
OR5R1,0.024860645,-0.427649030373338,0.8632652037288717,-0.4953854603731382,0.6203280560235489,0.6356902850245851
OR5T1,0.0381117,-0.5347241445158855,0.569206885270394,-0.9394196703398483,0.34751531766610944,0.36486330526348937
OR5T2,0.061832882,-0.5420819432232178,0.29895538247185904,-1.8132536659521241,0.06979270606901135,0.07677273086551772
OR5T3,0.05539349,-0.5517563919855815,0.49620382664764234,-1.1119551328599233,0.26615744189060586,0.2821357575471647
OR5V1,0.08952314,-0.35923130374623524,0.27244059231022744,-1.3185674744723042,0.1873137534567767,0.20087019787340094
OR5W2,0.045543127,-0.4625635271267683,0.5361135317241279,-0.862808901016125,0.3882425444443083,0.40586546661574696
OR6A2,0.28569248,-0.654408241930493,0.10536378235053806,-6.210941058980986,5.266822753797735e-10,7.119530206796898e-10
OR6B1,0.048021667,-0.36955145600059663,0.2968824015904226,-1.2447738701279703,0.21321488362281404,0.2276147981582964
OR6B2,0.46142358,-0.14640119354299483,0.07983310078576872,-1.8338407515431585,0.0666776365642436,0.07344930217570801
OR6B3,0.3366401,-0.42939430276805624,0.13028850464542743,-3.295719019391832,0.0009817014782620682,0.0011613283205076958
OR6C1,0.015876342,-0.3905467217955482,0.6796586437090495,-0.5746218714504199,0.5655470568789922,0.5819252264732337
OR6C2,0.37469265,-1.1355409223721908,0.16186771226202454,-7.015240448533835,2.2955383325410377e-12,3.2268773674102727e-12
OR6C3,0.039880484,-0.4647404977107937,0.37783837971671136,-1.2299981226344403,0.2186978078708468,0.23322343881633073
OR6C4,0.04819743,-0.48232472401805593,0.5233554270837955,-0.9216006924885293,0.35673689715808854,0.37408222968022276
OR6C65,0.048600435,-0.4619937315296465,0.402055307458663,-1.149080046846903,0.25052297516071786,0.26615859997375435
OR6C68,0.041277997,-0.3633720393188453,0.44188833848390857,-0.8223164262844143,0.41089683028618607,0.42860173008486846
OR6C6,0.057822965,-0.4861241180932104,0.44019071117591496,-1.1043488782273256,0.26944182764695945,0.2853795738770392
OR6C70,0.66239935,-1.2878286447395517,0.18253332112049464,-7.055307145205697,1.7221988660662786e-12,2.425781563182743e-12
OR6C74,0.034450907,-0.43529169157818404,0.6214690180586836,-0.7004238005909421,0.4836626769052971,0.5008590253873317
OR6C75,0.0774523,-0.5116880504533078,0.3122456042545234,-1.6387358011810829,0.10126829454114213,0.1105421268866609
OR6C76,0.04230289,-0.40697378503109133,0.3701517823200661,-1.0994781180850444,0.2715595733854008,0.287562745997783
OR6F1,0.2657485,-0.4565978475448583,0.10575315275100623,-4.317581421141261,1.5774822502347503e-05,1.9587680612667287e-05
OR6K2,0.0530819,-0.445590286146985,0.39119148538571274,-1.139059265841728,0.2546784358071118,0.27044639446051477
OR6K3,0.2990973,0.2303189381089199,0.13837900324762523,1.664406685288597,0.09603118499019432,0.10496611699857007
OR6K6,0.054734457,-0.4644259910847904,0.393221249453827,-1.1810806046973927,0.23757070404787684,0.25283334886098924
OR6M1,0.1138938,-0.49488330355325594,0.20786510124081387,-2.380790717629548,0.017275523516408795,0.01953415069539387
OR6N1,0.06194051,-0.43653178332005144,0.29868330499368506,-1.4615205336946464,0.1438726446499623,0.1554973282597326
OR6N2,0.0529081,-0.4788102706807279,0.3732041685307722,-1.2829713895364705,0.19950209980435007,0.21353573681282598
OR6P1,0.021177173,-0.45228534870665793,0.6410113167863997,-0.7055809107616274,0.48044879890104353,0.49768276670531925
OR6Q1,0.07200947,-0.48365706814359705,0.3639866167287736,-1.3287770646358585,0.18392153111065357,0.19733641380141217
OR6S1,0.2316135,-0.6766615118684959,0.16178153517605603,-4.1825633013812755,2.882407256513809e-05,3.556110128188379e-05
OR6T1,0.22540209,-0.5311554707477169,0.148634231289122,-3.573574311522612,0.00035214124572768477,0.0004226899134349351
OR6V1,0.111163035,-0.3902052278927201,0.18001848753776495,-2.1675841922117107,0.03019033756179467,0.03380886041917369
OR6W1P,7.2027006,-5.119593981882872,0.1318512800616587,-38.828549707585346,0.0,0.0
OR6X1,0.04851142,-0.4549447495963591,0.36412428310865574,-1.2494216142695496,0.21151090696668173,0.22584310877089597
OR6Y1,0.064319804,-0.5083374654852824,0.45067997480346206,-1.1279344410786485,0.2593476072463723,0.27520368685129226
OR7A10,0.03647979,-0.43473454094723146,0.5460386796682914,-0.7961607064380947,0.42593863309985736,0.44342834072816506
OR7A17,0.036288496,-0.46034006662681887,0.5171696144105589,-0.8901142948073019,0.3734045180499759,0.39103660217990116
OR7A5,16.470007,-0.11231673739943113,0.07722991407290913,-1.454316487953077,0.14585858129807375,0.15758516539203374
OR7C1,5.4575424,-0.5151568298608931,0.06807971693752249,-7.566964920457267,3.82045012732514e-14,5.522225356209622e-14
OR7C2,0.111825,-0.4890318804553056,0.2990493248884576,-1.6352883613354072,0.1019886122398838,0.1113164722345893
OR7D2,10.544865,0.11792401577957984,0.04848809597932393,2.4320199297960565,0.015014881108910612,0.017028072888609132
OR7D4,0.23625307,-0.968369200035316,0.23934630039357455,-4.04589165758132,5.212433776932819e-05,6.388149486189217e-05
OR7E156P,2.0065095,-2.5429064920564164,0.1427052371991891,-17.819293404817422,5.006488843009887e-71,1.2698032434887042e-70
OR7E24,1.2726426,-2.8357503869494165,0.15776524945345685,-17.974493095109683,3.086719986814006e-72,7.890825240023399e-72
OR7E37P,18.571297,-4.338847633049022,0.08191819545370316,-52.96561538029928,0.0,0.0
OR7E5P,1.2490065,-0.9315140490324584,0.14032079793100308,-6.638460319264231,3.169766509741416e-11,4.3650755121635205e-11
OR7E91P,25.77147,-1.1121138723661101,0.05750611676179724,-19.33905356490556,2.5205881276328852e-83,7.044152874465052e-83
OR7G1,0.08515673,-0.40181246593036246,0.33275701920705697,-1.207525139177713,0.2272299696060026,0.24209403690452705
OR7G2,0.20293403,-0.3713202152511571,0.2229936691536898,-1.6651603458537603,0.09588076990601367,0.10480733393377355
OR7G3,0.14517622,-0.44127531626911703,0.2789584469244165,-1.581867554592029,0.11367980916946793,0.1237055553413436
OR8A1,0.52580965,-0.14179007147069722,0.15120627193883976,-0.9377261250647644,0.348385174376599,0.36573886274084355
OR8B12,0.10293078,-0.49000382194779396,0.27144136152425824,-1.8051921755631304,0.07104461491797423,0.07812451739845724
OR8B2,0.100542866,-0.42340976148680776,0.22032499795890415,-1.9217508925872486,0.05463711013317423,0.06049034342276873
OR8B3,0.05999102,-0.4222323918787282,0.3061553952138035,-1.3791440506343595,0.16785034438626212,0.18066429613322288
OR8B4,0.035162657,-0.4348752691329438,0.4630210052232315,-0.9392128310102948,0.34762148255530134,0.3649559490172948
OR8B8,0.028120816,-0.4081539250802543,0.46795445099588,-0.8722086609319328,0.3830945555008666,0.4006689641139496
OR8D1,0.24714671,-0.27010496371451287,0.1746633202730191,-1.54643209170825,0.12200024872010928,0.13254725778818
OR8D2,0.09447004,-0.4198666555935773,0.26292108682086834,-1.5969303210724899,0.11028124008318098,0.1201356823186624
OR8D4,0.10549875,-0.47091482698723874,0.2337077433528976,-2.0149731465087126,0.04390746282793555,0.048831641850428265
OR8G2,0.050430845,-0.4373898373524209,0.354991591854593,-1.2321132313792342,0.21790678948631426,0.23242858108408193
OR8G5,0.080194816,-0.39395005725559196,0.2209794566514834,-1.7827451620396921,0.07462779609660372,0.08200719494417634
OR8H1,0.029413,-0.4089851454648274,0.6786537001151212,-0.6026418855381626,0.5467469497466332,0.5633494179812595
OR8H2,0.04125448,-0.4467330839528442,0.5128475099006884,-0.871083656113204,0.3837084773999073,0.40125641966168274
OR8H3,0.012363456,-0.42565073297312034,0.880434445660174,-0.48345533852205846,0.6287724638258443,0.6438900755007476
OR8I2,0.02686246,-0.446493890791796,0.6287364532372834,-0.7101447490325337,0.4776143789401095,0.494847386302376
OR8J1,0.028268782,-0.450038058860161,0.5773419487766701,-0.779500016954851,0.43568522760224304,0.45318119597169904
OR8J3,0.017618282,-0.4281552517101586,0.7028176851604802,-0.6091981757863626,0.5423930893278239,0.5589765074981102
OR8K1,0.07587309,-0.5042565236350742,0.3660062143358748,-1.3777266720731975,0.16828769319269676,0.1811063085796656
OR8K3,0.031706184,-0.4296185430117505,0.44574073548085336,-0.9638305607143789,0.33513088216981346,0.3523148626507917
OR8K5,0.039665204,-0.44221687483699323,0.4717902597787737,-0.937316669157927,0.34859569101312415,0.36594099584078554
OR8S1,0.316041,-0.5403353456579675,0.10610814870007253,-5.092307728271563,3.537313620964979e-07,4.5441802125962903e-07
OR8U1,0.019874416,-0.44993274719950055,0.6743132282383466,-0.6672459153366405,0.5046150668967402,0.5217071981998138
OR9A2,0.17570087,-0.21539753182763977,0.12538079468697888,-1.7179467745869166,0.08580632403353453,0.09395637879840421
OR9A4,0.83952326,-1.4973985232653857,0.09480619822802433,-15.7943104064135,3.40496349858525e-56,7.6085667728786195e-56
OR9G4,0.040763304,-0.4189151457605858,0.4321006892222299,-0.9694850209904139,0.3323032502587957,0.3494144133880189
OR9G9,0.23756371,-0.723033544534334,0.27827078985067105,-2.59830916828294,0.00936841016851006,0.010712843328504624
OR9I1,0.058698088,-0.3298334266486924,0.25704553283496645,-1.2831712071046133,0.199432101049003,0.21347203707973986
OR9K2,0.0755193,-0.6258110397195908,0.27530032446640434,-2.273193978004048,0.02301449304069722,0.025894007395167434
OR9Q1,0.32615545,-0.505094580734889,0.14709093107065063,-3.4338934226494375,0.0005949780834449274,0.0007087863546433749
OR9Q2,0.03277212,-0.44612216917445835,0.5142943368098353,-0.8674452297914683,0.3856981088798749,0.40326765605409676
ORAI1,1235.1847,-0.49007369112185395,0.01653891121132612,-29.631557051122165,5.862460280972938e-193,3.681487626783715e-192
ORAI2,2428.988,0.23155954191096614,0.019614064989196028,11.8057904895551,3.6435063782466933e-32,6.549368387314536e-32
ORAI3,1658.557,-0.14423083893470245,0.017523623262839925,-8.23065166212253,1.8619769486390113e-16,2.7867373886158666e-16
ORAOV1,727.0108,-0.5465604619455648,0.018090263943096426,-30.212962268808813,1.6005049178788204e-200,1.0729232671417486e-199
ORC1L,392.92123,-0.9220248898437081,0.030570984311058827,-30.16013094188048,7.899984575847098e-200,5.25778966916218e-199
ORC2L,924.50354,-0.1748586300095205,0.011589674692644384,-15.087449358738084,1.9586887519842134e-51,4.202881987947576e-51
ORC3L,1190.8695,0.16524110879712656,0.011417536926501864,14.47257056060633,1.8059466745021852e-47,3.746791842065626e-47
ORC4L,1269.7916,0.11301177556337655,0.010214911950969111,11.063411618800579,1.8877771588155191e-28,3.2570555234173857e-28
ORC5L,911.01624,-0.2195405268712232,0.011854131228351729,-18.520170111340114,1.419877066037052e-76,3.769858788138803e-76
ORC6L,488.27228,-1.1224722571743972,0.028482715363658533,-39.40889212432934,0.0,0.0
ORM1,10357.253,-0.28143689703102326,0.10091666015626151,-2.788805105076212,0.005290289045574179,0.006098465244258236
ORM2,2513.879,-0.3408826997341943,0.11706213563763554,-2.91198087133309,0.003591446284356779,0.004166282330667787
ORMDL1,1660.3218,-0.07105006747532294,0.010754192073945748,-6.60673223862687,3.9289572154377964e-11,5.4039751350559454e-11
ORMDL2,1570.1228,-0.5749150356566766,0.013786358011854644,-41.701734073808126,0.0,0.0
ORMDL3,5178.8813,-0.03499692295072316,0.020870113003489364,-1.6768918761902187,0.09356362702212744,0.10233490289800647
OS9,18467.908,0.16667797465488443,0.015285524922708606,10.904301651248034,1.0993414175503736e-27,1.8834883379540566e-27
OSBP2,558.48364,-0.15358431008644197,0.025393293551644963,-6.04822331432044,1.4645186813023472e-09,1.9632669936547367e-09
OSBPL10,1207.31,0.20323321667644287,0.023880403536399347,8.5104598993341,1.7324481586031053e-17,2.6260823513513974e-17
OSBPL11,1284.1448,0.6545672068605841,0.01649295313922771,39.68768972633087,0.0,0.0
OSBPL1A,2088.9177,0.6839437482290168,0.019833706298792587,34.48391026495401,1.3978945556621355e-260,1.4594736030115598e-259
OSBPL2,2757.8655,-0.11401522828965217,0.010928486182180591,-10.4328473668713,1.7554746134143344e-25,2.938154197180404e-25
OSBPL3,1654.7622,-0.1894774883338739,0.023297111548239324,-8.133089286263628,4.1848615939702497e-16,6.230884706292508e-16
OSBPL5,1392.3635,0.10246228398564806,0.018901344053873004,5.420899365336557,5.929993717140191e-08,7.720216273644784e-08
OSBPL6,268.34732,0.719582397679322,0.03606465983879538,19.952563004774408,1.4239827157393746e-88,4.1380051541161756e-88
OSBPL7,801.21484,-0.2226261300284889,0.020979152653711572,-10.611778926595614,2.626991478905162e-26,4.436207657517435e-26
OSBPL8,3117.5386,0.4469933294650049,0.01602256405073517,27.89774021496237,2.841916169120778e-171,1.533489830032598e-170
OSBPL9,3723.76,0.21165793121305962,0.012778947325533665,16.563017737004444,1.2896051907250643e-61,3.019907071310281e-61
OSBP,4208.974,0.17461259428340234,0.010337911980847629,16.89050889646726,5.28452285230076e-64,1.2632100592930747e-63
OSCAR,274.60785,-0.12005903187842504,0.030591867604290036,-3.924540777680033,8.689533994138113e-05,0.00010595964457753823
OSCP1,398.09332,0.15089618962838913,0.02160217925639513,6.985229954691618,2.843897831684851e-12,3.992477999949791e-12
OSGEPL1,379.05353,0.17062536038896534,0.012265122937530633,13.911426836730735,5.399151100863312e-44,1.0883298738859027e-43
OSGEP,992.36957,-0.12308363897282726,0.011248017769483214,-10.942695992778672,7.202567658078613e-28,1.2352546116655925e-27
OSGIN1,1210.2936,-0.8092132211715476,0.03984046660870048,-20.311338948897482,1.0208324610023871e-91,3.0327051033923243e-91
OSGIN2,1601.948,0.5637671107289529,0.016167251916925595,34.870930052048095,2.0513288594005222e-266,2.2297386144439524e-265
OSMR,2307.2866,0.46126586900305844,0.03137620299540477,14.701137325973239,6.338609101338688e-49,1.333413336372746e-48
OSM,165.96971,-0.15376105050370587,0.03402049190268509,-4.51965982571728,6.193907351986434e-06,7.756766917579615e-06
OSR1,246.76633,0.8434167414620469,0.0423243798030075,19.927444782123306,2.3527116686964913e-88,6.825143468650879e-88
OSR2,465.87054,0.4855205596023626,0.04210031482683782,11.532468619281115,9.05105499221088e-31,1.605842514914347e-30
OST4,6140.092,-0.31898110317245154,0.013611433334339867,-23.4347915709732,1.88936827063357e-121,7.078698679026288e-121
OSTBETA,54.772713,-0.628296884975875,0.06798573323203388,-9.241599010655824,2.428406443000453e-20,3.8186395901016626e-20
OSTCL,12.608739,-0.1074116220554359,0.021438101079471465,-5.010314190480719,5.434124345493235e-07,6.951076749805024e-07
OSTC,3636.4365,-0.17060053385336857,0.013071784869744715,-13.051051218585446,6.267656062136077e-39,1.2065356445634303e-38
OSTF1,1885.2065,-0.3235443858467136,0.014017125606111102,-23.082077947967925,7.008780640878247e-118,2.557200090817925e-117
OSTM1,1851.5801,0.2951165131522253,0.01827848537657126,16.14556715571716,1.22021747367839e-58,2.788774982781583e-58
OSTN,0.88024414,2.348700598826656,0.12102293507327233,19.40707021693578,6.725418236433793e-84,1.8867684976650903e-83
OSTalpha,318.76346,-0.6569158879322344,0.046665636555583034,-14.077079761888337,5.253625486955419e-45,1.0690510873455809e-44
OTC,240.80362,-0.36183563948297404,0.1134540601175736,-3.189270080841532,0.0014263255007219446,0.001678238505993069
OTOA,43.41581,-0.33655747155454385,0.03257055142251422,-10.333183101158681,4.987742255642941e-25,8.310454585697245e-25
OTOF,37.164085,-0.6027446275443628,0.0432233371411179,-13.944888743238156,3.3797465162482016e-44,6.832994967656121e-44
OTOL1,0.52980494,0.3944977941252244,0.15776596136998258,2.500525402942106,0.01240092390244713,0.014105280168161411
OTOP1,1.3152453,-1.4925465520638264,0.12336677326345911,-12.098448492904812,1.076260546645567e-33,1.9660465203371106e-33
OTOP2,5.1332803,-1.8930453397423688,0.09012256400204138,-21.00523171643773,5.874628067925446e-98,1.8321316304364913e-97
OTOP3,26.638147,-3.7111139509137274,0.1282829046041949,-28.92913878403384,5.136077579729725e-184,3.0282480001655798e-183
OTOR,3.4509041,1.073641937253565,0.10687154701596567,10.046097087872905,9.55781463591117e-24,1.5645858983075945e-23
OTOS,35.93143,1.6964979326804768,0.12276872922845206,13.81864863587191,1.967283335539273e-43,3.943670877141006e-43
OTP,5.966423,1.3886312730922536,0.07153647417583223,19.411514043578443,6.168247929092248e-84,1.7311739673061634e-83
OTUB1,5199.036,-0.33796932167062826,0.010984151894731935,-30.768813551524207,6.851099649389932e-208,4.859983894143889e-207
OTUB2,240.64885,-0.6935056769626382,0.021077492104064274,-32.9026657222143,2.0131378061160282e-237,1.7835279632165456e-236
OTUD1,1096.3372,0.4187848360303711,0.01811754163382984,23.11488194669846,3.280599983851216e-118,1.2008222774402537e-117
OTUD3,626.79675,0.14224547155582842,0.016054970099209396,8.859902614383138,8.008436741738592e-19,1.2350864603064617e-18
OTUD4,2334.5876,0.10787428419435435,0.013476917313537649,8.004373825607281,1.200761020506133e-15,1.7764910701609158e-15
OTUD5,3553.3713,-0.00873928749619542,0.009106540254684306,-0.9596715384528196,0.33722055197585865,0.35442017540016035
OTUD6A,1.1294922,-2.368708564285666,0.15795951444996392,-14.995668811301584,7.836927080923252e-51,1.6729789078380673e-50
OTUD6B,655.7332,0.10897669164216774,0.014947206491535392,7.290773142384918,3.081813191520769e-13,4.384837149078995e-13
OTUD7A,48.028095,0.9181067151014388,0.031490929611293815,29.1546399688427,7.29594026374814e-187,4.397218704252469e-186
OTUD7B,1865.6586,0.23998451230758444,0.016158329599534758,14.852061955370328,6.746131753621171e-50,1.4305228244138467e-49
OTX1,120.71406,-0.7837078662529874,0.04695466463924276,-16.69073503717449,1.5307451261712732e-62,3.6208249127130184e-62
OTX2,15.96022,-0.34504733581489916,0.14189121790963669,-2.4317737270719766,0.01502509044746396,0.017038701967354693
OVCA2,1322.7577,-0.34719644420494844,0.012581947089107646,-27.594810385550012,1.2842853107399642e-167,6.7545245779785404e-167
OVCH1,2.838442,1.2593819842280414,0.0624998568556642,20.150157897744158,2.6825701457945353e-90,7.901395485855172e-90
OVCH2,7.790637,2.138287002852112,0.08636523677384245,24.758653860365932,2.501588396782773e-135,1.0387484839914434e-134
OVGP1,312.58273,-1.3836430936671793,0.037478678874072385,-36.91813946580648,2.364626719812173e-298,3.2266377606337824e-297
OVOL1,828.0649,-1.7480866721356074,0.044866143611979735,-38.962267121813646,0.0,0.0
OVOL2,339.6404,-0.9077758980782683,0.047701720172127364,-19.030254984571638,9.578550115118492e-81,2.6267470607987254e-80
OXA1L,5104.43,-0.13675814776685463,0.010336611770958935,-13.230461857054683,5.852661832980539e-40,1.1370774144255252e-39
OXCT1,2137.1711,0.42464222583117917,0.026320816638212268,16.133322596635864,1.4879546262090414e-58,3.3983922184193264e-58
OXCT2,28.221783,-0.5288585018258836,0.031042014547681813,-17.036861477322454,4.375933226070168e-65,1.0550642414680549e-64
OXER1,185.07343,-0.2065102208735564,0.03706756671324364,-5.571183629913685,2.5301447629899376e-08,3.3149634615941916e-08
OXGR1,75.19469,-0.6580158711065919,0.055418790767455386,-11.873515498880407,1.6249296881616504e-32,2.931237242715137e-32
OXNAD1,553.7976,-0.16219248890128904,0.012902311254013683,-12.57080888130286,3.055812995283441e-36,5.72813707494481e-36
OXR1,2118.4058,0.3605879063133849,0.016625998326358006,21.688195754340192,2.6518509643095704e-104,8.700891826330145e-104
OXSM,486.02002,-0.2066697127043275,0.011955088687475985,-17.28717520270948,5.876216283146561e-67,1.440677833677515e-66
OXSR1,2523.8203,0.0716742025341398,0.010296987103859186,6.960696542707834,3.385944148521751e-12,4.746243247022469e-12
OXTR,414.83102,1.6103017666807988,0.040894715289550604,39.37676922994161,0.0,0.0
OXT,8.919702,-0.2131421611349628,0.06700543483847358,-3.18096825501951,0.0014678371295113466,0.0017260842210894416
P2RX1,233.986,-0.5915664969353188,0.04560379156392067,-12.971870904772207,1.7666489774241162e-38,3.3841933130765506e-38
P2RX2,24.593855,0.12159748951776037,0.06405809253537124,1.89823775115716,0.05766476989724561,0.06376953016502028
P2RX3,2.562853,0.31221566379414534,0.08600616323255089,3.6301545384596414,0.0002832515801081131,0.00034094353313356243
P2RX4,1494.1111,-0.30514085843263655,0.01682114993673241,-18.1403090502332,1.5316745648478308e-73,3.960797976087513e-73
P2RX5,240.86382,-0.9265189258550081,0.0314760956692558,-29.43563698594242,1.9225588535160863e-190,1.1861022939010303e-189
P2RX6P,0.024926607,-0.43192401571597094,0.5678171132411066,-0.7606745299565624,0.4468514914542897,0.464274024726608
P2RX6,110.687805,0.44181910143048375,0.050161575610730647,8.80791913035461,1.2749035584318133e-18,1.960997396956277e-18
P2RX7,383.90393,0.8993764679386543,0.039519916123986615,22.757550019008715,1.2081004335530044e-114,4.292446200123144e-114
P2RY10,75.5589,-0.19916304369260984,0.039524881016116474,-5.03892835531624,4.6814567283274503e-07,5.998475519668863e-07
P2RY11,419.17154,-0.642038120066881,0.02369842450751882,-27.092017018396348,1.2227698048177383e-161,6.143724199477872e-161
P2RY12,168.4948,2.915282243638178,0.04816360607109732,60.528736974859136,0.0,0.0
P2RY13,243.30302,0.5893573482386764,0.031633898888587156,18.63056306509547,1.8160372081835097e-77,4.851834621245746e-77
P2RY14,115.86039,0.9053546528564911,0.03118126008744009,29.035216996287165,2.3651600339491164e-185,1.4116767262143084e-184
P2RY1,234.81163,-0.22519424154664353,0.039651521541049325,-5.679334179232206,1.352200665843559e-08,1.7795380320561743e-08
P2RY2,354.92194,-0.8476775833931359,0.03626720027301456,-23.373118879095546,8.02252371665773e-121,2.989759479176912e-120
P2RY4,4.146531,-0.41203693709356615,0.04233903069816104,-9.731846249174113,2.205530077044518e-22,3.5535285563904193e-22
P2RY6,291.0878,-0.4165567021769231,0.03045706435937285,-13.676850049034094,1.396107409447472e-42,2.7716578009693888e-42
P2RY8,598.66113,-0.4127417293878594,0.036454126723474166,-11.32222237879257,1.0185652251749145e-29,1.782905117301701e-29
P4HA1,3439.2087,0.16959962199949996,0.019247420171030608,8.811550872400304,1.2342624750023966e-18,1.898772081651337e-18
P4HA2,2820.2305,0.06559134830876322,0.023850579048741258,2.7500945857423478,0.005957806451099529,0.006854372826510811
P4HA3,230.85623,0.942492768527395,0.03581089284752304,26.31860569744452,1.1745971133324613e-152,5.538124740698374e-152
P4HB,55434.926,-0.4430648077053792,0.01718895550346437,-25.776133262785,1.642403573313953e-146,7.373251234641404e-146
P4HTM,1977.3738,-0.10822353869883287,0.02275486950821732,-4.756060616377114,1.9740721727222397e-06,2.49752270472608e-06
P704P,98.68533,0.007689553710198072,0.033404943380985645,0.23019208931139892,0.8179425086373239,0.8273296667998449
PA2G4P4,328.05545,-0.8585885459778348,0.026137042661275235,-32.84949093532773,1.1582409367517305e-236,1.0194823705719187e-235
PA2G4,7872.315,-0.42496083378876853,0.010046105550137144,-42.301052051256534,0.0,0.0
PAAF1,1048.3091,0.14142845958202233,0.01331839847468806,10.619028995926993,2.430763711255276e-26,4.1075629479951994e-26
PABPC1L2A,11.987492,0.42901962857141823,0.1296860276150155,3.308140718482034,0.0009391760575712344,0.001111603125172534
PABPC1L2B,55.54902,0.435920243857641,0.12116288006771782,3.597803581542512,0.0003209158186865071,0.0003855496962491796
PABPC1L,897.2653,-0.7076687872051843,0.026259889142721926,-26.948658593302504,5.91456379648122e-160,2.9369415690868573e-159
PABPC1P2,1.4856706,-0.8050225733321347,0.04597227470226246,-17.511045049343984,1.1800759082072013e-68,2.9359850195760003e-68
PABPC1,66443.375,-0.5919662376049353,0.017641827157016426,-33.55470112796685,7.688145107111603e-247,7.314156366153511e-246
PABPC3,1629.4753,-1.202289253108676,0.029661772690599494,-40.533290631335376,0.0,0.0
PABPC4L,137.21,0.988359527085807,0.03246805688587229,30.440981748922226,1.576853751883033e-203,1.082372405077096e-202
PABPC4,7600.4727,-0.27585542081911874,0.013691342034858833,-20.14816517743675,2.7927461784449757e-90,8.223534776824018e-90
PABPC5,74.59419,1.3555502255956822,0.035105631627937395,38.613469199537846,0.0,0.0
PABPN1L,0.9504443,-0.896370698099142,0.07807730650229379,-11.480553546923497,1.6521933018662894e-30,2.921400332872658e-30
PABPN1,6332.7046,-0.3178473018082646,0.011076266177234385,-28.696249866363125,4.249303698481735e-181,2.4584135833301975e-180
PACRGL,416.2391,0.24532504528986648,0.011218756956544373,21.867399948151835,5.309835688248794e-106,1.7701481050770788e-105
PACRG,114.02568,0.2883260311093562,0.048971805560098565,5.887592417958131,3.918620532660509e-09,5.212282465989501e-09
PACS1,5872.4497,0.01047448646874977,0.013367170273846518,0.7835978935080661,0.43327609223094654,0.4508135105907825
PACS2,3342.8093,0.28033012281233427,0.013484725176003326,20.78871605861084,5.475638469234724e-96,1.680158607311978e-95
PACSIN1,371.42056,1.4363105071503794,0.044441806185193125,32.31890488800434,3.7953662276703944e-229,3.1590294778880444e-228
PACSIN2,2581.8328,0.19912788792953445,0.016765635387919357,11.877145322688932,1.5559055398117668e-32,2.8077185680754974e-32
PACSIN3,1748.3539,-0.6284685603651043,0.02466671831535059,-25.478401801588493,3.4213392514918057e-143,1.4960276164330256e-142
PADI1,265.04477,-1.6718020133776677,0.06853336494112487,-24.39398699908967,1.9808871983012036e-131,8.028843812505316e-131
PADI2,1872.2229,0.6585332278210256,0.04269427315528855,15.424392527442594,1.1220596962064037e-53,2.4566096736279358e-53
PADI3,529.285,-2.9626973500361466,0.08155751156226854,-36.326480458812796,6.1805417430439725e-289,7.839853541846246e-288
PADI4,23.976242,-1.7326056087218729,0.05733350071361634,-30.219777044076256,1.3023578381512478e-200,8.7363107831701e-200
PADI6,0.704961,-0.994869379327109,0.0868039043040426,-11.46111326792908,2.0683885087562795e-30,3.653190045091446e-30
PAEP,297.87445,-1.2676138697305332,0.09231793898994915,-13.73095937365479,6.62504069298296e-43,1.3197573724896291e-42
PAF1,3535.7622,-0.07405182848964362,0.012146062426909321,-6.096776542625329,1.082286414930255e-09,1.4550259068892008e-09
PAFAH1B1,6593.9004,0.5127101993387458,0.01101302455830875,46.554894763394756,0.0,0.0
PAFAH1B2,976.64154,0.3671854866215096,0.017309934926721806,21.21241288173046,7.33524723351217e-100,2.3199984220455845e-99
PAFAH1B3,1964.9116,-0.816138470418742,0.020642332803561734,-39.5371239377519,0.0,0.0
PAFAH2,1135.3369,0.009012472877717777,0.014965279235886619,0.6022255071663442,0.5470240390524832,0.5636063973213312
PAG1,1451.1458,0.31580901789671595,0.026054978104803356,12.120870592422223,8.188465535317233e-34,1.4985075940092005e-33
PAGE1,7.6565604,-1.3446573322793767,0.19548745935703743,-6.878483851097069,6.049290627240265e-12,8.44817587323258e-12
PAGE2B,22.723476,-0.615228060538114,0.1080405284157598,-5.694419210637358,1.237925850145256e-08,1.630730015082968e-08
PAGE2,33.766323,-0.7190157371308231,0.17478336633097272,-4.113753798340758,3.8927661168314456e-05,4.788401025471053e-05
PAGE3,0.10136779,-0.2625981519220032,0.40097248665089347,-0.6549031683329289,0.5125301002102378,0.5295407414453303
PAGE4,46.508087,1.0999649120404684,0.16303461280065645,6.746818317564278,1.511223096887576e-11,2.0921386528990997e-11
PAGE5,33.413456,0.033840297253065005,0.12716850287847606,0.266105965605361,0.7901576007109321,0.8005782120470721
PAH,2194.1748,0.7137341814797288,0.08850451204418289,8.064381860253873,7.360734710671368e-16,1.0920148507947126e-15
PAICS,6545.555,-0.2777262086383881,0.014488663987629808,-19.168517461341246,6.781395484886286e-82,1.8750839423713144e-81
PAIP1,2339.5715,0.03478447149866794,0.011560232110601957,3.008976910313669,0.0026212903659253053,0.003057045916244102
PAIP2B,675.51917,0.5455744819897582,0.02638995902248902,20.673563059526927,5.992482325406919e-95,1.824176849027504e-94
PAIP2,4007.2986,0.22691474640322606,0.01123671381922141,20.194048727579762,1.1043310166059755e-90,3.26172568795605e-90
PAK1IP1,998.9471,-0.044842106298239356,0.01599541253072318,-2.8034354357606532,0.005056135455199027,0.005832834413667101
PAK1,3588.7363,-0.3234530620517743,0.017738784617023818,-18.234229065578603,2.761198503962778e-74,7.186811600892124e-74
PAK2,5975.7334,0.010359901237839704,0.011720461451626701,0.8839158151406946,0.37674165920576774,0.39428794734849254
PAK3,49.800243,1.1780543042764369,0.05331155040694089,22.097543501999905,3.337360736128818e-108,1.1305378906297272e-107
PAK4,3789.5688,-0.43228389934069306,0.015700243259288708,-27.5335797160303,6.96008772773294e-167,3.6370745905778984e-166
PAK6,729.7501,-0.682830925839898,0.031880652425741944,-21.418348555770088,9.01278961758283e-102,2.892817023874647e-101
PAK7,65.90079,0.9573611801272038,0.06770019940931647,14.141187005063058,2.1168341114122795e-45,4.319597642000862e-45
PALB2,748.40686,-0.19072390273908982,0.01251059532895236,-15.244990164273906,1.7775972238003505e-52,3.8471459423143764e-52
PALLD,8127.0234,0.9282226649906219,0.023733776791499954,39.109774779842745,0.0,0.0
PALM2-AKAP2,2483.5437,1.0184817597931124,0.021939583867680735,46.42210927680543,0.0,0.0
PALM2,139.70464,0.9262416183463447,0.03230864617753544,28.668536999559294,9.417694805526372e-181,5.4315821117765274e-180
PALM3,478.08325,-0.08380221380417682,0.04505145093340825,-1.8601446139447786,0.06286506861832197,0.06936917043914194
PALMD,1024.5242,0.594652702663511,0.030074538890462146,19.77262909431005,5.123515381608474e-87,1.472884067412693e-86
PALM,1834.9359,0.865260445092822,0.03167873821050826,27.313601928936784,2.9241912706036656e-164,1.502994447821763e-163
PAMR1,598.8411,0.9679418397073207,0.03573867938591721,27.08387260914675,1.5250600357816995e-161,7.660670433871113e-161
PAM,8464.065,0.45676040710841476,0.024741179969407487,18.461544989899423,4.2112153122711207e-76,1.1141797601368128e-75
PAN2,1763.7684,0.007430888380401387,0.014957675233105512,0.49679433899960307,0.6193340876813132,0.6347355998542086
PAN3,1956.5575,-0.13389194067926496,0.015126361617355122,-8.851562858688041,8.630214389241557e-19,1.330575802730548e-18
PANK1,636.26605,0.3663608531134624,0.027829323996731162,13.164561710392073,1.4034971263820895e-39,2.7156242155496066e-39
PANK2,1057.6825,-0.016037274135541377,0.009490837859866841,-1.6897637882274794,0.09107315418661124,0.09965378620258081
PANK3,1162.6594,0.09439301013754393,0.01838942063780686,5.1330061994166964,2.851505106739197e-07,3.6694135938375144e-07
PANK4,986.5572,0.03774324516142059,0.010068030324949113,3.748821163946122,0.00017766771537270636,0.00021488368189110253
PANX1,1017.69934,0.11366435198854026,0.015483944378062293,7.340787929306974,2.1234003758189921e-13,3.0313658404949767e-13
PANX2,420.03622,-0.6422298360592247,0.037989268096421946,-16.905559602495043,4.0941963229811e-64,9.79595051587404e-64
PANX3,1.113125,0.05796826445606264,0.09536816192243901,0.6078366541572549,0.5432958162309172,0.5598501555218526
PAOX,367.9136,-0.22645683952044693,0.020071950915230508,-11.282253552573831,1.6057890084163554e-29,2.802834226881737e-29
PAPD4,1821.1204,0.12490237823833879,0.010452785001790501,11.949196144084448,6.555624818907476e-33,1.1868916468487089e-32
PAPD5,882.19366,0.0795920033141584,0.012842761805719942,6.197421124692161,5.739578472318586e-10,7.751895854977715e-10
PAPD7,1538.3306,-0.09887365503075005,0.012193097690240226,-8.10898571819792,5.104404526072775e-16,7.592093201805641e-16
PAPLN,1413.6771,0.5757986863406531,0.031059738781674333,18.538426558834495,1.0113757324864015e-76,2.6884186627093157e-76
PAPL,54.45995,-1.885373249417633,0.07134020267962163,-26.427921124426394,6.546677938572379e-154,3.111926597044013e-153
PAPOLA,7792.908,-0.043315978940241154,0.00968333495445583,-4.473250088318912,7.703958558904288e-06,9.627701939766276e-06
PAPOLB,1.5247022,0.18952879599140446,0.05244344001940142,3.613965749029591,0.00030154891494993787,0.00036281746702120354
PAPOLG,769.51294,0.16641846413028305,0.013325998756946166,12.48825451402189,8.653126138150547e-36,1.616377603877484e-35
PAPPA2,73.881714,2.2428925252234375,0.059987546811904525,37.389302353973505,5.830968800379552e-306,8.449302050315109e-305
PAPPA,430.21036,0.8949045708235791,0.0388432990915601,23.038840462910752,1.9031737434824775e-117,6.919056114921386e-117
PAPSS1,3458.7942,0.21384832930113049,0.014936169905760898,14.317481030973605,1.7018058945582564e-46,3.5018259760775766e-46
PAPSS2,2036.4362,0.22478391709808995,0.03172293519809438,7.08584863583471,1.381947939163117e-12,1.9496277522986553e-12
PAQR3,709.04956,0.3220220338476781,0.017292169864776122,18.622419069779777,2.1144306217820888e-77,5.645599085752335e-77
PAQR4,1991.6083,-0.3334158771484772,0.02253749448364652,-14.793830671391081,1.6055026083294142e-49,3.3928199712454375e-49
PAQR5,722.84283,0.37720232938760956,0.03852890665288403,9.790112467657437,1.2415770665154787e-22,2.006291570536442e-22
PAQR6,687.9159,2.058036251815526,0.041928913888119757,49.083939004646034,0.0,0.0
PAQR7,1240.8695,-0.0896674326347515,0.019184409747064944,-4.6739740141585475,2.9542672771925357e-06,3.7244366521990733e-06
PAQR8,1581.1592,0.5774949873733509,0.03156631089251132,18.294661968572125,9.126545230565258e-75,2.3870418081844562e-74
PAQR9,66.29549,-0.07070237135378378,0.0928884742073382,-0.7611533288399981,0.4465654907478078,0.4640005525229468
PAR-SN,269.93735,0.8292984912639112,0.031274188044716364,26.517027079269532,6.167732690787823e-155,2.9538666161314816e-154
PAR1,3.338569,0.40887682635659195,0.04260275086093996,9.597427820828065,8.196429729989952e-22,1.3095119898992814e-21
PAR4,0.9385104,1.7864421944056983,0.10683574262604745,16.721390711521565,9.155749239319382e-63,2.1722631250821965e-62
PAR5,69.20089,1.241742972488401,0.03811694713263344,32.57718851847124,8.631144121242266e-233,7.389464388745639e-232
PARD3B,183.00359,1.1476843654084006,0.029253314543443223,39.23262656968354,0.0,0.0
PARD3,2155.4575,-0.040396583751129894,0.01837020512657662,-2.199027363754756,0.02787597664974621,0.03126009411248599
PARD6A,298.3667,-0.044678758582860016,0.024426602009915862,-1.8291024909941582,0.06738425588265,0.07420359506246599
PARD6B,867.41174,0.1170552813037025,0.030217857175365747,3.873712177021225,0.00010718999907196086,0.00013038663984621206
PARD6G,670.1417,-0.2402594957929018,0.024612228360816585,-9.761793701516366,1.642245372155818e-22,2.649954310194206e-22
PARG,942.14886,0.021676437747526003,0.010140529507488236,2.1376041292044086,0.03254888633177035,0.036394045300335714
PARK2,190.29503,1.253992676780246,0.03289771587648401,38.11792531397679,0.0,0.0
PARK7,8734.019,-0.10602745266981595,0.01185196471361261,-8.945981129022245,3.6866006952927197e-19,5.715031109073667e-19
PARL,2221.7793,-0.2731384604431875,0.011404850195773733,-23.94932469559344,9.391102625346088e-127,3.6718543950340124e-126
PARM1,4120.306,0.3381579970593118,0.03785485037639927,8.933016342606852,4.145484098282396e-19,6.4205333402001755e-19
PARN,2567.5532,-0.08546597829188939,0.009451741368521166,-9.042352616263084,1.533355506362292e-19,2.3873955914675665e-19
PARP10,3960.284,-0.4624585164060432,0.01793092528694078,-25.791112784506165,1.1155585103631974e-146,5.018041474256372e-146
PARP11,561.08105,0.3117631598525122,0.017425072071147456,17.891642489601608,1.3700964926643232e-71,3.4862885257034066e-71
PARP12,2205.927,-0.5123182902554269,0.017200561796217317,-29.784974254044073,6.115509128495471e-195,3.9091255995930704e-194
PARP14,5544.537,-0.10607663194211918,0.018711824435882703,-5.6689625485530675,1.4366476256165877e-08,1.8893294367242497e-08
PARP15,80.29286,-0.8678541981943682,0.03987615872259691,-21.763736177090074,5.1201919207491434e-105,1.6916908035464428e-104
PARP16,609.89777,-0.054479514070058445,0.01128307249851174,-4.828428965358896,1.3761440515871362e-06,1.74658168108363e-06
PARP1,8951.274,-0.05581144553504396,0.014163189768280033,-3.9405985832400288,8.12785391701735e-05,9.92115701760035e-05
PARP2,995.115,0.11221630813153455,0.012517348697883858,8.964862355436777,3.106686363419125e-19,4.820442624255008e-19
PARP3,1080.6511,0.13098890026398793,0.016357992390245227,8.007639149049895,1.1693140718217196e-15,1.7304692293536666e-15
PARP4,4621.385,-0.09519001975584866,0.017291292053189848,-5.505084262242177,3.6899173876380856e-08,4.818976720439014e-08
PARP6,1819.9213,-0.0071648569630797096,0.01611290228350165,-0.44466582351312095,0.6565612710955094,0.671165440762878
PARP8,910.32495,0.04746109018822176,0.02113835158144841,2.245259759510997,0.02475146172862733,0.027816019503926023
PARP9,3849.384,-0.15868104863609286,0.01814394460624537,-8.745675324729161,2.2168571183936906e-18,3.401129922635806e-18
PARS2,368.9937,-0.12623592901295488,0.013207603151155293,-9.557822685027661,1.2026004938900768e-21,1.9172860967195046e-21
PART1,345.83124,-0.3073859535867614,0.06328036585406752,-4.857524912160466,1.1886218651811051e-06,1.5112191690015685e-06
PARVA,3306.1235,0.5988205900015455,0.018894341522841092,31.69311771345088,1.9328222799722084e-220,1.5070980006876364e-219
PARVB,1393.5498,-0.3924899025443169,0.024529652246292853,-16.000630526820192,1.2648754697106516e-57,2.8667037390447687e-57
PARVG,900.22766,-0.7235015101860847,0.031230584595755305,-23.166441472389828,9.927116276309689e-119,3.6454935113526148e-118
PASD1,8.465801,-1.127869724296673,0.1445762095365735,-7.801212439529033,6.131519145972862e-15,8.967787233682579e-15
PASK,894.9245,-0.5421051488131149,0.02524068777844197,-21.47743173924627,2.5311965197806607e-102,8.179782531145154e-102
PATE1,1.149781,1.645712378673002,0.21134822927700497,7.78673369681294,6.876367249185735e-15,1.0047076275740806e-14
PATE2,1.5134406,0.23071959077265158,0.05722697480105554,4.0316580000031035,5.538474312264144e-05,6.783648088279732e-05
PATE3,0.27589566,-0.3098060142475922,0.12893173375820682,-2.4028685973353108,0.016267031506402633,0.01842143144058578
PATE4,1.2578297,0.7512805015553157,0.07703541121565284,9.752404637033505,1.8014961593442174e-22,2.904851917320523e-22
PATL1,2886.716,-0.07105022675541257,0.01311436204179463,-5.417741749768693,6.035651002560817e-08,7.8562635867998e-08
PATL2,41.963985,-0.4769092493267608,0.031369385621043314,-15.20301529293704,3.377115665516602e-52,7.290287120586629e-52
PATZ1,2957.2034,0.048869952731246856,0.015036048231728,3.250185951660155,0.0011532957030518838,0.0013610774574478756
PAWR,669.0151,-0.11563368370941696,0.023904839076292733,-4.837250037131391,1.3164778189622864e-06,1.6715836295530242e-06
PAX1,144.11676,-2.148420904741837,0.09898028979688364,-21.70554268077602,1.8186377418833875e-104,5.975733664784358e-104
PAX2,533.7656,0.4226681166063283,0.08768057147855005,4.820544728198182,1.4316675153721033e-06,1.81625865811694e-06
PAX3,210.18352,-0.7835528479895013,0.10595394940276427,-7.395220776631653,1.4117351643816307e-13,2.0219146121453127e-13
PAX4,2.0724275,-1.4997681682166328,0.14828447468757874,-10.114128072925379,4.782564014139972e-24,7.867503293784395e-24
PAX5,67.49651,-1.2552096452610995,0.059634116892052905,-21.048515693344225,2.359540117527841e-98,7.38362699857813e-98
PAX6,291.73203,1.3752839150718108,0.032304928457828105,42.5719535911417,0.0,0.0
PAX7,54.31169,-0.5118306509816065,0.10417189181635507,-4.913327789840989,8.954338461867075e-07,1.1417384401900908e-06
PAX8,4756.5312,0.5052313502622313,0.05601470222045313,9.019620389551083,1.88742184767107e-19,2.9359735174767203e-19
PAX9,465.43076,-1.2160567171937207,0.05258171035647353,-23.12699052483384,2.4782257967522127e-118,9.07776160418825e-118
PAXIP1,932.9146,-0.19976713505752516,0.01320886898608811,-15.123712353262386,1.1298914969919925e-51,2.429600864729613e-51
PBK,612.32806,-0.5512109680121263,0.032250498175677565,-17.091548943198475,1.7155581859562477e-65,4.148598302397345e-65
PBLD,1116.0424,0.7939908357867868,0.03651204483704411,21.745997501110256,7.537619648733939e-105,2.487170152813197e-104
PBOV1,1.097373,-0.11311914374358477,0.06356357412333861,-1.7796221389956557,0.07513782054770761,0.08255873973397265
PBRM1,2657.2134,0.24541671535198933,0.01367890308379714,17.941256974229827,5.617005082253853e-72,1.4333994293006542e-71
PBX1,5127.1304,0.7236302987452087,0.029905756016981207,24.197024089085527,2.3911343672786266e-129,9.53036503199404e-129
PBX2,3026.1145,0.04835741716648125,0.012320269862571334,3.925029054224685,8.671927063806248e-05,0.00010575128067806613
PBX3,1481.3445,0.5368568549396193,0.02669870767475106,20.107971572246708,6.284160079524709e-90,1.8440359622231703e-89
PBX4,83.44027,-0.484039955718862,0.029692363962612222,-16.30183289981058,9.577633646108094e-60,2.2090296069005855e-59
PBXIP1,8586.047,0.4618375015424294,0.018793340255513147,24.57452987405719,2.3653053634466994e-133,9.69698991027212e-133
PCA3,541.01086,-1.1845193442263624,0.12458775559769304,-9.50751009634767,1.9528055761655377e-21,3.106756952813486e-21
PCBD1,3515.2278,-0.37097541092338976,0.020485574474043644,-18.109104599113692,2.7010605152908953e-73,6.965280687879333e-73
PCBD2,710.7301,0.03716076694083773,0.013594877545318735,2.733438886592523,0.006267675345809805,0.007206393085522212
PCBP1,16998.285,-0.1292999947823061,0.007841551980928783,-16.489082148122336,4.39576273655629e-61,1.0253590003843895e-60
PCBP2,22128.832,0.030245469031067267,0.009058221865016336,3.339007310902593,0.0008407835148170819,0.0009968269029909718
PCBP3,250.07863,0.0189921310354184,0.045339267114344994,0.4188892376120794,0.6752970829125344,0.6892797207969663
PCBP4,1933.8788,0.3671102164336756,0.022435187087576275,16.363144867063166,3.505478984123657e-60,8.117384740420101e-60
PCCA,1279.3243,0.18400193757913486,0.024185310310305144,7.608003999879765,2.783612282164451e-14,4.030981040798496e-14
PCCB,3215.3777,-0.025364675030954603,0.013735366379928747,-1.8466689805973842,0.06479513000953263,0.07143358703980478
PCDH10,529.30865,2.578606221367617,0.05929407587433208,43.48842921226594,0.0,0.0
PCDH11X,65.65564,1.6909951517668274,0.06757619302918658,25.02353382109697,3.390310913881069e-138,1.4320194999108855e-137
PCDH11Y,11.216219,1.4230998546094475,0.08611318832746052,16.525922245473716,2.3875970512201094e-61,5.581477593959147e-61
PCDH12,839.7674,1.2014612559437876,0.025623078178701304,46.88980955233082,0.0,0.0
PCDH15,157.24716,4.026496008563655,0.0846407752543863,47.571587056735886,0.0,0.0
PCDH17,821.8465,1.6643860828148678,0.03159981762364706,52.670749642851085,0.0,0.0
PCDH18,794.7776,1.3079559456424963,0.02846169283080379,45.95495965113183,0.0,0.0
PCDH19,413.69507,0.29870602882954783,0.04809653399754251,6.21055207106629,5.27987769062596e-10,7.136703618606686e-10
PCDH1,3583.1587,-0.033869181868617114,0.025729282560872483,-1.3163671310494796,0.1880508489671896,0.20162877786617933
PCDH20,203.73871,0.5571625548384984,0.05116327331447564,10.889892666051534,1.2879197134069507e-27,2.2045365264210618e-27
PCDH7,1706.5547,0.5377748383231145,0.03872491797341514,13.887049126670837,7.589832445214091e-44,1.5277971005745865e-43
PCDH8,66.70975,1.8530904806768715,0.0761277742678032,24.34184499021405,7.072892725625012e-131,2.8570837897023737e-130
PCDH9,347.04422,2.2193089458620414,0.04911329128208465,45.1875426779144,0.0,0.0
PCDHA10,184.8265,1.1468328400700896,0.05349978921699208,21.4362123076523,6.14133973799318e-102,1.9739743562646537e-101
PCDHA11,120.839615,0.7911891464445103,0.055052330455668805,14.371583180872237,7.802695244125415e-47,1.6119236172009062e-46
PCDHA12,106.40104,0.8351010715264321,0.056151567183159466,14.872266499747651,4.989514388090004e-50,1.0588026206704647e-49
PCDHA13,47.553352,0.6990573895735963,0.058255170760104814,11.999920014865623,3.55639944831957e-33,6.454910971591167e-33
PCDHA1,97.98708,0.8116837657265696,0.05553454164739122,14.615836228202655,2.2260430215114904e-48,4.6558465045153515e-48
PCDHA2,47.543514,1.3755839552962852,0.048234697086875014,28.518556938768278,6.897193382773857e-179,3.91687475815601e-178
PCDHA3,100.3253,1.2482945904195701,0.046032855587385464,27.11747021754706,6.127977397884664e-162,3.088106233750838e-161
PCDHA4,163.8136,0.6291404931596253,0.048742151631966366,12.907524023765472,4.0821704855333656e-38,7.791216735255816e-38
PCDHA5,40.66202,0.6484039158652702,0.05215341399896818,12.432626479219529,1.7382763576358383e-35,3.236653408186211e-35
PCDHA6,130.47035,0.8829696778426117,0.05150738363641438,17.142584528762107,7.140497983737617e-66,1.7312540008445176e-65
PCDHA7,54.173008,0.7713668190095031,0.04250089121246752,18.149426917975422,1.2974744192935625e-73,3.357305757803462e-73
PCDHA8,17.923838,0.712767039263639,0.055082781740723674,12.939924541550118,2.6789249372976414e-38,5.119706448741451e-38
PCDHA9,14.843236,1.466341923100482,0.055979689982870284,26.1941772730285,3.095987358947905e-151,1.442691843461213e-150
PCDHAC1,55.95661,0.6591913069879839,0.046754369098135885,14.099031164432205,3.8501919080815176e-45,7.84095799306108e-45
PCDHAC2,178.84546,1.0026673551178524,0.046286021740496425,21.662422420732735,4.6417288832601736e-104,1.5219996510596533e-103
PCDHB10,273.09167,0.8664251949485008,0.03038549589520345,28.514433265684225,7.758985019187873e-179,4.4038242544088627e-178
PCDHB11,141.47244,0.15520599639250166,0.036001517488342724,4.31109595429574,1.6244738862249692e-05,2.016502886997997e-05
PCDHB12,100.399086,0.5556265083077316,0.02648025784136272,20.982669868109493,9.44395585846892e-98,2.940799897867371e-97
PCDHB13,176.46,0.17716190176324473,0.02610547135238638,6.786389694781352,1.1497433359079998e-11,1.5960469504807695e-11
PCDHB14,373.0246,0.2796748971206886,0.025128542031498474,11.129770154198274,8.986692860904455e-29,1.5561799775040726e-28
PCDHB15,143.14548,0.8663728436437199,0.02895122442401394,29.925257424521796,9.236283475539241e-197,5.990490451688544e-196
PCDHB16,399.91275,0.7244538882204176,0.03232504310259974,22.41153665042301,3.0377268163643844e-111,1.0555569253176737e-110
PCDHB17,30.182854,0.08947648393555373,0.04414341246725579,2.0269498648733735,0.04266754016834535,0.04746044092702524
PCDHB18,28.753353,0.6806326837301925,0.02903544117474581,23.441444530975033,1.616117770033723e-121,6.058284234968986e-121
PCDHB19P,17.388384,1.0623612776526283,0.028997732296074673,36.636012320054306,7.642702461559864e-294,1.0045047089405892e-292
PCDHB1,3.4482806,0.8337689999958826,0.06433429332702553,12.959946505631907,2.0639141108531473e-38,3.9502893092845e-38
PCDHB2,394.40726,0.30878716198938894,0.03455602758075707,8.935840824520602,4.040933671021113e-19,6.25955783369998e-19
PCDHB3,157.42097,0.5503716580428676,0.036444708159560316,15.101552072615291,1.5816609870634977e-51,3.396733759032252e-51
PCDHB4,206.82295,1.0493377244462736,0.03188586328285063,32.90918345656476,1.6242153210091812e-237,1.442102037524026e-236
PCDHB5,377.35184,0.7931513506380508,0.039746643458916556,19.95517813869939,1.351405581726904e-88,3.928221907249863e-88
PCDHB6,129.06686,0.6596480502709499,0.03740267291979453,17.636387957766672,1.294773973400232e-69,3.2443450245483475e-69
PCDHB7,174.6446,1.0791883608566881,0.03167552067962567,34.07010643240487,2.0451397133146325e-254,2.051083715437074e-253
PCDHB8,142.68626,0.3614956986896068,0.03505968864107946,10.310864491421697,6.293264923847428e-25,1.0473684344364408e-24
PCDHB9,240.88979,0.8130355917658069,0.03184958451008529,25.527353159296513,9.799222989361523e-144,4.300547118784463e-143
PCDHGA10,404.07123,1.2958899374387869,0.039872210921964565,32.501080513820085,1.0294555376142562e-231,8.758330668737418e-231
PCDHGA11,140.42392,1.3292004865425457,0.0397930823953867,33.402802862455374,1.2483438195233469e-244,1.1668976961283665e-243
PCDHGA12,274.0619,1.2058436260673226,0.04147611276035647,29.073207343092367,7.833008752537196e-186,4.688980452599376e-185
PCDHGA1,80.463936,1.7075932935642828,0.03684582626951727,46.34428011123157,0.0,0.0
PCDHGA2,139.88145,1.378356971610936,0.03667149127029654,37.58660812158976,3.55762408439112e-309,5.271446050518105e-308
PCDHGA3,97.31704,1.8063225388640236,0.040585237545882676,44.50688595383798,0.0,0.0
PCDHGA4,118.43599,1.1743078308974277,0.036018267566934346,32.60311809042895,3.704447819815587e-233,3.17820704440057e-232
PCDHGA5,101.32104,1.326748983282509,0.03865480498743508,34.32300288964787,3.561693513014464e-258,3.6715199104537454e-257
PCDHGA6,120.19868,1.2582999161618802,0.03270633902868895,38.47266167754636,0.0,0.0
PCDHGA7,117.24645,1.0758856548385223,0.03774240283261378,28.506019068527173,9.865428751869438e-179,5.597833443681993e-178
PCDHGA8,36.251827,-0.009710969974489973,0.035145526447181066,-0.2763074267527117,0.7823119521566182,0.7930632392549216
PCDHGA9,200.28453,1.9248833489221537,0.03728967635234831,51.619738684080446,0.0,0.0
PCDHGB1,184.60439,1.4295632861021341,0.041293852840507135,34.619275939778774,1.2957976254812233e-262,1.3676072502422097e-261
PCDHGB2,312.97086,1.6140771743690638,0.0403189891323423,40.03267961582685,0.0,0.0
PCDHGB3,51.793633,1.1601400701572333,0.03628789188192802,31.970445512019463,2.8088874337887383e-224,2.2576446610542806e-223
PCDHGB4,174.65947,0.997206007018517,0.039486396866109906,25.254418892658997,1.0128031591567493e-140,4.351975415211536e-140
PCDHGB5,405.6356,1.0033205193029053,0.04111363792266066,24.403593795087247,1.5663658540344623e-131,6.352518410814267e-131
PCDHGB6,238.04446,1.636530878767691,0.03664013916100013,44.664974430818184,0.0,0.0
PCDHGB7,665.1828,1.9413178525332768,0.037871698766886244,51.26038481882679,0.0,0.0
PCDHGB8P,6.646235,-0.03709964217174025,0.03525419606351295,-1.05234684985874,0.29264044433931635,0.309050047012353
PCDHGC3,9714.82,1.4433187629021005,0.029400530552230308,49.09158902211073,0.0,0.0
PCDHGC4,173.5084,2.920095934828279,0.05577055945335557,52.359093461677375,0.0,0.0
PCDHGC5,150.95244,2.114768243638917,0.050299701524380847,42.043355716810055,0.0,0.0
PCDP1,156.08215,0.16902107204720873,0.058436133510105424,2.8924068362253936,0.0038230254505828747,0.004431140059687831
PCF11,2353.452,0.21113066765757552,0.012427981793666575,16.988330942451963,1.0020003500499468e-64,2.4096060863060323e-64
PCGEM1,26.912529,0.03711251441441814,0.20812124239772908,0.17832160709234304,0.8584704107512804,0.8662568939574403
PCGF1,595.7904,-0.3514887984553913,0.010589643219954968,-33.191750765790765,1.4160192527554564e-241,1.2916100343570045e-240
PCGF2,2322.771,0.11655475657062403,0.021624160933634177,5.3900244697742234,7.044809064059306e-08,9.158701643370589e-08
PCGF3,2785.9758,-0.22240863924865809,0.012252358291965906,-18.152312717992867,1.2310676503043562e-73,3.1874992105489494e-73
PCGF5,2792.192,0.4009880558774617,0.014797249233813318,27.098824216676743,1.0165597838882745e-161,5.113946291124631e-161
PCGF6,378.56827,0.03570174088556119,0.012652010532444524,2.8218235191955037,0.004775144687791568,0.005514616296939619
PCID2,1544.5773,-0.1131668305084722,0.011508497736352308,-9.833327781002037,8.090038992135824e-23,1.31009468533959e-22
PCIF1,2650.0095,0.03255837158378225,0.010233609210127961,3.181514059727823,0.001465074114871229,0.0017231336744461788
PCK1,3167.5022,1.272302711523413,0.08246264182735752,15.42883763276813,1.0473962358218823e-53,2.2943770136752423e-53
PCK2,3550.6104,-0.008986240422894786,0.030188270652629093,-0.29767324290608793,0.7659525672013646,0.7771755950985588
PCLO,679.50146,0.2733088325666066,0.03702105057523266,7.382525031568178,1.55315319726446e-13,2.222580019899286e-13
PCM1,5497.3237,0.38511536264312957,0.014778745209352804,26.058732131020662,1.0712296562066487e-149,4.942026868504682e-149
PCMT1,3102.6023,0.19513367224509434,0.011367026985591324,17.166641065640373,4.7195288760106046e-66,1.146460904267986e-65
PCMTD1,2881.437,0.23134403395069955,0.015722472870921145,14.714226944450479,5.223979518504952e-49,1.0995037632300459e-48
PCMTD2,3059.6877,0.3174655922992883,0.014866486519587677,21.354446585681448,3.545458652576906e-101,1.1317339715869117e-100
PCNAP1,0.09944872,-0.4904004342404695,0.22440277354761592,-2.1853581686520984,0.028862595466288353,0.03234510822360129
PCNA,5396.075,-0.5985340017916627,0.017193535906570245,-34.811571339606886,1.6253698517881315e-265,1.7582839964162896e-264
PCNP,5031.8193,0.303494812184628,0.010350917385028883,29.32057139433744,5.6711310315765256e-189,3.472437794642601e-188
PCNT,1933.2438,0.030876761465368545,0.014663495848438752,2.1056889697047274,0.03523137859539152,0.03933941955923743
PCNXL2,800.2177,0.2105195194631025,0.02108255486512441,9.985484245619213,1.7643745279177647e-23,2.877355095632632e-23
PCNXL3,3687.6582,-0.2795562612390599,0.011430306377272837,-24.45746002004886,4.191947742385163e-132,1.7041506407192398e-131
PCNX,2696.5457,0.4485443346765399,0.014090467192404891,31.833176895533768,2.2502250070863625e-222,1.7853597396442422e-221
PCOLCE2,504.15488,1.4487423752529265,0.04508593533316878,32.13291161749764,1.5304903886394802e-226,1.2488678886697867e-225
PCOLCE,4349.62,0.4968665390951143,0.034022558751200964,14.604032069680104,2.6471513869679757e-48,5.534903469988808e-48
PCOTH,115.143555,-0.35706778242035797,0.0385733706509843,-9.256846793378335,2.1055843560454598e-20,3.313309004848471e-20
PCP2,35.825054,-1.2284639670094988,0.04220780313057327,-29.10513876330274,3.0906856471052378e-186,1.8566913275129992e-185
PCP4L1,275.04886,-0.8259931297637125,0.05381592292156161,-15.348489534735348,3.6252934245059958e-53,7.899748349514884e-53
PCP4,559.7743,1.0042501240671806,0.06819688184695975,14.725748404755702,4.405651164428493e-49,9.276517949798293e-49
PCSK1N,1456.6375,-0.36625410766758176,0.056977625515844274,-6.428033887894015,1.292649283215617e-10,1.7631680796587666e-10
PCSK1,539.4062,-0.4371402858640734,0.059204437447791726,-7.383573000749428,1.5409711285186472e-13,2.2054573782433136e-13
PCSK2,1761.8008,0.24824709882936405,0.0882138422654308,2.814151299321048,0.004890620423466477,0.00564445244905635
PCSK4,171.30132,-0.42478371364572554,0.026651933715686995,-15.938194885863126,3.4415220214651856e-57,7.762679684800545e-57
PCSK5,338.8505,0.6024867723216726,0.03171363807950453,18.997718609617348,1.781203376144978e-80,4.8702013879849064e-80
PCSK6,2223.9253,0.4437388086139893,0.03943081191114009,11.253605672994603,2.2231417333498068e-29,3.874748955506268e-29
PCSK7,1894.087,-0.2963683565229184,0.013166690056463645,-22.50894911720266,3.3921597771356984e-112,1.1866147921427095e-111
PCSK9,821.3252,-1.4896708671088867,0.05994959409674182,-24.848723157407473,2.6693649920877577e-136,1.115697020610032e-135
PCTP,1177.2456,-0.05134293244753356,0.01921300681801998,-2.6723007457312073,0.0075333098642380225,0.008636707710666849
PCYOX1L,691.0383,-0.1333980230196826,0.017370217516212746,-7.679697902180765,1.5946418990141954e-14,2.3169650600934917e-14
PCYOX1,5701.9272,0.5346312721312959,0.01574942501683624,33.94608194011981,1.3934367411091573e-252,1.3764666963726994e-251
PCYT1A,950.15643,-0.18914664929894864,0.01557462152953878,-12.144542256787023,6.132483187486571e-34,1.1241781488748342e-33
PCYT1B,205.54047,1.71842578951472,0.049014364378988165,35.059636318601065,2.780655959298681e-269,3.0969023345383947e-268
PCYT2,2139.9646,-0.3585707843432494,0.020694705640613615,-17.326691694495516,2.9586571304069352e-67,7.278310840738858e-67
PC,2452.81,0.28214539820422635,0.029704001222465193,9.49856539834907,2.1280165903164457e-21,3.3833885015425624e-21
PDAP1,5503.1416,-0.27841588212955704,0.010619359829105576,-26.21776515816649,1.6670672423150963e-151,7.7843628408929e-151
PDCD10,1641.1992,-0.2615392578522915,0.014921400284203785,-17.527795841598344,8.791186540117992e-69,2.1898906982780156e-68
PDCD11,2662.6968,-0.27082388964407994,0.012287709139094891,-22.04022626011058,1.1854345980816768e-107,4.003029189309148e-107
PDCD1LG2,185.78665,0.4296884087411959,0.03232597957890157,13.292355385315028,2.563787434772022e-40,4.9953247568689434e-40
PDCD1,145.06728,-0.8422503084600012,0.03730862278535296,-22.575218423518468,7.59336858695735e-113,2.6649438210974774e-112
PDCD2L,415.7673,-0.5221505734845863,0.015660333506512136,-33.34223841832341,9.438692329558619e-244,8.750561800431873e-243
PDCD2,1620.8574,-0.25113365055559933,0.010095267684209404,-24.876373605071617,1.3408067131522287e-136,5.615610753562276e-136
PDCD4,6276.251,0.12258214882363103,0.02153826952797402,5.691364789748809,1.2602793287390863e-08,1.6595321682814217e-08
PDCD5,2013.9417,-0.4696601844156213,0.01448404603547997,-32.426035050230205,1.1793872532917911e-230,9.9425031427609e-230
PDCD6IP,6974.427,0.045470903846071956,0.010788188753691204,4.21487840862202,2.499127961187121e-05,3.0868013202577564e-05
PDCD6,4436.762,-0.3580912627341816,0.0114934727748309,-31.156054375345235,4.1993728896591714e-213,3.115708187338596e-212
PDCD7,1094.8851,0.05901298451231703,0.008844903452955452,6.671976107619164,2.523816652916832e-11,3.481898979246038e-11
PDCL2,4.393928,-0.6130872926828265,0.11862596351843072,-5.168238676413972,2.3631040908427274e-07,3.0468927286552936e-07
PDCL3,983.66595,-0.2940147038809507,0.010771842638804815,-27.29474554537059,4.8967155811086665e-164,2.510506988561857e-163
PDCL,1010.2552,0.17859858386390925,0.0096917597788319,18.427879759668873,7.84998318044262e-76,2.0715205129051367e-75
PDC,2.0311172,-0.3339882040725919,0.05173365053223831,-6.455917968991266,1.0756486559954332e-10,1.4692472987192905e-10
PDDC1,2812.8838,-0.05256798847595767,0.013932177414027398,-3.7731351614163633,0.0001612088950165725,0.00019526724736092336
PDE10A,438.81335,0.8757253600974215,0.03564377490825223,24.56881635998307,2.722442599899669e-133,1.115439905239633e-132
PDE11A,160.99265,0.8017342110750768,0.043660322974648294,18.362993135451838,2.5988027223025214e-75,6.826090133319189e-75
PDE12,1255.5103,0.06691751895755675,0.011545634065245775,5.795915458553229,6.794948916160654e-09,8.997032061922135e-09
PDE1A,469.70462,1.7401088314549211,0.039554683958508315,43.99248476565363,0.0,0.0
PDE1B,342.79684,1.1457171945486537,0.031177942306584296,36.747684734367354,1.265959116243353e-295,1.6856547840155933e-294
PDE1C,98.19889,1.9830820444119612,0.045031345305890445,44.037814791923594,0.0,0.0
PDE2A,813.9637,1.4372148253853134,0.03531494252731524,40.69707388801959,0.0,0.0
PDE3A,296.3772,1.1707854674986486,0.03714739385296098,31.51729760997289,5.033894269447057e-218,3.861531779641019e-217
PDE3B,803.97723,0.12021154011836753,0.03527540462945801,3.407800459870005,0.0006548876533227177,0.0007792435846871543
PDE4A,1139.668,0.3496878239765829,0.0209111666588785,16.722540147137693,8.980835665561286e-63,2.131012043300259e-62
PDE4B,1536.3046,1.2192220474069957,0.02938931845791342,41.4852099803868,0.0,0.0
PDE4C,172.71324,0.010959987376503626,0.04011585381527867,0.27320837858695574,0.7846930397275723,0.795239464175103
PDE4DIP,4563.9897,0.731931395832519,0.02011562248580757,36.38621655128633,7.03265449314614e-290,8.993581207660947e-289
PDE4D,1248.5476,0.6749281995664128,0.026550042615673546,25.42098366230026,1.4784144672925946e-142,6.4327933617460845e-142
PDE5A,1678.9658,1.4776060603279397,0.03338170213429604,44.26395198134195,0.0,0.0
PDE6A,22.236233,-1.0425375542096127,0.04221695608115801,-24.694758954327146,1.2175334375567506e-134,5.032026645395429e-134
PDE6B,259.1613,0.3005454874835188,0.03486531618144159,8.620185341772284,6.684582697130822e-18,1.0195641229464071e-17
PDE6C,0.9607465,-0.506197937900572,0.0637836364008211,-7.936172448989684,2.085160431360357e-15,3.0730983945320336e-15
PDE6D,873.5433,0.07022913387542126,0.011590444179629837,6.059227134612209,1.3677713943255046e-09,1.8350219319323194e-09
PDE6G,73.16571,-0.7007799507102915,0.03714570944083037,-18.86570377196775,2.1834489976366012e-79,5.9230963548146e-79
PDE6H,1.1926807,-0.5874322905225553,0.08364970174501979,-7.022527017647483,2.1789085214081245e-12,3.063986640927477e-12
PDE7A,1603.3629,-0.35313596772496214,0.020390889266336504,-17.318321094899837,3.421966243826583e-67,8.412970747260646e-67
PDE7B,337.37543,1.4823180036351185,0.028391607291061757,52.20972481194405,0.0,0.0
PDE8A,1475.5054,0.3113238516722843,0.01591253305093594,19.564694739406868,3.092497871953812e-85,8.759065689358328e-85
PDE8B,751.3548,2.026649162998991,0.045523687566979415,44.518563220898216,0.0,0.0
PDE9A,1041.7139,0.19689676755013388,0.03444033070335832,5.717040560558097,1.0839525076674389e-08,1.4291942946442193e-08
PDF,497.9254,-0.5296288875806702,0.01788560579346962,-29.61201838486499,1.0464595394668458e-192,6.5614012208209155e-192
PDGFA,1439.5547,0.24187054870778618,0.025231350810329654,9.586111759373777,9.14671803748909e-22,1.4607627276846593e-21
PDGFB,1309.2128,0.6609220488426277,0.021999947179290224,30.041983440068915,2.7786681966322877e-198,1.8225162955939673e-197
PDGFC,1377.6166,0.8078457136593489,0.023946104986019918,33.73599648589952,1.715535402719379e-249,1.6615882618441406e-248
PDGFD,1006.3486,1.13956441623405,0.032824568584551995,34.716813209552896,4.393215414595643e-264,4.6975563353861706e-263
PDGFRA,3102.9175,1.846158002811353,0.03637518383081388,50.75322811832634,0.0,0.0
PDGFRB,6059.228,0.9861561998866132,0.024868632260088376,39.6546215156872,0.0,0.0
PDGFRL,597.1632,0.9786904941613384,0.03906630243044269,25.052038029549653,1.6588167029442347e-138,7.027018155480997e-138
PDHA1,4070.4224,-0.17525208658298738,0.014127294977020219,-12.40521181642037,2.448643644250296e-35,4.5506103106610473e-35
PDHA2,0.17916773,-0.4461856592787989,0.15271587522392954,-2.921671755634771,0.0034815825176064802,0.0040399850940980525
PDHB,2781.815,0.055764470828538436,0.011292122828910834,4.938351421910376,7.878577102117931e-07,1.0055162438692262e-06
PDHX,1408.8435,-0.011010176791036613,0.011617994787349982,-0.9476830548267091,0.3432908299785504,0.36065111757744506
PDIA2,158.72858,-0.3449569394114558,0.06033543021725864,-5.717319627444748,1.0821744677426721e-08,1.42694235678582e-08
PDIA3P,7523.0957,-0.2784049297785796,0.014705707604592402,-18.931760188924017,6.244070706760929e-80,1.699733059485837e-79
PDIA3,25427.746,-0.24964023770282684,0.01442628180165883,-17.304544659187343,4.3470424989205486e-67,1.0679550891217986e-66
PDIA4,14413.549,-0.30051132827841043,0.017534057418002666,-17.13872158134191,7.631007032997526e-66,1.8495199069618646e-65
PDIA5,1729.1803,-0.026666901924931073,0.021934992365568538,-1.215724240086367,0.22408998697918503,0.23882364261682604
PDIA6,16106.496,-0.16175795700929696,0.01366974757627695,-11.833280468910669,2.6267151599141914e-32,4.7270656714128017e-32
PDIK1L,756.1312,0.09891081221031474,0.014418275837692224,6.86009987073089,6.881242337432819e-12,9.601481238283515e-12
PDILT,1.3314835,-0.4530248318629098,0.1450518454419764,-3.123192472888107,0.0017890071339210058,0.0020980642995102397
PDK1,1187.7172,-0.09466052458814321,0.02165625836100965,-4.371047066864138,1.2365213211204528e-05,1.538773690506803e-05
PDK2,2538.494,0.40437333784498175,0.01784133663634703,22.66496877936698,9.931848188906043e-114,3.5098506731112327e-113
PDK3,465.7306,-0.11548401309464677,0.020024604400235436,-5.7671058457109385,8.064440754574976e-09,1.066337269093927e-08
PDK4,6195.5684,1.9082115538589046,0.04191318968729502,45.52771020520381,0.0,0.0
PDLIM1,8599.625,-0.39145345727326125,0.025654096043576678,-15.258906671602414,1.4363482659281386e-52,3.1119095824232174e-52
PDLIM2,1335.9584,0.207491708939598,0.019867133127730616,10.443968317199241,1.5614385859344628e-25,2.6155445261674946e-25
PDLIM3,1999.5856,1.390221253982916,0.034765050706992054,39.98904721008533,0.0,0.0
PDLIM4,1423.8099,0.12986932471294815,0.03639547536456784,3.56828213980082,0.00035932945540163294,0.0004311148790454267
PDLIM5,8180.44,0.3508114766349835,0.026906316524199402,13.038257255297859,7.413219739886764e-39,1.4259801651960942e-38
PDLIM7,3123.6,0.37120522402928624,0.022976794894515342,16.155657293955063,1.0360828775390393e-58,2.3698024158877995e-58
PDP1,1987.9075,0.01511888851762774,0.019468704009621276,0.7765739573705629,0.43741017127416615,0.45492892347232433
PDP2,334.63913,0.47992308480730966,0.018279834779393152,26.254235369147136,6.394463228582215e-152,2.995510282344807e-151
PDPK1,2924.9592,0.22275950405188089,0.013693846202306249,16.26712471871963,1.6890490614563238e-59,3.887333240129923e-59
PDPN,1909.8551,0.14833989515317988,0.04318014815025944,3.435372538254912,0.0005917397546243133,0.0007049698440164079
PDPR,1978.5385,0.45439961239512416,0.020076876218980244,22.6329837091661,2.0523743450724468e-113,7.242899859824917e-113
PDRG1,1217.1508,-0.3666118550807977,0.013617385065614784,-26.922338856857923,1.2029084684986207e-159,5.962993306589583e-159
PDS5A,5506.1133,0.031649959718291716,0.010768131887355219,2.939224746630153,0.0032903438500619295,0.003821995232693035
PDS5B,1795.6582,0.335754904164065,0.013312910070154253,25.220248795699607,2.402317191680813e-140,1.030309157476926e-139
PDSS1,308.9097,-0.6607205119351174,0.0193781587175678,-34.09614512735532,8.413254828828252e-255,8.471090754703976e-254
PDSS2,960.2336,0.09433994685853088,0.014030872664600309,6.723740505218126,1.7711774915864083e-11,2.4503535302533084e-11
PDX1,134.89864,-1.5457423124753062,0.1018089774118761,-15.182770240603498,4.599392051512292e-52,9.918337334682634e-52
PDXDC1,7062.1875,-0.07660185589330257,0.014903755474615206,-5.139768699491516,2.7507686967588605e-07,3.542021371027363e-07
PDXDC2,640.62274,-0.5509166703091832,0.021213664942501476,-25.969895904475433,1.0839811172405517e-148,4.9592745091911e-148
PDXK,7251.0986,-0.18201422427495476,0.014903721682461683,-12.212669301866017,2.6601601612578404e-34,4.892781707746713e-34
PDXP,1164.0935,0.1484784643125005,0.023746407163174596,6.252670700549498,4.0349233486276916e-10,5.462265074453831e-10
PDYN,30.417807,3.251666496315816,0.1085488700089141,29.95578393445079,3.6992965204069735e-197,2.403893324575984e-196
PDZD11,1856.1261,-0.15451123220423524,0.011090624408968373,-13.931698208018888,4.0657210773097406e-44,8.208450556619299e-44
PDZD2,1193.5769,1.3049116362850262,0.031877335804053365,40.93540452395962,0.0,0.0
PDZD3,101.21846,-0.5124918069746883,0.06863921109880193,-7.466458293598215,8.238206807445504e-14,1.1842240513505827e-13
PDZD4,1071.9794,1.8692100289054763,0.046480950691551504,40.214539528453074,0.0,0.0
PDZD7,48.62072,0.03431680874392231,0.03334175446226636,1.0292442403641189,0.3033649180401492,0.3199278097062625
PDZD8,1341.8695,0.04113372426554575,0.021881195378571774,1.8798664128664537,0.060126286416055066,0.06643390128863916
PDZD9,2.4518468,0.6551582042611541,0.017318901910055737,37.82908452647075,0.0,0.0
PDZK1IP1,4634.528,-0.38203778181655235,0.05337125140610846,-7.158119244939182,8.17913962547758e-13,1.1577494516797474e-12
PDZK1P1,156.16438,0.7654210090169961,0.046505893111143094,16.458581005803683,7.278682241751727e-61,1.6949181260416722e-60
PDZK1,1437.4708,0.8655132749177155,0.059767385882261,14.48136407743743,1.5891189138733122e-47,3.2986207144725494e-47
PDZRN3,1167.7828,1.0163782640559231,0.03328840373856245,30.532502310362066,9.654676877243508e-205,6.687974363518223e-204
PDZRN4,145.93384,2.108726643995067,0.05174159201998577,40.754962529574804,0.0,0.0
PEA15,16233.318,1.351739919665583,0.022427138955101088,60.27250833785588,0.0,0.0
PEAR1,421.43262,1.1271725013811673,0.025813487930877805,43.6660285661302,0.0,0.0
PEBP1,22295.691,0.2091396227422243,0.022426779744945773,9.325441508799639,1.1052247558138564e-20,1.7453669565322913e-20
PEBP4,275.26984,0.7869814951634586,0.06878861859056483,11.440577108367783,2.6213599345697443e-30,4.626236729187364e-30
PECAM1,2701.3782,0.7966496715881234,0.02423630269502621,32.870099107633784,5.880731725311724e-237,5.182935809334259e-236
PECI,2707.713,0.2546618780526267,0.02314139460033536,11.004603760956403,3.6310865553223775e-28,6.2436901334297535e-28
PECR,848.31445,0.46821051305614875,0.030840646730119634,15.18160488505205,4.681847910511525e-52,1.0095079602849412e-51
PEF1,3910.3884,-0.016110739856367236,0.010382747452191863,-1.5516836878244742,0.12073792766288186,0.13120381474719037
PEG10,4820.793,0.7299140668478912,0.04556173860825963,16.020329538424797,9.216055911557361e-58,2.0903485105102085e-57
PEG3AS,1.2658283,1.6199905310855114,0.10151712063314128,15.957806141288932,2.5141462808019308e-57,5.681596640120603e-57
PEG3,1209.7186,0.8522842880905056,0.04982707968627631,17.104841252120323,1.3657337484082155e-65,3.3042154942178084e-65
PELI1,2012.3436,0.09591321878604371,0.019615959445773986,4.889550218085663,1.0106663814727107e-06,1.2875387560479894e-06
PELI2,684.9294,0.5207164939214247,0.02605025873160923,19.988918316945174,6.877043558245938e-89,2.0035736949388817e-88
PELI3,643.04663,0.15083735099950799,0.017322492736144914,8.707600764916037,3.103742693349132e-18,4.754992662645419e-18
PELO,1239.7478,0.13163957438209653,0.012868441433244608,10.229643975533511,1.4605532714968482e-24,2.419676463048607e-24
PELP1,3802.3862,-0.22507802353261014,0.012458421299291566,-18.06633586435297,5.868409649562005e-73,1.507570372939216e-72
PEMT,1131.4116,-0.1407349188107107,0.020358591416763775,-6.912802360915109,4.751717628948123e-12,6.645615113536775e-12
PENK,985.882,-1.5182952911080017,0.08264178632843011,-18.3720047516166,2.2012871009520475e-75,5.7871906105737e-75
PEPD,3875.1345,0.22790583913062695,0.017998110460563384,12.662764773557953,9.509043519766763e-37,1.792542750175292e-36
PER1,4086.2332,0.7428988073266007,0.024658188530678703,30.127874413901758,2.091087610876742e-199,1.3853710598711224e-198
PER2,1438.9534,0.2247193814162138,0.018333684103193467,12.257186288983286,1.5374616131707637e-34,2.8342250074740656e-34
PER3,1635.5743,0.7027766328365743,0.023145472353772314,30.36346038200572,1.6689798625418625e-202,1.1379357341423233e-201
PER4,0.110053256,-0.17638708821671084,0.21990015530000853,-0.8021235272711241,0.422481506734413,0.4400542819812705
PERP,21873.652,-1.5459562505639222,0.0366037268277779,-42.234941207973506,0.0,0.0
PES1,4189.8477,-0.348706626059735,0.013070882320331368,-26.678124514772215,8.445724784745471e-157,4.0871526240226537e-156
PET112L,1010.7075,0.04539041848740693,0.014268778847373481,3.1811004272283716,0.0014671675968971677,0.0017253965518270239
PEX10,1376.6614,0.02553254974185716,0.016731912940937278,1.5259791173899628,0.1270150652474417,0.1377897220318999
PEX11A,345.39725,0.2932449346857773,0.02118698297183129,13.84080664413876,1.4457503855039745e-43,2.9030508036764392e-43
PEX11B,1772.0437,-0.013383730396668042,0.01026271047319885,-1.3041126349242496,0.19219518154417936,0.20592051894842373
PEX11G,222.46423,-0.34060265993793526,0.022264738805113905,-15.297851141182194,7.902293937279025e-53,1.7166325466182636e-52
PEX12,512.2721,0.610843289589126,0.014578119369452405,41.90137795613832,0.0,0.0
PEX13,1822.8907,-0.11801519070397103,0.012680744251441653,-9.306645443192663,1.3193342558879997e-20,2.0809053389854188e-20
PEX14,1177.1993,-0.17388679859926492,0.011527547255853629,-15.084457668214382,2.0495174054899558e-51,4.396851934496313e-51
PEX16,1298.6691,-0.4288017851275357,0.01398815642920194,-30.654631816410127,2.2925547061300242e-206,1.6100076323594742e-205
PEX19,4282.5483,0.3180586390479872,0.012849256544094719,24.7530771882799,2.872566182619246e-135,1.1918193379242965e-134
PEX1,1100.7896,0.12277425106663419,0.014168246341438094,8.665451468581146,4.4972725057306056e-18,6.870776748024118e-18
PEX26,1062.0804,0.1275270426296072,0.013909750612180074,9.168176064777045,4.8108978369058785e-20,7.530760346114621e-20
PEX2,2115.1375,0.08645047030747563,0.011665037912053092,7.411074953999872,1.2527974848400677e-13,1.795670514915442e-13
PEX3,726.16986,0.20602081763500069,0.013156039400379313,15.659790257929808,2.8483501787530026e-55,6.317633869618954e-55
PEX5L,53.95631,1.9763224798019947,0.058511210017761606,33.77681779614648,4.319425324679841e-250,4.199578805403862e-249
PEX5,2535.9148,0.16113954612199283,0.013336153555147305,12.082910222625504,1.3003441430217001e-33,2.372195914675519e-33
PEX6,2054.9233,-0.15628959825641722,0.01741423979435921,-8.974816018500118,2.838257345014576e-19,4.405617664467196e-19
PEX7,424.06558,-0.029615407117006103,0.015047619079653298,-1.9681124940922183,0.049055095596151996,0.054425759740711635
PF4V1,14.667376,-0.46982889642537123,0.0686371079582969,-6.8451149881028455,7.641446695297283e-12,1.0654171570302519e-11
PF4,14.449258,-1.411169711592514,0.06843311638978994,-20.62115224381418,1.772856540972621e-94,5.372668400961832e-94
PFAS,1405.1187,-0.02282008603884898,0.015303406470446791,-1.4911768881600342,0.13591505988690308,0.14717023211559727
PFDN1,2707.668,0.0644207744629168,0.009239702250083257,6.972169959517508,3.12089186261949e-12,4.378625692996361e-12
PFDN2,2435.4792,-0.5582938132526867,0.015514134549087925,-35.986139702875576,1.3781748299899008e-283,1.6831590500158603e-282
PFDN4,860.088,-0.28456031310679114,0.01518816942593589,-18.735655701921868,2.534994298923733e-78,6.817694706973354e-78
PFDN5,10993.842,-0.1380619904918276,0.014860264464705416,-9.29068192694271,1.5330294186994508e-20,2.415333999017344e-20
PFDN6,1542.3857,-0.5641559627569572,0.016126888031974276,-34.98232031117366,4.178649481873984e-268,4.611009474334549e-267
PFKFB1,53.89598,0.43702026839422703,0.05329535465439718,8.199969232368552,2.4044856390308763e-16,3.5928750917452926e-16
PFKFB2,1979.7214,0.19639096254390864,0.024217646371285248,8.109415734832453,5.086373913052049e-16,7.565827902084216e-16
PFKFB3,5178.3438,0.8313404154765016,0.02471901282187127,33.63161876516911,5.7896538592622425e-248,5.536475477722875e-247
PFKFB4,726.9177,-0.19912294676261919,0.023689476902985434,-8.40554426668345,4.2588187731037365e-17,6.42213846393741e-17
PFKL,10086.895,-0.2295572419899119,0.013632328019725472,-16.8391812211202,1.259674016343442e-63,3.005825515557447e-63
PFKM,3356.4922,0.505104406220796,0.022526531587266196,22.422644350021535,2.366977020216979e-111,8.234669370231968e-111
PFKP,6520.355,0.1863787481760769,0.024798192606978176,7.515819847436389,5.6555387570088803e-14,8.151583260456198e-14
PFN1,29194.787,-0.46063223779233425,0.013922637546331369,-33.085127459467,4.863732387761598e-240,4.391163090130305e-239
PFN2,6104.1675,0.48583971143090954,0.02742171121287227,17.717337465170562,3.081564265053545e-70,7.756870285883424e-70
PFN3,0.3763466,-0.4623789300071009,0.11982033259336826,-3.858935457776324,0.0001138820059586866,0.00013842759324812827
PFN4,15.336941,-0.06075412440658205,0.02544037664900957,-2.3880984642948397,0.016935803661730062,0.019161722060084603
PGA3,386.94476,-1.338505887384739,0.08208960810264639,-16.305424259195465,9.030969350899672e-60,2.0834164874217157e-59
PGA4,719.06506,-1.38457797568428,0.15436514747054308,-8.969498610095869,2.9786722544649505e-19,4.622516078104423e-19
PGA5,43.549625,-0.6836778874430316,0.0952808309411591,-7.175398038512473,7.209711341019164e-13,1.0213799540171814e-12
PGAM1,10173.163,-0.19431967494046762,0.014776673213214471,-13.150434616547626,1.6919909491225034e-39,3.272897266810931e-39
PGAM2,268.26028,0.2892248217293702,0.03864823815956356,7.483518926148023,7.235847682732443e-14,1.0410927418568891e-13
PGAM4,331.93198,-1.2962040713076772,0.030258179127951923,-42.838138601349904,0.0,0.0
PGAM5,1233.9758,-0.5317140317749423,0.014840833658825277,-35.82777382985842,4.081359115159647e-281,4.893544771821864e-280
PGAP1,1073.6802,0.527648474000703,0.02411925148284103,21.876652116508836,4.3352356139490805e-106,1.4461914118366269e-105
PGAP2,1250.6797,-0.37552883804381854,0.012063106536656,-31.13035907481245,9.355764104395983e-213,6.926327323687193e-212
PGAP3,2733.8926,-0.3585941023386933,0.02307660110518037,-15.539294573939403,1.880418784662441e-54,4.1427817375763057e-54
PGBD1,268.25882,0.49208636095691527,0.01892219998143943,26.00576896130456,4.261351081562187e-149,1.9548636022876196e-148
PGBD2,324.25177,-0.18388848812293146,0.01320302293551945,-13.927756470696208,4.296404752890221e-44,8.671607451580452e-44
PGBD3,202.40587,0.11103579949975131,0.012504617064022961,8.879584151298198,6.711077841341603e-19,1.0361024779849376e-18
PGBD4,80.39048,0.1333844793785232,0.016638233403725968,8.01674529632774,1.0858395898343112e-15,1.6075195033040096e-15
PGBD5,671.8936,0.1851995376137884,0.03604031825131182,5.138676532276388,2.7668019518185795e-07,3.5624412431744534e-07
PGCP,2036.0658,0.7798406426283985,0.026063147582085694,29.921199662178026,1.0430103977223801e-196,6.762626970455393e-196
PGC,4619.86,-0.8437478679866511,0.1061742252214189,-7.946823875823669,1.9135416284629905e-15,2.822006085757191e-15
PGD,7768.9316,-0.6971633828735306,0.019484783699741333,-35.7798882254354,2.269747089748037e-280,2.708662426739759e-279
PGF,1409.3688,0.6278163324095842,0.03603936113272892,17.4202958287026,5.7877122865793e-68,1.431564019468691e-67
PGGT1B,777.23303,0.11495065821261873,0.011179702930985138,10.282085214807175,8.487120350969256e-25,1.4097192071908548e-24
PGK1,23506.209,-0.12259174560996519,0.017281198334088373,-7.093937772136113,1.3034876031887879e-12,1.8398297360871142e-12
PGK2,0.77106404,-1.0393566765083009,0.0834115559168168,-12.46058372948722,1.2247087959420706e-35,2.2835283795754752e-35
PGLS,2869.0134,-0.5559538134843091,0.015294649587285453,-36.349562002811574,2.6698814241216765e-289,3.397257244605826e-288
PGLYRP1,3.40566,-0.643171672518942,0.057337413956809025,-11.217312189967771,3.3530699595270705e-29,5.832135950962121e-29
PGLYRP2,279.93182,-0.238047661781102,0.09101695876386559,-2.6154209612594608,0.008911754440704783,0.010196381289103556
PGLYRP3,74.571686,-3.578971180312214,0.11275005116798356,-31.742523779257464,4.02674765154938e-221,3.1603914972202708e-220
PGLYRP4,70.78265,-2.9474835662157117,0.08300124030149951,-35.51131953581737,3.2875539197610543e-276,3.818100984165163e-275
PGM1,4105.453,0.3430382836464557,0.018968709354550816,18.08442932171117,4.227211434194228e-73,1.0874626938180476e-72
PGM2L1,1225.8285,0.5611884621656651,0.02389128839519784,23.489250679275386,5.252972280592276e-122,1.9771725394819405e-121
PGM2,1743.218,-0.32278549989302774,0.01784661993611372,-18.086646157564644,4.060588991918705e-73,1.0448626300110328e-72
PGM3,1058.723,0.18174660767022904,0.016731805173990862,10.86234305146878,1.742207632065836e-27,2.9778864227376677e-27
PGM5P2,16.274656,1.341160241294204,0.04025086536557425,33.320034963553134,1.9797363768162424e-243,1.8287410569692323e-242
PGM5,1221.2156,2.0317314752744258,0.04098330848867118,49.574608546697675,0.0,0.0
PGPEP1L,4.185199,0.44217629227819805,0.06385305930598081,6.92490378823214,4.362719235372924e-12,6.10408912878547e-12
PGPEP1,2259.7148,0.23414505186984164,0.019559326372441108,11.971018194151595,5.040621896180603e-33,9.136575960144312e-33
PGP,1169.1833,-0.5337873806600171,0.014884150033848572,-35.86280569909013,1.1615168190905408e-281,1.4009076374327205e-280
PGRMC1,8047.549,0.1686428218898571,0.018365419421909123,9.182628396097165,4.2069504622254534e-20,6.589928788216358e-20
PGRMC2,3565.316,0.18267841392208956,0.013108517054117292,13.935856601316436,3.8357061303994034e-44,7.74944339672536e-44
PGR,1239.0526,0.03838233089774726,0.05713954941950917,0.6717296738892795,0.5017558067857555,0.5188828399629805
PGS1,1293.4067,-0.07972667312459841,0.011193310850566589,-7.122706962128436,1.0582766852471456e-12,1.4954851832405524e-12
PHACTR1,175.83871,0.6739123408977856,0.036373282494829955,18.52767456425123,1.2351045187956095e-76,3.2805600649914955e-76
PHACTR2,1564.7979,0.4730153699572386,0.020101697373223867,23.53111586424094,1.9596415104222468e-122,7.408791366887005e-122
PHACTR3,305.69263,1.9723510071707664,0.05696048942440093,34.62665133501897,1.0035620540326314e-262,1.0602760694369665e-261
PHACTR4,2605.6514,-0.0006771945791888758,0.011990640002793132,-0.05647693359413077,0.9549618705156225,0.956606412213519
PHAX,926.10803,0.34790172376628403,0.010139880188141328,34.31024009269438,5.521135214225556e-258,5.6770096882029345e-257
PHB2,8836.401,-0.31078548358755365,0.012573207074702867,-24.71807564617703,6.837345219418625e-135,2.8292990106126786e-134
PHB,7979.4585,-0.3905862372561545,0.013403924097887794,-29.13969330203112,1.1285093022251134e-186,6.791404340526481e-186
PHC1,1574.1136,0.24787423286472984,0.024248881840640155,10.22208918719306,1.5790049467572481e-24,2.6146369834103954e-24
PHC2,6654.1704,0.29416334537706923,0.012847625755373368,22.896319598509386,5.0555121800659887e-116,1.8158993026457916e-115
PHC3,2837.9192,0.180811502478186,0.01515706059489158,11.929193087683855,8.337775913791793e-33,1.5083417436368144e-32
PHEX,63.3188,1.0372603312131126,0.0476693232122718,21.759493555093826,5.616520662258217e-105,1.854772816916708e-104
PHF10,2856.1653,0.3275229473663671,0.012566631205346108,26.062907553699198,9.606285317650283e-150,4.433787412877853e-149
PHF11,1091.7421,-0.14823233832545205,0.014469977428701859,-10.244130583882354,1.2575032468603031e-24,2.08498319104397e-24
PHF12,2653.4023,0.03211745993828751,0.012295074701887556,2.6122216185768106,0.00899559198442206,0.010291147292135802
PHF13,1397.0244,0.0549818620613789,0.012542871733531842,4.3835146551320925,1.167797890407589e-05,1.4539626498781866e-05
PHF14,1975.9989,-0.04509334900769677,0.011983413262345094,-3.7629803813402183,0.0001679003777744988,0.0002032998567331403
PHF15,2868.1777,0.005140600677296029,0.018574223766364185,0.27675991965839636,0.7819644588899787,0.7927504441062183
PHF16,850.91833,0.23695960533442403,0.016430248181948496,14.422156178673285,3.754280608751137e-47,7.769990740425374e-47
PHF17,2289.5144,0.5601007206768862,0.019585620052057467,28.597548568192895,7.207291945312768e-180,4.118250258619777e-179
PHF19,1603.8907,0.11324466725203111,0.018857619878273123,6.005247108756624,1.9104071817550197e-09,2.5561238047680366e-09
PHF1,2755.9504,0.2361019112733387,0.015121751004401225,15.613397628662225,5.900905357021861e-55,1.305831871343566e-54
PHF20L1,2169.9583,0.11824374501137716,0.012893897037649489,9.170520337343454,4.7074123415028247e-20,7.36990217322793e-20
PHF20,2294.339,0.2604828977813463,0.010992393277914753,23.696650146669395,3.904147355336738e-124,1.497165869416098e-123
PHF21A,1883.9926,0.28657141243012607,0.01300549898547941,22.034634176672647,1.3412437093273938e-107,4.527670482207994e-107
PHF21B,110.55539,1.3423796447506484,0.06190637853143864,21.68402798863338,2.903253149105137e-104,9.524223471258698e-104
PHF23,1938.0741,-0.062481772824244955,0.010704687162177175,-5.836861169097172,5.3193382495499275e-09,7.0601999753952e-09
PHF2,2557.6099,0.37833032125808536,0.012228136227675235,30.939328301056392,3.5359790753268016e-210,2.554613129686954e-209
PHF3,3651.616,0.37036302697455964,0.012851442055257241,28.81879133735442,1.2474486556784345e-182,7.300030807978513e-182
PHF5A,1183.3424,-0.33064522425378023,0.012000718968090027,-27.552117930014656,4.1742117928209096e-167,2.1846472465306145e-166
PHF6,1584.2913,0.09709012686144475,0.013686669021452595,7.093773270126201,1.305038765070166e-12,1.8418914535919243e-12
PHF7,143.57387,-0.1837617845185207,0.018321377420016594,-10.029910978077229,1.1261809377686871e-23,1.8414519084437156e-23
PHF8,2329.7908,-0.09806740328757968,0.014026714046330432,-6.991473766675622,2.7201349495613617e-12,3.820047419336398e-12
PHGDH,4836.116,0.2664568202748614,0.030762293236761933,8.661799633209299,4.643740584465184e-18,7.094013248227409e-18
PHGR1,627.913,-3.8886063674801514,0.12496304276036457,-31.11805123805395,1.3728293219909446e-212,1.0144984452418744e-211
PHIP,2924.4146,0.05476402769483771,0.016159815195949945,3.388901855051099,0.0007017312211515497,0.0008340073515133917
PHKA1,950.2273,0.13950504778780734,0.024464861409181533,5.702261928017783,1.1822797051991421e-08,1.558031750802598e-08
PHKA2,1759.6545,0.1211302143193316,0.01822772909513642,6.645381533108913,3.0243262966755973e-11,4.16676315043774e-11
PHKB,3548.6724,0.18851375198947415,0.013484274108581364,13.980266974067545,2.0571488478344508e-44,4.1656548033679715e-44
PHKG1,116.96444,2.985601365711286,0.04455430007420924,67.01039766618474,0.0,0.0
PHKG2,1433.954,-0.46075749267160226,0.011415358771696613,-40.36294451068943,0.0,0.0
PHLDA1,6852.287,0.4813459217464242,0.028619343924753838,16.818901335124313,1.7741841768899637e-63,4.2295802877403716e-63
PHLDA2,906.55536,-1.0801336520739988,0.03573592925198483,-30.22542507451395,1.0977819099950921e-200,7.371286908176148e-200
PHLDA3,3139.881,-0.49030332679874256,0.024801539462233905,-19.76906826873965,5.498198756862822e-87,1.5794811413993252e-86
PHLDB1,4026.6782,0.8332509874001822,0.02047301140969447,40.69997181780583,0.0,0.0
PHLDB2,2029.0143,0.6539568824152195,0.03141036397025662,20.819780472282016,2.8649495896112607e-96,8.820128337350017e-96
PHLDB3,611.815,-0.6933000570619208,0.021469944202828776,-32.2916562107588,9.16048328447908e-229,7.605965709164339e-228
PHLPP1,1827.4519,0.7811346475291281,0.023893926961690317,32.69176509920447,2.044822626017802e-234,1.7707589894979341e-233
PHLPP2,659.4981,0.5368618456070935,0.01806879729617222,29.712096317601883,5.3585804061047407e-194,3.397550248766316e-193
PHOSPHO1,41.656223,-0.046426896460952424,0.0357967057785464,-1.2969600261032088,0.19464494117017705,0.2084684284961668
PHOSPHO2,130.80458,0.06674780878689897,0.019653960958873007,3.396150471987424,0.0006834077881631415,0.000812609459129389
PHOX2A,113.001945,-2.2549337864479693,0.11752644598683462,-19.18660746961214,4.78900378555111e-82,1.3248991448571145e-81
PHOX2B,72.08637,-4.114608250647419,0.17992961538141178,-22.867876652352873,9.704131981855935e-116,3.480120187046063e-115
PHPT1,3499.0186,-0.34009299272362575,0.01778921223226461,-19.11793441346397,1.7905962166267837e-81,4.938998560398955e-81
PHRF1,2769.0537,-0.18915437479381447,0.010198609319887522,-18.54707527868129,8.611183835408966e-77,2.2896054813254686e-76
PHTF1,630.9245,0.046197817839895815,0.014660673366008571,3.1511388792691832,0.0016263513839138062,0.0019099496899573822
PHTF2,1292.3445,0.10466888323837072,0.01687142312271759,6.203915489347944,5.50753691439553e-10,7.440474057078872e-10
PHYHD1,812.3327,0.13647065544854414,0.03680986161051808,3.7074482075626416,0.00020935821614861323,0.0002527619001701724
PHYHIPL,1304.0099,2.1901127175418194,0.059113894159195754,37.04903472682362,1.8613088944659362e-300,2.5919553886752387e-299
PHYHIP,595.34894,1.387382727868306,0.048091296380902024,28.84893592552981,5.225014538822387e-183,3.0647096224685964e-182
PHYH,2464.8167,0.24790870816067948,0.029112223576307206,8.515622570391303,1.656976805212787e-17,2.512990969705537e-17
PI15,972.4485,0.7667252269419558,0.052864288076125726,14.503651800585205,1.1487232908780576e-47,2.387144787076286e-47
PI16,483.66382,2.5189636523406924,0.05592360396214288,45.04294204725948,0.0,0.0
PI3,6863.2476,-3.6764860153862586,0.07239240094350824,-50.78552399795694,0.0,0.0
PI4K2A,2236.4424,0.023452402645039984,0.01318818286900428,1.7782891606818205,0.07535637566962158,0.08279441188655293
PI4K2B,1400.3275,-0.20749850770833964,0.017109369752625135,-12.127770380115996,7.527098859543084e-34,1.3779714565366212e-33
PI4KAP1,802.551,-0.245872291620723,0.02151904664362867,-11.425798535248797,3.107855650790663e-30,5.480065234232384e-30
PI4KAP2,462.5972,-0.3795465034312621,0.02383920664689868,-15.921104634605724,4.523201784836125e-57,1.0186710745296314e-56
PI4KA,4490.615,0.22988636218170058,0.014196485040836065,16.19318877316705,5.633208631095787e-59,1.2912237617707626e-58
PI4KB,4419.064,0.07363651728974603,0.00963283136071548,7.644327460153591,2.1004024820852664e-14,3.047252485767401e-14
PIAS1,916.6757,0.16096849126540208,0.01497155628323174,10.751620487556664,5.822949737025852e-27,9.906361970093533e-27
PIAS2,550.42194,0.26418700905400666,0.014291271376692678,18.485899685934413,2.6818816567374086e-76,7.099262599079041e-76
PIAS3,2308.0093,-0.1838999055366478,0.01657885292373225,-11.092438444483653,1.3651493685836574e-28,2.3603461566874464e-28
PIAS4,707.6686,-0.14794217449713462,0.010520660902034282,-14.062060917534984,6.496632995290675e-45,1.3209322995218503e-44
PIBF1,763.5203,0.10741569676935275,0.013999130987075555,7.67302605201154,1.6798535345137362e-14,2.4400783468297056e-14
PICALM,8072.9,0.3557634186930708,0.011969955437096155,29.721365343643843,4.067150893617004e-194,2.5827549919884153e-193
PICK1,1180.0238,-0.454695131025358,0.015265974747676504,-29.78487378243325,6.133858084822602e-195,3.919623877868906e-194
PID1,778.22473,1.3196336565562805,0.03797384433853762,34.75112092396331,1.33300031794388e-264,1.4306037676868451e-263
PIF1,221.46802,-1.0008354880973307,0.03140201567282564,-31.87169570657286,6.5895852814793724e-223,5.248723268608707e-222
PIGA,657.5472,-0.16735763849243368,0.016747525793680648,-9.992976906211592,1.635935146511089e-23,2.6700339624674733e-23
PIGB,544.9085,-0.05470362181717692,0.012096905854366452,-4.522116851676688,6.122424322737949e-06,7.669606004591552e-06
PIGC,1577.837,-0.11432263481658396,0.011475618470797267,-9.962219910631223,2.2302621243706197e-23,3.632763148256776e-23
PIGF,675.284,-0.10651325186764243,0.010638484266891488,-10.012070253196423,1.3489958067397888e-23,2.2038361121341165e-23
PIGG,1515.0541,-0.017250941031197186,0.009651549826664498,-1.7873752237736702,0.07387686332094362,0.08119515549293302
PIGH,858.72595,0.11369339512817693,0.014298247061054892,7.951561799337721,1.8417470627041917e-15,2.717110757217003e-15
PIGK,1635.4011,0.4026780723339381,0.012225115815529541,32.93858957331242,6.162945001464205e-238,5.49349375152407e-237
PIGL,169.95119,-0.3266231551167866,0.01644558455440002,-19.860841919991127,8.880932911288907e-88,2.5679152555167002e-87
PIGM,1044.0991,-0.0021723227257518215,0.01388597541117005,-0.1564400527459078,0.8756861682806387,0.8825789455458181
PIGN,1164.7512,-0.008918927881837527,0.014184973546789855,-0.6287588660224139,0.5295069332810889,0.5463878182802681
PIGO,2036.9767,-0.07413682221651163,0.012360738336079825,-5.997766492646582,2.000498999683902e-09,2.674908651948283e-09
PIGP,658.1618,-0.05614810022561976,0.014365178251093663,-3.908625374790949,9.282277238342115e-05,0.00011307238813822001
PIGQ,2637.4988,-0.21110652905035185,0.01602473860169938,-13.173789245333746,1.2420400228593273e-39,2.4045923188848463e-39
PIGR,26260.5,-1.454276801943673,0.06722871811193278,-21.631779435722212,9.023463876479354e-104,2.949248692586983e-103
PIGS,3065.9653,0.027074138028576295,0.012972188042037787,2.0870910860095155,0.03687990168772334,0.041150823109742385
PIGT,8713.842,-0.23869799600025227,0.014324525633527515,-16.663588177856553,2.4111491847507125e-62,5.690770490649172e-62
PIGU,1641.6632,-0.3891955704513836,0.01190422814677244,-32.693893770584786,1.907233513708978e-234,1.652313493855365e-233
PIGV,891.6064,0.0587306489132331,0.012663074338126712,4.637945521365494,3.5188950311662096e-06,4.427488037792031e-06
PIGW,487.65628,-0.16928271657947128,0.013129123400084007,-12.893680059278605,4.885564837686433e-38,9.319330509740288e-38
PIGX,1444.5709,-0.15124079208831942,0.014793667816580269,-10.223346499562036,1.5586514231638298e-24,2.5811439990395648e-24
PIGY,3365.5906,0.05928544789189886,0.010558452373671093,5.614975168116022,1.9659047530878792e-08,2.5800202970486776e-08
PIGZ,373.82248,-0.5915499380969499,0.02630067816658991,-22.49181311409694,4.99177735409259e-112,1.7437816601230448e-111
PIH1D1,2493.147,-0.3588762400099591,0.01166364305465185,-30.76879482065659,6.855053421317268e-208,4.861094831229476e-207
PIH1D2,75.40987,0.28985558886511453,0.024544149010046222,11.809559530724536,3.4838155506220954e-32,6.263422889006997e-32
PIK3AP1,1718.878,-0.019913674316054,0.030397966027884218,-0.6550989068738047,0.5124040758453499,0.5294374025647319
PIK3C2A,2831.1672,0.5802412279386892,0.014741600008122009,39.3608039574402,0.0,0.0
PIK3C2B,1909.6672,-0.08899929787543291,0.01944089469518828,-4.5779424903454,4.695717405813138e-06,5.8946917415803235e-06
PIK3C2G,141.46062,0.4051787072693805,0.07781112527522847,5.207207913215605,1.9170325741066475e-07,2.4756654726442903e-07
PIK3C3,1133.0272,0.27894882545944577,0.011008599508269094,25.339174637964962,1.182839678471919e-141,5.1139165457655125e-141
PIK3CA,990.52216,0.3318513463647897,0.017267187665631366,19.218610047616906,2.5860504043043978e-82,7.17196569693955e-82
PIK3CB,2260.0012,0.1627262190275732,0.01503873952002753,10.82046928273915,2.7536378855903533e-27,4.697613014306519e-27
PIK3CD,1383.6832,-0.45560719623184626,0.027820783312513028,-16.376504971624094,2.8145838971800555e-60,6.521237460189911e-60
PIK3CG,270.70514,-0.10809880197444344,0.03526140022293328,-3.0656412193222615,0.002172037782088735,0.0025405329889431547
PIK3IP1,2374.5095,0.2677538941036945,0.02029108235825972,13.195643750107898,9.29573628444512e-40,1.8023990001430303e-39
PIK3R1,4806.1924,0.8582810580739507,0.022749171591054898,37.72801372738477,0.0,0.0
PIK3R2,4939.7905,-0.19283757065270657,0.013856332982869484,-13.91692671438473,4.999431359736362e-44,1.008555519747053e-43
PIK3R3,2647.2761,0.29819432170901644,0.023671041906258235,12.597431194195925,2.1813362735089015e-36,4.095336148318676e-36
PIK3R4,1764.3967,0.17783161770094635,0.011075062952149774,16.05693967332507,5.1115637926578616e-58,1.1619732833265007e-57
PIK3R5,477.93317,0.13599387529261756,0.02793525232962692,4.868181382001992,1.1262993224509487e-06,1.4328768297056091e-06
PIK3R6,128.2839,-0.404082037721952,0.03133793742950757,-12.894340561847931,4.843888231211925e-38,9.241563161769615e-38
PIKFYVE,1805.793,0.3648253771767703,0.01686450398184298,21.632736875603122,8.838106199022541e-104,2.889129802599549e-103
PILRA,357.42743,0.0878111623814787,0.025817531555181378,3.401222235123236,0.0006708526589350044,0.0007979603460655384
PILRB,2649.701,-0.5382920853281946,0.02047705997186605,-26.28756696848902,2.6605057292886614e-152,1.2512182061119855e-151
PIM1,2917.7668,-0.3561792984713678,0.02479349792195309,-14.365834929487434,8.477880169671371e-47,1.7503413687692874e-46
PIM2,1762.6461,-0.7960670303553968,0.027312547880956058,-29.146567864159696,9.234080612670312e-187,5.56203098205192e-186
PIM3,4168.153,-0.5116956850422658,0.017341353237280633,-29.507252291142812,2.3238172457466502e-191,1.4432762448491779e-190
PIN1L,2.7933369,-0.08429976469838413,0.03825415645963151,-2.2036759531567034,0.02754714147183054,0.030899848662534323
PIN1,2069.3716,-0.07557507258102002,0.014498044777379078,-5.212776877261259,1.860346036466403e-07,2.402917456948325e-07
PIN4,796.54285,-0.2294346037637242,0.014439728816883551,-15.889121372934609,7.537667476570656e-57,1.693999030306899e-56
PINK1,4788.709,0.5434557301369878,0.017487538393118816,31.076742644970118,4.966866477333883e-212,3.6479233265526884e-211
PINX1,306.15448,-0.27335354375826254,0.01605746415755657,-17.02345657297473,5.502426899357665e-65,1.3258836459228632e-64
PION,855.8062,0.002584004946096756,0.0212148966998523,0.12180143899143972,0.9030562742872014,0.9075138303081659
PIP4K2A,2221.3347,0.36695109262495196,0.020349047698234965,18.03283859110422,1.0762202741920952e-72,2.7602379141190306e-72
PIP4K2B,4625.976,0.5344292839027585,0.013520347239919444,39.52777797931339,0.0,0.0
PIP4K2C,2861.7231,-0.05879180723307498,0.01469025171255495,-4.002096654533759,6.27836392601876e-05,7.684333964759886e-05
PIP5K1A,2938.9358,0.0667855589492703,0.012121698098624541,5.509587716662281,3.5967512730847064e-08,4.698207312250195e-08
PIP5K1B,464.49896,-0.5711359000358196,0.041113719917386396,-13.891613339378093,7.121300492914185e-44,1.4340510062832828e-43
PIP5K1C,3272.1785,0.3038704417072558,0.012743990365127246,23.844214645576727,1.1627250381766046e-125,4.5080782807536645e-125
PIP5K1P1,5.6872563,-0.46638033187556194,0.03324563312847083,-14.02831854858448,1.0460232332748056e-44,2.122382599784908e-44
PIP5KL1,56.49326,-0.36184931495100425,0.032584216785368936,-11.105048721425241,1.1855267262117775e-28,2.0508232321306466e-28
PIPOX,1300.1158,0.5474060566330788,0.055702608672280544,9.827296596711927,8.589353041526361e-23,1.3905108028978625e-22
PIPSL,501.9254,-0.355277043366482,0.016620625545576816,-21.375672196708056,2.250588920419566e-101,7.19870225150384e-101
PIP,905.01373,-0.02853978272498858,0.11542012527481257,-0.2472686860895016,0.8047002913264452,0.8144963998022853
PIRT,68.94941,1.8665080871015844,0.09162189734992571,20.371855867303733,2.9719904372245407e-92,8.869356979105017e-92
PIR,1009.7411,-0.7925826635097845,0.02968547850655069,-26.699339319556035,4.79067563255954e-157,2.3255451884425292e-156
PISD,1700.5978,-0.19030592402638516,0.012191291550662757,-15.609988755952568,6.224795945962105e-55,1.3772073534431915e-54
PISRT1,0.053511456,-0.4997872881787725,0.39319763718703993,-1.2710841594936366,0.20369871003360573,0.2178328625682414
PITPNA,4749.617,0.21177663079793219,0.010830104927494082,19.554439427479675,3.7813844710908716e-85,1.0699820215001953e-84
PITPNB,3218.2844,-0.024264767186828975,0.010988198360901974,-2.2082571127553967,0.027226355133591423,0.030545068835884048
PITPNC1,912.4567,0.19516346399503526,0.01937352147188632,10.073721717460849,7.21934037857928e-24,1.1840695300692465e-23
PITPNM1,2521.315,-0.40810169520670947,0.01875029030137582,-21.765086761177486,4.97156887668075e-105,1.642852958291566e-104
PITPNM2,979.2309,0.07283267648308211,0.023022610156662727,3.163528200646024,0.0015586925000383091,0.001831549152042014
PITPNM3,647.97797,0.10773524558370581,0.03242557951573997,3.3225387855106536,0.0008920226934926876,0.0010568986799055827
PITRM1,4015.8384,-0.18894020261203628,0.01185686599143087,-15.9350879691637,3.616913679530408e-57,8.1537753960314e-57
PITX1,1940.7677,-1.9485799561509183,0.0543036164688919,-35.883060518946685,5.613353406187713e-282,6.782330088817547e-281
PITX2,207.60318,-0.6543610204187396,0.0593131521764656,-11.032308963649688,2.669226522226809e-28,4.597917147475725e-28
PITX3,4.5094895,0.1899503629415375,0.055082052580052825,3.4484982683874295,0.0005637130843913233,0.0006720915135349586
PIWIL1,66.313446,-1.1653400305556776,0.07899055752055398,-14.752902968844687,2.9471021637979965e-49,6.215689728868063e-49
PIWIL2,47.948036,-0.3730558784608081,0.04693176169912932,-7.948899955053872,1.8817493697672328e-15,2.775924601050003e-15
PIWIL3,2.2844927,-0.19759922652673229,0.11243971347774627,-1.757379313900871,0.07885317685401973,0.08652896176203242
PIWIL4,166.8418,-0.6043854119425722,0.032529323030900274,-18.57971072341266,4.690265648310181e-77,1.250021185154431e-76
PJA1,1663.4015,0.5068590583733401,0.015804727720692913,32.07009113543389,1.1521019443205319e-225,9.356060424579861e-225
PJA2,6548.1943,0.8786779570321004,0.015748888442221703,55.7930142343522,0.0,0.0
PKD1L1,45.555386,-0.294446783276577,0.03493657803750407,-8.42803731265527,3.5151098846008965e-17,5.3069426874742046e-17
PKD1L2,64.26682,0.32232323598028834,0.046867854780830054,6.877277346863449,6.10072665828499e-12,8.519424791551142e-12
PKD1L3,4.700872,-0.5891591043335063,0.0411210478399599,-14.327434131213538,1.4746914898010505e-46,3.037252811417257e-46
PKD1,4350.0444,0.33736933998748925,0.018531861976495353,18.204826930795583,4.725446410957955e-74,1.2280490615355245e-73
PKD2L1,16.915346,-0.1838601466734607,0.041350351856727585,-4.4463986016493156,8.732185523844666e-06,1.0901978603051056e-05
PKD2L2,1.9586577,-0.08980853522658859,0.03680665010114935,-2.4400083946727924,0.014686920614402438,0.01666635175233372
PKD2,1916.323,0.9197331844741586,0.02129525282016235,43.18958747478946,0.0,0.0
PKDCC,1339.3853,-0.2820559038064643,0.03732922415806925,-7.555900508730339,4.159717305367728e-14,6.009202059177008e-14
PKDREJ,28.961699,-0.0977567780390581,0.026977072994429308,-3.6236984664438805,0.00029042016445380995,0.000349530865932556
PKHD1L1,338.66528,0.35162974221283694,0.0683797807923747,5.142305783057564,2.713869330379679e-07,3.4949500725662525e-07
PKHD1,520.98236,1.2358964994992843,0.06678030748150582,18.50690040385864,1.8165736673837677e-76,4.81808536923738e-76
PKIA,594.8317,0.9085462295608938,0.040160969650763816,22.622616870596758,2.5961574982658602e-113,9.152410477436303e-113
PKIB,541.66473,-0.2737118688563426,0.03841248331807211,-7.125596816792318,1.0363065681684208e-12,1.4647435032866482e-12
PKIG,2200.9678,0.49998767461498356,0.01901951278099523,26.288143149207464,2.62045461041729e-152,1.2326671768365437e-151
PKLR,562.72076,0.4587762236077265,0.08434088527436384,5.4395471676081115,5.3416166313168787e-08,6.960443740206115e-08
PKM2,64777.746,-0.2969305122157858,0.018632397297948584,-15.936248431568043,3.550385128445724e-57,8.004683369881118e-57
PKMYT1,922.3995,-1.2733154937624083,0.031159100607101534,-40.86496301090938,0.0,0.0
PKN1,7182.234,0.09203355150087714,0.0180386669915279,5.102015106997758,3.360559183180091e-07,4.31929447035123e-07
PKN2,2368.4998,0.14737572080726324,0.012676049414659956,11.626313213706945,3.0289929419896498e-31,5.398517666634622e-31
PKN3,603.3361,-0.2166386330669225,0.01925801655442973,-11.249270269065754,2.3351599244749217e-29,4.0692904992198006e-29
PKNOX1,1090.7769,0.13025489235057008,0.009455503660874337,13.775563631744774,3.5758135909564893e-43,7.142856053599211e-43
PKNOX2,418.02982,0.8666314959851532,0.04644605941983973,18.65888100756651,1.0694734234879451e-77,2.861533635009998e-77
PKP1,9960.869,-2.4144417891926584,0.06469285414691801,-37.32161489906507,7.32214549653169e-305,1.05053953603868e-303
PKP2,1483.6643,-0.6013433734904469,0.03791552991740217,-15.860080943097858,1.197394630526468e-56,2.6868463885030706e-56
PKP3,3974.0608,-1.7497897021739388,0.046568835460951474,-37.574263664831356,5.65947432964881e-309,8.355419715541703e-308
PKP4,4765.4624,0.268259941916344,0.015472766825575645,17.337554746377027,2.4493754805455966e-67,6.027660511111785e-67
PL-5283,3210.0073,-0.11815089382133658,0.011473789774937517,-10.297460223597305,7.234615321974037e-25,1.2029527388114131e-24
PLA1A,842.5572,-0.14325633329862997,0.04657927971549747,-3.0755377535596997,0.0021012332477134965,0.0024587049652393285
PLA2G10,119.219826,-1.2747578574902725,0.06003129911459074,-21.234887072108016,4.547840455636786e-100,1.4408572025569456e-99
PLA2G12A,1873.1404,0.23467475823005896,0.014830208556668032,15.824103709218798,2.121993463174702e-56,4.750045620315971e-56
PLA2G12B,152.4352,-0.07535528138600507,0.0985538243407911,-0.7646104236953062,0.44450356028920723,0.4619524238860628
PLA2G15,1556.4484,0.05567865612960688,0.015215192924011764,3.659411773986641,0.0002527948561337524,0.00030466172237181467
PLA2G16,2647.5334,0.34171340886541834,0.029564242621219167,11.558334615349155,6.699547978359528e-31,1.1904005698326203e-30
PLA2G1B,71.579124,-0.8365573097967937,0.07929109639020394,-10.550457086379076,5.055056994529815e-26,8.506149710854824e-26
PLA2G2A,5125.4004,-0.7367685044685734,0.07454416937583384,-9.883650332918235,4.901418913123332e-23,7.954403160803341e-23
PLA2G2C,0.26203462,-0.4544004594806252,0.10222135118994614,-4.445259764139345,8.77857300739123e-06,1.0957876631359783e-05
PLA2G2D,329.911,-1.3784662339896037,0.054320063286257894,-25.376742046954384,4.555764907632241e-142,1.9759441362267745e-141
PLA2G2E,0.1991977,0.285344505859424,0.25668638225151547,1.1116464510370003,0.26629019209435034,0.2822470856335318
PLA2G2F,131.81805,-4.161819018417147,0.0925317943197161,-44.9771783743566,0.0,0.0
PLA2G3,87.83109,-1.742747888216926,0.06800956536977644,-25.625040812147372,8.025320821933025e-145,3.5549936164868246e-144
PLA2G4A,688.82074,-0.3239191895051937,0.03543512663597097,-9.141188991162693,6.176941423167363e-20,9.653515808264707e-20
PLA2G4C,559.45056,0.5458145696317798,0.029097640971753092,18.758035064135825,1.6643953041139857e-78,4.483385022023899e-78
PLA2G4D,56.748623,-1.806462221719222,0.061533450794985074,-29.357401517069594,1.922406278983819e-189,1.1799297387347476e-188
PLA2G4E,83.18235,-3.4384023860157016,0.09457791312537336,-36.35523635901887,2.171898655294242e-289,2.7653336287139134e-288
PLA2G4F,503.91275,-0.6601662332131706,0.059119112404388906,-11.166714220901614,5.933539505270368e-29,1.0294071647873833e-28
PLA2G5,121.470436,1.3960952571718839,0.04381760493327112,31.86151455101133,9.117978700987606e-223,7.251286264586199e-222
PLA2G6,879.83606,-0.15681085587673207,0.020249250326397513,-7.744032660424414,9.631225217591462e-15,1.4041973231519951e-14
PLA2G7,550.19543,-0.1048646692775853,0.03445124953614501,-3.043856774122665,0.0023356630946586043,0.002729409077267508
PLA2R1,536.82947,0.6962634369349009,0.033871325530514265,20.556131950243447,6.782969633892469e-94,2.0470572009548887e-93
PLAA,1773.1555,-0.02824289486776853,0.011216918114803761,-2.5178836627588805,0.011806230975002245,0.01344688427524871
PLAC1L,0.19678773,-0.534124435083036,0.2676604252505989,-1.9955300996886567,0.0459850946778282,0.051114355893530486
PLAC1,37.726997,-0.6531160232431685,0.05475746855910599,-11.927432739849648,8.515943017834479e-33,1.5404361075085934e-32
PLAC2,415.39264,-0.905294146663965,0.04548346920564418,-19.903805986541247,3.771719499407706e-88,1.092451803790603e-87
PLAC4,49.98552,-1.3016716988598602,0.048798698256942004,-26.67431192541467,9.351234422790312e-157,4.5242818824521856e-156
PLAC8L1,6.821671,-0.39062751546084035,0.03397080267282063,-11.49891921080139,1.3357754018164082e-30,2.3645814629667205e-30
PLAC8,750.9925,-1.5512092929668049,0.04768836928884424,-32.52804228996104,4.2807882581277894e-232,3.6465509685030823e-231
PLAC9,233.50848,1.2319128239268144,0.03976242149268986,30.981836057275736,9.470108139884495e-211,6.880868366163756e-210
PLAG1,309.83298,0.06535123123858612,0.034759093616074745,1.880118968590242,0.06009186584752321,0.06639947336714926
PLAGL1,914.90643,0.19086427218757498,0.03238282588892897,5.8939968007186065,3.769644702798768e-09,5.0154356622846765e-09
PLAGL2,2089.0505,-0.5306514236484386,0.020524339459400045,-25.854738209633485,2.152196799033221e-147,9.752186652908378e-147
PLAT,5426.5186,-0.06805140833046354,0.03519192478259688,-1.9337222601736275,0.05314728541125345,0.05886972707767731
PLAUR,2153.1387,-0.2532164358527019,0.030119011818838217,-8.407196005491965,4.1992898515086567e-17,6.333309288603952e-17
PLAU,4873.212,-0.1034165797769785,0.03530856869826385,-2.928937184079727,0.0034012315048269188,0.003947646782211461
PLB1,208.89801,-0.22857701433463273,0.028304827495180377,-8.075548751305897,6.717386244935006e-16,9.972237608329574e-16
PLBD1,2199.9885,-0.6975115473499254,0.03223863895966028,-21.63588693129108,8.254663774128108e-104,2.699706020521673e-103
PLBD2,2015.5839,0.11961985986602398,0.016533131975966123,7.235160285414339,4.64979646685396e-13,6.601939205570804e-13
PLCB1,1055.3492,0.9634916991651185,0.028619791371520556,33.66522441263793,1.866935919152505e-248,1.7954156059530394e-247
PLCB2,1011.5333,-0.4454982120028674,0.029874512853598538,-14.91231720450313,2.7407350956781465e-50,5.828750215492676e-50
PLCB3,2587.4285,-0.6282647221071498,0.01700577585797011,-36.944196333900315,9.026729997770183e-299,1.2342189121867238e-297
PLCB4,1282.9548,-0.33221445557400253,0.03883743665659506,-8.553974828758133,1.1892085100514806e-17,1.807742556271044e-17
PLCD1,1082.7881,0.16827815856511294,0.021068117621847873,7.98733715016887,1.3788461911774343e-15,2.038037578494365e-15
PLCD3,2892.8743,0.2433185496000824,0.02971084548127603,8.189553197111922,2.621977179927915e-16,3.9152730971213456e-16
PLCD4,281.1841,0.2488439035972433,0.027429222346923247,9.072218688881506,1.1661775475600253e-19,1.8176549296259802e-19
PLCE1,800.099,0.511445627987064,0.029813097144737823,17.155065289059944,5.760528493910493e-66,1.3985046459280196e-65
PLCG1,4055.9949,0.29217018674714673,0.014990938845761862,19.48978578014459,1.340410028181357e-84,3.778649648815321e-84
PLCG2,1369.6941,-0.14249380478443718,0.030762688086141205,-4.632033598150728,3.6209137302012444e-06,4.55444103751187e-06
PLCH1,432.60654,-0.20424026610150922,0.0386363516128906,-5.286220297088473,1.2486950561706627e-07,1.6170843234258966e-07
PLCH2,791.2298,-0.7646429711657856,0.040478210374548886,-18.89023660113598,1.372293410631639e-79,3.729113927796255e-79
PLCL1,490.36713,1.6740486253751337,0.031990097158500985,52.3302138496405,0.0,0.0
PLCL2,578.5329,0.5387831393061924,0.026339792748894617,20.455101695088434,5.41093234705013e-93,1.621925377703086e-92
PLCXD1,1161.2379,-0.5091462284478712,0.023217504553638645,-21.929412235996647,1.361749811727159e-106,4.565853823608898e-106
PLCXD2,164.36812,0.21491555140885174,0.027621220448983255,7.780813009541107,7.205993949324238e-15,1.0525673038763967e-14
PLCXD3,298.93503,0.29343964116861104,0.0563549420390151,5.206990381880968,1.919280372425219e-07,2.4784110809466596e-07
PLCZ1,0.6877461,-0.20688327796265196,0.08916055212043948,-2.320345411087078,0.020322199395693664,0.022914247756808115
PLD1,1243.046,-0.2548264997765003,0.026480752966084212,-9.62308360728544,6.388664665578556e-22,1.0223771728227782e-21
PLD2,1602.7195,-0.10013685771680797,0.016089672275586667,-6.22367292519367,4.856489856484015e-10,6.568343651641406e-10
PLD3,14596.933,-0.18901425766486926,0.019446089400056366,-9.719910969056915,2.4799823873685887e-22,3.991932433937152e-22
PLD4,319.82394,0.4798275181110483,0.037459476035837644,12.809242650697922,1.4554817270555103e-37,2.764709132405592e-37
PLD5,42.60498,0.7347408783559738,0.06673359888227026,11.01005926043619,3.417788406954339e-28,5.878411267819834e-28
PLD6,352.0869,-0.18819901423102273,0.019501979920428975,-9.650251666697594,4.903524144399122e-22,7.860696697308796e-22
PLDN,2696.699,0.3763859441175691,0.011465267609178119,32.828361007140074,2.3196790174608387e-236,2.0391340723870992e-235
PLEC,26903.111,-0.25310375239080996,0.020456422372439213,-12.372825892166501,3.666894666911164e-35,6.80717685088396e-35
PLEK2,1045.2875,-1.0755946305123505,0.036914623480265356,-29.137358832533288,1.2080415434470337e-186,7.2657364203953205e-186
PLEKHA1,2515.5403,0.125309841809357,0.01978092472602412,6.334882900822995,2.3752159757132205e-10,3.2274592571277754e-10
PLEKHA2,2660.9868,0.25251252967690013,0.018378527481482554,13.739540881679524,5.8847780740043876e-43,1.1732099178285872e-42
PLEKHA3,792.23956,0.26821572352737094,0.010746105736650084,24.959341560599857,1.6907189102980697e-137,7.111848408007934e-137
PLEKHA4,1916.0275,0.42094578224583507,0.026621065615135112,15.812506844448443,2.5511037028275742e-56,5.707463767677646e-56
PLEKHA5,1843.7166,0.18116160075239862,0.018047689263489108,10.037938824605803,1.0382083478306488e-23,1.6985602501996287e-23
PLEKHA6,2677.3103,-0.03395879992202262,0.03223823156001488,-1.0533704325190643,0.2921712499507281,0.3085705492424585
PLEKHA7,1084.4023,0.011257741763166478,0.025306783529754077,0.44485075513173594,0.6564276123594179,0.6710810560736056
PLEKHA8,198.62335,-0.052327927850578985,0.016619816643645275,-3.1485261824827058,0.001640960225258012,0.001926661431720177
PLEKHA9,163.24919,-0.18853915018026504,0.014317622559735075,-13.168328009322357,1.335219180037735e-39,2.5840044949038255e-39
PLEKHB1,3227.4075,1.5128383035863426,0.04233166545393601,35.73774590164816,1.0255403502032789e-279,1.2188544068761561e-278
PLEKHB2,6768.13,0.20514590373827157,0.014447293941042837,14.199607523418582,9.212692230879719e-46,1.885075389196462e-45
PLEKHF1,696.6158,-0.47453360871356703,0.026637714011284723,-17.814351806335072,5.468771805578292e-71,1.386534560271089e-70
PLEKHF2,1570.6294,-0.08572074285575668,0.02001114258214215,-4.283650596355925,1.8385155660764156e-05,2.27803167243319e-05
PLEKHG1,1169.7429,0.39655131744371114,0.022568360044948926,17.57111800121534,4.1001211244190564e-69,1.0235973755002768e-68
PLEKHG2,1729.9973,0.25337884471126076,0.021107435969044398,12.004245569327294,3.375277076052084e-33,6.128356906389403e-33
PLEKHG3,2410.8567,-0.14749925000308522,0.019154944279892266,-7.700322582400893,1.357231617568485e-14,1.9749752342274884e-14
PLEKHG4B,453.20834,-0.1950377251048555,0.0467165732723665,-4.17491505568588,2.9809726256647786e-05,3.6757084177765867e-05
PLEKHG4,1003.1422,-0.5902170111196436,0.03023379247756968,-19.52176563881369,7.171663962126034e-85,2.0259179492843616e-84
PLEKHG5,1124.2598,-0.5306337181344565,0.024694263290976952,-21.488137219641008,2.010156146272222e-102,6.499089881206314e-102
PLEKHG6,804.0043,-1.2704189383465316,0.04070462410585724,-31.210678547052915,7.632432536061853e-214,5.698155262254612e-213
PLEKHG7,35.415714,-1.2185787329360072,0.048008246801295715,-25.382695976790355,3.915920825301023e-142,1.6995146468195167e-141
PLEKHH1,1705.3998,0.3774185389019879,0.03330590251716199,11.331881449767355,9.122385597875279e-30,1.5981640855962724e-29
PLEKHH2,651.1695,0.6149985225293151,0.03573615233728193,17.20942189648421,2.256733229408754e-66,5.495793279609189e-66
PLEKHH3,1451.558,-0.20858970889487435,0.01701238999959447,-12.261046737104346,1.4659393382762722e-34,2.7036016838451515e-34
PLEKHJ1,2360.892,-0.5951024519849152,0.016626579398772955,-35.792235896027655,1.4585596393725056e-280,1.7436767879028093e-279
PLEKHM1P,521.1468,-0.46994915782521823,0.01841750842793126,-25.51643506308986,1.2953682113280338e-143,5.678811674079983e-143
PLEKHM1,1939.1829,-0.14226314911566132,0.013741842133227291,-10.352553008280749,4.074726636554319e-25,6.796997918362096e-25
PLEKHM2,4133.363,0.09603730650637211,0.01256335258620807,7.644241920886704,2.1017991313775648e-14,3.0490614590078264e-14
PLEKHM3,879.8914,0.6248122637817756,0.018446789579147523,33.87105713441167,1.7778071209357753e-251,1.7451482726678615e-250
PLEKHN1,220.44781,-1.2045507294851083,0.03835073547598566,-31.408803886939015,1.5341992480780405e-216,1.1680913422446084e-215
PLEKHO1,2418.6829,0.2358464847934501,0.022306897478086965,10.572805340820361,3.983956662736713e-26,6.712685069656272e-26
PLEKHO2,2691.182,0.40925425446911645,0.019128061122792216,21.39549073175356,1.4717296083768687e-101,4.713377866437733e-101
PLEK,1404.6785,-0.35235934263399094,0.032544414443355964,-10.827029727244827,2.563357987569187e-27,4.37520164897058e-27
PLGLA,3.8768172,-0.2973487942717162,0.17882894516616413,-1.662755400113924,0.09636140762001184,0.10532140965994638
PLGLB2,376.1473,-0.5580890875168294,0.04582981730314774,-12.177423353561963,4.100319386649468e-34,7.530074183005279e-34
PLG,2823.4841,0.2983059980136933,0.16208140899516452,1.840470167819141,0.06569924012824808,0.07239896236920176
PLIN1,402.51157,2.6009583176518754,0.05303533522068062,49.041988833091345,0.0,0.0
PLIN2,6153.3066,1.0291766729756222,0.035647492249039986,28.870941770198115,2.7665735366579053e-183,1.626470419659783e-182
PLIN3,4313.7856,-0.2611989011947159,0.01555224260271622,-16.794934844258226,2.657961870652818e-63,6.329057979487805e-63
PLIN4,1572.9724,2.3098627550091106,0.04869276688331832,47.43749231881189,0.0,0.0
PLIN5,368.30515,-0.28681475280746893,0.04460473623646726,-6.430141213860138,1.2748545326632974e-10,1.7392456899076642e-10
PLK1S1,839.0672,0.3098387097875037,0.018976237563514638,16.32772085353877,6.268263032623039e-60,1.4478734635939695e-59
PLK1,1544.6733,-0.946649660428107,0.031682488165491955,-29.879271333846255,3.658953549143139e-196,2.361097791030275e-195
PLK2,2758.1606,0.19713987793197033,0.02631930621991354,7.49031438309007,6.870883335062862e-14,9.892109031790171e-14
PLK3,874.4313,0.08599492338445718,0.019964742323723302,4.307339508322772,1.6522990005200433e-05,2.050542843742003e-05
PLK4,446.7271,-0.621331367882679,0.024573916564243885,-25.28418155316532,4.768592663837188e-141,2.0525111637010848e-140
PLK5P,9.413097,0.9378543531958178,0.0630475306282509,14.875354258134507,4.764564293357933e-50,1.0113832181052462e-49
PLLP,1203.4824,0.03045602666301853,0.03495720569401339,0.8712374475696235,0.38362451695456434,0.4012026270446384
PLN,539.6278,2.4936261135874433,0.04235440981219235,58.8752416724649,0.0,0.0
PLOD1,9518.178,0.014335629092365252,0.01909984732667338,0.7505624965046298,0.4529159987159833,0.4702629956068291
PLOD2,4911.905,0.6468646555355473,0.02816201935902201,22.969398866218633,9.430725632406293e-117,3.406069596419367e-116
PLOD3,5660.514,-0.3751914648761144,0.021680897598869393,-17.305162905048718,4.3006302525735456e-67,1.0568078613415186e-66
PLP1,7234.102,3.2436283307331735,0.08143790044736386,39.82946899312124,0.0,0.0
PLP2,6599.341,-0.8355538066804625,0.02458918885412462,-33.980535577541254,4.31970042077875e-253,4.285808034436383e-252
PLRG1,1813.9055,0.12010632333354034,0.009169824823875156,13.09799539690482,3.3806906259350664e-39,6.520841350394317e-39
PLS1,1997.5382,-0.7423307965806017,0.038073522272475596,-19.497297656572563,1.1573803493475446e-84,3.263588162377654e-84
PLS3,9416.093,0.3189918922963087,0.02621322649234454,12.169119752941093,4.53951447497005e-34,8.333631667801195e-34
PLSCR1,2873.4521,-0.17263629057194113,0.02110821908219653,-8.178628898046123,2.8709178605299715e-16,4.2844903036599973e-16
PLSCR2,2.7836113,-0.14422643411842706,0.04452390308385125,-3.2393034781071957,0.0011982200715267397,0.0014134400855329331
PLSCR3,1664.0516,-0.11889491616932053,0.015128826188741673,-7.858832845723209,3.8772923200565904e-15,5.689210403173486e-15
PLSCR4,1087.4751,1.2459808016433223,0.024601695167072057,50.64613609679203,0.0,0.0
PLSCR5,0.35472414,0.6222729195970707,0.13454890213463366,4.62488292155967,3.7481005164883017e-06,4.712380560438791e-06
PLTP,8873.185,-0.14030056272535557,0.032190691850524776,-4.358420234545793,1.3100465209465834e-05,1.629374862236636e-05
PLUNC,312.27826,-2.417471067069244,0.17021677300496427,-14.202308176754944,8.86438821868205e-46,1.8146815459441715e-45
PLVAP,6975.777,0.8926984019853195,0.03063233436445132,29.142356288108807,1.0441511390297874e-186,6.285592264786351e-186
PLXDC1,895.1747,0.798537111947809,0.026110176895955427,30.58336659800668,2.0369913819636774e-205,1.4183005316483757e-204
PLXDC2,1044.5621,0.7335223420224224,0.025522250945764068,28.740503476013554,1.1904436656964034e-181,6.914762507821134e-181
PLXNA1,5252.5737,-0.3201655944831854,0.022646435940923446,-14.13757093250277,2.2284446978736842e-45,4.5455270618184883e-45
PLXNA2,2568.1355,0.15684335416679,0.022946307784462036,6.835232737224748,8.187200050864057e-12,1.1408062818119318e-11
PLXNA3,2459.129,-0.11848492188194888,0.018960111527257153,-6.249167981507617,4.126449274314682e-10,5.584682628184047e-10
PLXNA4,664.6628,1.865494538826594,0.0422259051733764,44.17891176440181,0.0,0.0
PLXNB1,6234.3213,0.05268344164331045,0.02143639467809395,2.4576633540503035,0.013984419506370816,0.01588244989011511
PLXNB2,19627.473,-0.14779617264052586,0.015562516943460723,-9.496932480618371,2.1616411413595424e-21,3.436044034739141e-21
PLXNB3,1285.1207,0.4584847848796158,0.04133004052339399,11.093257569396773,1.352702892677003e-28,2.3390248167157387e-28
PLXNC1,810.6059,0.4242922264376051,0.037778983207839276,11.230906456729702,2.875136453906327e-29,5.005550116733275e-29
PLXND1,6043.2427,0.47005599316708124,0.02045885774792683,22.975671416196917,8.162942036877526e-117,2.9502811455492553e-116
PM20D1,49.76866,-1.1944291121932247,0.0613349016754683,-19.47388973594707,1.8284551136122526e-84,5.146622101207224e-84
PM20D2,1372.5127,0.026631956459854715,0.02401295665860302,1.1090661112034863,0.2674016630075613,0.2833366533345967
PMAIP1,663.39825,-0.6274157682675724,0.030985931755012294,-20.248407349121635,3.669118860965103e-91,1.0857498675928566e-90
PMCHL1,0.23401219,-0.7213145822656686,0.14013173159129158,-5.1474036185426995,2.6411663073379583e-07,3.402613734803107e-07
PMCHL2,0.5271094,-0.5657170345131777,0.1366193756681223,-4.140825792436831,3.460577142538968e-05,4.2611521740021076e-05
PMCH,9.000523,-0.43189283085443686,0.04701490633644387,-9.186295677455231,4.0660242582948044e-20,6.371137372017543e-20
PMEPA1,7088.8716,0.0814637201609913,0.03207950265445034,2.539432142651687,0.011103258199858228,0.012666773153138725
PMF1,2294.4888,-0.2608168098569722,0.011846916765616968,-22.01558557530638,2.0421561620710544e-107,6.875517992989019e-107
PMFBP1,34.389557,-0.9162284942633506,0.03374842738265742,-27.148775967385685,2.6176875405337736e-162,1.3220913083038226e-161
PML,5070.4067,-0.33095669665004707,0.016019999521620653,-20.658970445247927,8.107450361137556e-95,2.465784014078272e-94
PMM1,1698.4264,0.04160612769644064,0.018856981905286365,2.206404392039894,0.027355697794747044,0.030686795493043973
PMM2,2381.9136,-0.6122005443742888,0.014416045939060991,-42.46660609727257,0.0,0.0
PMP22,3941.0334,1.012777959679043,0.026541927702615018,38.15766401847519,0.0,0.0
PMP2,3105.5747,4.108936674226258,0.10718572284746129,38.33473866732969,0.0,0.0
PMPCA,2940.624,-0.3292574343374385,0.012251959522255737,-26.873859135703228,4.4395458571910044e-159,2.1858455648501005e-158
PMPCB,3354.6602,-0.010785046746887753,0.010109642276719913,-1.0668079494487293,0.2860585681426996,0.30228726195459465
PMS1,667.41003,0.07011708413239333,0.012084485580951898,5.802239877129315,6.543485863648065e-09,8.6697142195764e-09
PMS2CL,288.18768,-0.17669842780927686,0.015882657702948264,-11.125243086771096,9.454779680741147e-29,1.6366793599201514e-28
PMS2L11,129.12804,-1.0988006997013504,0.02496640330864058,-44.01117318012196,0.0,0.0
PMS2L1,578.6346,-0.1807899181791796,0.012706504321088052,-14.228139668526762,6.12906292339908e-46,1.2561062216376271e-45
PMS2L2,183.4132,-0.6779918238179007,0.022605262522359008,-29.992654283368516,1.2235487026164213e-197,7.976377853527929e-197
PMS2L3,127.41005,-0.3635504709188296,0.0168210380189818,-21.612844017627147,1.3600789237598866e-103,4.438186698000887e-103
PMS2L4,90.76085,0.28813482615876923,0.017927460248170657,16.072261333736378,3.9925196742989205e-58,9.081978552966673e-58
PMS2L5,154.20316,-0.344266085371715,0.015814631189148706,-21.768834268353665,4.581342938574641e-105,1.5143945589615378e-104
PMS2,1504.6697,0.027863256069172115,0.010756232765461976,2.5904288868348417,0.009585642416554832,0.010956326855975737
PMVK,2690.019,-0.23001358009267028,0.01625261907174531,-14.152400857812632,1.804884529940323e-45,3.686360768966196e-45
PNCK,571.33307,0.5600797234709901,0.05626495847742679,9.954325722922043,2.4145407130642088e-23,3.9316671500659223e-23
PNKD,4621.0103,-0.30571794553429216,0.018741391085179672,-16.312446826641803,8.050238287439884e-60,1.8575858698173933e-59
PNKP,1476.8246,-0.5886599357180714,0.013310271480487914,-44.22599017465667,0.0,0.0
PNLDC1,52.117565,-1.5730033876443072,0.06875875295891871,-22.877136654647146,7.848708440714647e-116,2.8167081816412743e-115
PNLIPRP1,13.714633,-1.2474342724711491,0.2011776642204831,-6.200659885900695,5.622690583958965e-10,7.595034341747649e-10
PNLIPRP2,39.516598,-1.567579039068663,0.12955985214226612,-12.099265421724528,1.0656042856091157e-33,1.9469297003245076e-33
PNLIPRP3,40.58053,-2.557894027943571,0.12441356510892224,-20.559607191580536,6.314213421872385e-94,1.905872069027426e-93
PNLIP,290.16833,-0.4533312464710618,0.2792036409789055,-1.6236580758103798,0.10444880328556438,0.11389176723747016
PNMA1,2915.035,1.009783661823964,0.019891934972217695,50.76347088577809,0.0,0.0
PNMA2,1401.2056,1.7929525934853527,0.04714057939318457,38.03416539561183,0.0,0.0
PNMA3,275.8943,-0.0018551670479085968,0.048585763437913904,-0.038183346656253565,0.969541498656157,0.9707812605685684
PNMA5,70.04031,-1.2346492525593376,0.0685493941663115,-18.01108919451405,1.5945977410278054e-72,4.0866585359497845e-72
PNMA6A,462.65176,0.08073784374968526,0.04344064499352768,1.8585783834865848,0.06308692346769534,0.06960313633982602
PNMAL1,1298.8152,0.9277997249200179,0.04121330444688041,22.512141100353983,3.156526755098496e-112,1.1043775254691576e-111
PNMAL2,348.9752,0.8557193943572966,0.039078325746012776,21.897544943941387,2.7416007338643725e-106,9.16522977680538e-106
PNMT,176.21732,-1.5692564909219582,0.06082179574895238,-25.800890480103718,8.665389894348277e-147,3.9013417262060277e-146
PNN,4376.5776,-0.09122562860263075,0.012351881574644983,-7.385565353046445,1.518069483441797e-13,2.1734442062863252e-13
PNO1,1202.3608,-0.17509092146584326,0.011515533023353583,-15.204760484013864,3.288312412940619e-52,7.100090403548422e-52
PNOC,112.77661,0.14768279405274942,0.054513231360779464,2.709118325335645,0.006746227542113726,0.007749178883428873
PNPLA1,22.37372,-0.7958036586445002,0.05207939802398477,-15.2805848154773,1.0301212005094321e-52,2.235369592962218e-52
PNPLA2,4405.7866,-0.09482171914658827,0.017260267099638932,-5.493641471433072,3.937294233185708e-08,5.140398441286894e-08
PNPLA3,94.518364,0.18156839508489414,0.04630169266124386,3.921420247274746,8.802858437985164e-05,0.00010730295469940125
PNPLA4,982.0555,-0.07232877706647436,0.018729704239389123,-3.8617148536902572,0.00011259393353709222,0.00013687824045391177
PNPLA5,8.43595,0.886792256635225,0.09614014283061424,9.223954016769367,2.863418680863795e-20,4.497133450876032e-20
PNPLA6,3412.895,-0.00341990388229422,0.013258115851712327,-0.25794795584415786,0.796447073425549,0.8067498864555824
PNPLA7,639.8075,0.05178081002805069,0.032639012465359,1.586469875061557,0.1126327605713684,0.12260548427912576
PNPLA8,1953.2327,0.5181072615424708,0.014335258848319564,36.14216297204884,4.939918703574563e-286,6.14366553977242e-285
PNPO,2884.9497,-0.05536689380637968,0.017245584999025555,-3.210496704490345,0.0013250578788107433,0.0015605283365944308
PNPT1,1501.9019,-0.17285514541303024,0.01250727003454054,-13.820373665529493,1.9207024058994846e-43,3.850672602826943e-43
PNP,3209.2769,-0.21622227824795381,0.02100638228247917,-10.293170682145432,7.564365776199166e-25,1.2572693512747067e-24
PNRC1,4769.411,0.3026452456056117,0.01597460866088126,18.945393407146906,4.819752944698764e-80,1.3132407682163026e-79
PNRC2,4338.3877,0.09510513860207478,0.011867646698983093,8.013816135108243,1.1120291610169062e-15,1.6460521803942995e-15
POC1A,516.6529,-0.7920211353384812,0.022454845483984773,-35.271725022706825,1.593889192130612e-272,1.8118364077379747e-271
POC1B,1002.85345,-0.07125750046428832,0.016547187946597493,-4.306320850059638,1.6599224435429786e-05,2.0598781560460503e-05
POC5,430.98813,-0.15191492837885331,0.011157981705002297,-13.614911047106975,3.265430818822079e-42,6.460729449990155e-42
PODNL1,295.03687,0.004656093871668932,0.037369736294468735,0.12459530982449299,0.9008439416806664,0.9054246548517322
PODN,1556.9677,1.1494310911605876,0.0347301683185185,33.09604147664607,3.388291100312145e-240,3.0604356038711164e-239
PODXL2,2372.6477,-0.27799216450091485,0.032910653186619294,-8.446874722436078,2.9920449902303096e-17,4.52227497818106e-17
PODXL,5953.7812,0.8654748822862411,0.0264662081027892,32.70112888574435,1.5051049769202703e-234,1.304488387616849e-233
POF1B,1232.8188,-1.5956194807126012,0.056820899083666665,-28.081559891600985,1.6455086016657793e-173,9.020169526471082e-173
POFUT1,4585.2476,-0.02019409567245107,0.013227929765400433,-1.5266255589950024,0.12685414769678538,0.13762982110092478
POFUT2,1505.2308,0.17205545335560996,0.012331072513828341,13.952999884046022,3.016457716136556e-44,6.099728113113244e-44
POGK,3515.9194,0.08050175223729883,0.012564750734146684,6.40695179240784,1.4845773342516411e-10,2.0230595681411756e-10
POGZ,4366.71,0.1547750895061869,0.012886543236025186,12.010597929280436,3.1257679992827126e-33,5.677358434953764e-33
POLA1,1033.2797,-0.01854085880821911,0.015053467010620932,-1.2316670169827095,0.21807349544912613,0.23259421070037503
POLA2,1017.0484,-0.5444356896530569,0.015443785304387976,-35.252736225125375,3.1152271212585667e-272,3.5352792063379686e-271
POLB,950.6356,-0.4126505609832879,0.01721580390741996,-23.969287940450855,5.8160822169071625e-127,2.2784225101791982e-126
POLD1,1683.1284,-0.7394311086461556,0.017748225917609155,-41.66225469963837,0.0,0.0
POLD2,5362.665,-0.4118658931208437,0.01384439219639271,-29.74965511509847,1.7520432871140757e-194,1.1171265043017686e-193
POLD3,1051.3501,-0.06881131313642719,0.014147987861978758,-4.863681945992505,1.1522201011321536e-06,1.465578473006967e-06
POLD4,3520.7202,-0.5384743560743895,0.018141017993711584,-29.682697865194044,1.2842298676061284e-193,8.104660841473394e-193
POLDIP2,6165.8853,-0.21575502605709215,0.01191298098335657,-18.11091836363375,2.6135191123900143e-73,6.74209777105275e-73
POLDIP3,4520.3057,0.18173678769372908,0.010077779082279484,18.033416510716187,1.0650285485739307e-72,2.7322223060000826e-72
POLE2,209.04779,-0.7257183938684347,0.027181189925078,-26.699287112477368,4.7973673331327175e-157,2.3282384156197615e-156
POLE3,3400.8281,-0.2149279393294379,0.011482513196122384,-18.717848232216145,3.54172189505186e-78,9.507636611466353e-78
POLE4,1292.0594,-0.35377847894927317,0.015855898613039335,-22.312105266511868,2.819106716716463e-110,9.701520224075468e-110
POLE,2314.3032,-0.638302486829558,0.017779366522424758,-35.90130649618365,2.9146588016851443e-282,3.5342190913345954e-281
POLG2,281.08682,-0.19405257706842288,0.01261209405058015,-15.38622977993861,2.0249232692217682e-53,4.421904198014156e-53
POLG,2471.561,-0.09998095330197232,0.010595003792881764,-9.436613261917316,3.850230076150788e-21,6.103467579253593e-21
POLH,1331.7041,0.10591850259792439,0.01334711455133242,7.935685439018782,2.0933595844784086e-15,3.084958941758662e-15
POLI,927.25726,0.39034630522580577,0.017706083605337288,22.045886257316695,1.046122107134007e-107,3.5331784968714743e-107
POLK,928.3613,0.4986650393383302,0.015140317363102864,32.93623425315924,6.660564733401709e-238,5.931865153426307e-237
POLL,1271.7997,-0.16017964686027839,0.011384871966499326,-14.06951675272385,5.846756117674697e-45,1.1891519260713203e-44
POLM,1064.1284,-0.2557027781160531,0.012067372869582534,-21.189597842011406,1.191102320063449e-99,3.7613854714086795e-99
POLN,53.30822,0.1682411056737761,0.029769204207301753,5.651515052340906,1.59039757211364e-08,2.0899053876371003e-08
POLQ,388.3308,-1.1130777952989104,0.03299363281874412,-33.736139376157325,1.707278251201547e-249,1.6543778160976819e-248
POLR1A,1796.7382,-0.11308138433449398,0.014950788539034858,-7.563573254965848,3.9214480363188455e-14,5.6674068695545804e-14
POLR1B,1487.3911,-0.004569258796933453,0.012401539604763562,-0.36844286617270905,0.7125430393976644,0.7254420032553408
POLR1C,1208.381,-0.45451535166212315,0.012585164235512114,-36.11517046234463,1.3108989844993521e-285,1.621421168008646e-284
POLR1D,3948.074,-0.510250035413568,0.012503392931449454,-40.80892588204195,0.0,0.0
POLR1E,1086.1975,0.0002613061666220603,0.012945242439232727,0.02018549809697871,0.9838953963721538,0.9844756659330948
POLR2A,11173.894,0.01743887383136228,0.012840270276076135,1.3581391556729314,0.17441953272231003,0.18751688581578443
POLR2B,4411.4536,0.05929189010441657,0.009964908725472614,5.950068559369016,2.680301931258443e-09,3.576136510812677e-09
POLR2C,3321.0732,0.015128620419533906,0.009856141265745239,1.5349435455144125,0.1247976959022964,0.13548532452806764
POLR2D,1326.0609,-0.2717675641641269,0.011775515218242267,-23.079038082606605,7.51917741695395e-118,2.7419475735584e-117
POLR2E,6226.4775,-0.20081830288027677,0.011719321199400655,-17.135659946801947,8.04350628372422e-66,1.949032902051195e-65
POLR2F,2068.4204,-0.10132537535700642,0.01681036828435051,-6.027552379761635,1.6646131098603544e-09,2.2288627624891126e-09
POLR2G,2411.4854,-0.1607287259230119,0.011663552405322629,-13.7804264376318,3.3429167250165535e-43,6.6789442202759584e-43
POLR2H,2286.689,-0.6521652408468458,0.013779939785883306,-47.327147359159625,0.0,0.0
POLR2I,1560.7963,-0.511654391047428,0.016078233804896643,-31.822798278477773,3.132045022982785e-222,2.480175208981195e-221
POLR2J2,874.12195,-0.33589617375009173,0.027628646504077703,-12.157532715202567,5.231495273258894e-34,9.597045617974213e-34
POLR2J3,2873.0588,-0.4676646140212518,0.021949928851101284,-21.30597402814761,9.992751512613618e-101,3.179781619964062e-100
POLR2J4,755.12305,-0.4538100393453336,0.01600671841803482,-28.351222748694347,8.084462561424853e-177,4.519263407140268e-176
POLR2J,2843.2986,-0.3996603983851795,0.0137067555666739,-29.15791387984616,6.630969240440467e-187,3.99999711899637e-186
POLR2K,2303.0435,-0.19098392393588837,0.013077011731102896,-14.604553996204228,2.6269575074333142e-48,5.493244442669971e-48
POLR2L,4301.301,-0.5284309107896998,0.01685772781566502,-31.34650864979894,1.0855462896873445e-215,8.215850153064925e-215
POLR3A,1120.6257,0.06202700158009141,0.012651944937211747,4.902566513521438,9.459257069001224e-07,1.2057413891046578e-06
POLR3B,653.3968,0.016706418134023494,0.011984653416020145,1.3939842525351351,0.16332236004591405,0.1758836248703922
POLR3C,1205.5688,-0.08703163507870824,0.01073283606607665,-8.10891310953586,5.107455219137049e-16,7.596075740113314e-16
POLR3D,909.749,-0.03307503440268203,0.013396009137179966,-2.469021487219197,0.013548308290222612,0.015393158573616951
POLR3E,1623.9917,-0.1925775532435165,0.00984241059218643,-19.566096276901675,3.0086342484104864e-85,8.525091811188462e-85
POLR3F,606.34076,0.13535761704193244,0.010134925560222911,13.355561048536734,1.0992677147715774e-40,2.1486166863512425e-40
POLR3GL,1169.5619,0.3167797892977339,0.014024947015280821,22.58687957627133,5.832465694064804e-113,2.0504777942577333e-112
POLR3G,205.97028,-0.31293388410574235,0.025587786825113767,-12.229814412812194,2.1543026521349296e-34,3.965950600851346e-34
POLR3H,2639.9116,0.09148363685768139,0.013298156633199302,6.879422417787543,6.00957153496864e-12,8.393857497285025e-12
POLR3K,836.3102,-0.5078288998038446,0.013483075412266263,-37.664174105400754,1.91778123985144e-310,2.87723716006894e-309
POLRMT,2138.8071,-0.31759474341106464,0.013605741345929099,-23.34270035980733,1.6347314339294436e-120,6.078812285546949e-120
POM121C,2490.7766,-0.16112793623805866,0.013112855455130882,-12.287784059650521,1.0535452688847055e-34,1.9463818629059636e-34
POM121L10P,34.130707,-0.8405269556916076,0.038030926890182906,-22.101143054406506,3.0816659122153884e-108,1.0442682474499516e-107
POM121L12,0.026308956,-0.41710391530886765,0.6489419713014547,-0.6427445499824349,0.5203898685148616,0.5372796456764576
POM121L1P,5.169487,-0.2937656735422956,0.03639066250377346,-8.07255634633841,6.884138499487225e-16,1.0218298025011696e-15
POM121L2,2.302217,-0.3588101033490398,0.05875484222210236,-6.106902678636805,1.0158313656656744e-09,1.366275402892744e-09
POM121L4P,0.8817563,-0.5842500264953512,0.06622136716547967,-8.822681432042572,1.1175092806236773e-18,1.7204606355276353e-18
POM121L8P,6.71447,-1.0488987214231689,0.04760434930060141,-22.033674167034935,1.3699766784442667e-107,4.6231319735532614e-107
POM121L9P,37.874245,0.4590599060172014,0.03330726523624382,13.782575746196905,3.244848439142204e-43,6.484918952831661e-43
POM121,5933.8413,-0.09719496645458692,0.01134561549755686,-8.56674249850232,1.064535789799182e-17,1.6200391795874977e-17
POMC,104.58829,-0.6631471186007635,0.04117566016735774,-16.105318430971447,2.3408983065856253e-58,5.340469366178479e-58
POMGNT1,3857.9238,-0.010433354080936015,0.012258707189325422,-0.8510974215960653,0.39471523761315475,0.4123778684541601
POMP,4146.7637,-0.31798321439718863,0.012473604697901042,-25.492487704913106,2.388093962525929e-143,1.0453494943682089e-142
POMT1,1575.0,0.18507677496798466,0.013305824552612807,13.909455534767437,5.550032054083427e-44,1.1186328342647706e-43
POMT2,1134.0961,0.2996705999787011,0.013388297607812306,22.38302499369584,5.760135687971429e-111,1.9940588755553534e-110
POMZP3,496.25125,-0.012260061081539026,0.019599698907064006,-0.6255229296976765,0.5316279039606653,0.5484652121584668
PON1,635.19104,-0.45296691302766035,0.09075074006299337,-4.991330238334581,5.996487243748466e-07,7.664164969268316e-07
PON2,4289.7793,0.5152814432324735,0.0230867562646077,22.319352156994295,2.3973811961496508e-110,8.257195698259304e-110
PON3,665.3091,-0.039247387853126155,0.06273564687926167,-0.6255994766206842,0.5315776821622813,0.548441191463127
POP1,461.49567,-0.3819165008876864,0.015563609644152331,-24.539069638718594,5.658372400057518e-133,2.3127645792565953e-132
POP4,1519.527,-0.2717361876109082,0.013824496507852968,-19.656136298095856,5.122887747989567e-86,1.4613545139599215e-85
POP5,927.9131,-0.38423558162070126,0.013136288824041248,-29.249934039018413,4.4989441552527445e-188,2.7349657825258474e-187
POP7,1423.0819,-0.5087833587766131,0.01327785540255075,-38.31818794162143,0.0,0.0
POPDC2,193.25966,1.5507503061806864,0.029585773454507972,52.415405281365025,0.0,0.0
POPDC3,116.473755,-0.24698082524091655,0.05516262570310537,-4.4773217752579315,7.5585281535050795e-06,9.446536198723752e-06
PORCN,741.3833,-0.29301096744642463,0.022088619454257857,-13.265245845409462,3.682113275313343e-40,7.166059093022116e-40
POR,7367.2397,-0.24954543695352735,0.02211357790688724,-11.28471557177578,1.5614582772755682e-29,2.725924289749039e-29
POSTN,13388.212,1.2345918763646317,0.047267687327378585,26.119151288570162,2.2095994985790157e-150,1.0244872737775034e-149
POT1,1158.2167,0.270936823375856,0.011959074708817375,22.65533329063455,1.2360572744050681e-113,4.3666302359210104e-113
POTEA,0.05084196,-0.4670929689906912,0.43703221995476704,-1.0687838279727648,0.2851670881088574,0.3014390834272185
POTEB,0.49874836,-0.5036696736553947,0.15325305462659938,-3.2865229008490853,0.0010143252585609029,0.0011993639179371251
POTEC,0.837929,-0.6256990551503393,0.15070411188480973,-4.151837977908596,3.2981573484173556e-05,4.0633975131365326e-05
POTED,0.4327634,-0.395674546693197,0.14706087744575536,-2.6905493396035594,0.007133448574122644,0.008186577199580772
POTEE,234.27977,-4.255812172495149,0.053400461344436684,-79.69616863503978,0.0,0.0
POTEF,62.08474,-0.2002649689626261,0.031534704823938955,-6.35062132595574,2.1444700019758558e-10,2.916255745790291e-10
POTEG,9.6001425,0.03221050299601476,0.12719143318689355,0.2532442806009193,0.8000794504719422,0.810106805200093
POTEH,6.0112824,0.19985217779922324,0.13031484632055582,1.5336102020764049,0.12512557696038254,0.13582679932478955
POU1F1,0.5827566,-0.20206976252498923,0.06759266944169304,-2.9895218548706555,0.0027941445794341514,0.0032547196185318625
POU2AF1,642.3814,-1.2360504808821489,0.045194746886262835,-27.34942810926224,1.096942597389832e-164,5.653836541837871e-164
POU2F1,295.21313,-0.16990250057932327,0.023926564906928686,-7.100998460925023,1.2385875723996021e-12,1.748589167636329e-12
POU2F2,375.00665,-0.5737468318815181,0.03464649511989939,-16.560025188579136,1.3553729705561632e-61,3.1731874778694716e-61
POU2F3,197.35483,-0.22982416492411947,0.045866010865175416,-5.0107729141672,5.421185631208607e-07,6.934961876580335e-07
POU3F1,123.5566,-1.2655756179241988,0.0481500785598295,-26.283978256684286,2.9240932288836437e-152,1.3745466184909283e-151
POU3F2,236.96603,2.951864009796471,0.08899755343410361,33.16792311579798,3.1241553883335154e-241,2.8420321515228796e-240
POU3F3,204.13136,1.969788565238276,0.09978960536468268,19.7394163253743,9.891399669882685e-87,2.8355252869493324e-86
POU3F4,26.64187,3.892661604041699,0.14001952630670014,27.800848258229173,4.2364950718994374e-170,2.2685639970752406e-169
POU4F1,34.01769,-0.27561153085461665,0.06187582062193478,-4.454268696307412,8.417962489674345e-06,1.0510965858772156e-05
POU4F2,0.9227316,0.2925379652688914,0.1122728578376219,2.6055982799688193,0.009171395774166287,0.010489912728441093
POU4F3,2.1971757,0.4397905048476413,0.03585612655329242,12.265421480872657,1.3888770928753893e-34,2.5621736801241438e-34
POU5F1B,158.37097,-1.5763824246187852,0.04289765913710351,-36.747516212494766,1.273829073804476e-295,1.6950252361820476e-294
POU5F1,249.66495,-1.4121378481867144,0.05426570206503437,-26.02265877799475,2.744403131883303e-149,1.2618180524392993e-148
POU5F2,1.7165393,-1.2343038062720304,0.05466326533492924,-22.58013308771958,6.794386693455779e-113,2.3865928000701553e-112
POU6F1,549.08905,1.021487185773602,0.02329793866134922,43.8445306523288,0.0,0.0
POU6F2,19.042887,-0.8210654915017407,0.07447454205558551,-11.02478066785456,2.902251212053693e-28,4.995935776291632e-28
PP14571,72.76065,-0.7994007455365771,0.05239185514050627,-15.258111082203845,1.4539662634591813e-52,3.1497445368977945e-52
PPA1,6538.8374,-0.4288912573980616,0.015073928311471311,-28.452520705679216,4.5354291970387294e-178,2.561353759292968e-177
PPA2,2251.762,-0.22544533034937758,0.012220807791319357,-18.447661905746948,5.4450449966584817e-76,1.43874978698209e-75
PPAN-P2RY11,126.39167,0.25203351217363296,0.07219315564153762,3.4910998131881215,0.00048103650647847375,0.000574731351842444
PPAN,1400.6462,-0.6543221059079921,0.01609093161554221,-40.66402875492822,0.0,0.0
PPAP2A,3849.912,0.6188525569549014,0.029604750783181255,20.903825926022574,4.942077328786693e-97,1.5298122599478226e-96
PPAP2B,6311.213,1.5953119855933422,0.029074855337323884,54.869128911723706,0.0,0.0
PPAP2C,2800.355,-1.3324831383911229,0.0346306323321282,-38.47700860936708,0.0,0.0
PPAPDC1A,199.60622,1.1000735218299829,0.044586139377563,24.672993382862185,2.0854081936897519e-134,8.603206771090103e-134
PPAPDC1B,1821.5138,-0.2519715315463884,0.020871754836784117,-12.072369262517253,1.4781629464617663e-33,2.6956215896645554e-33
PPAPDC2,796.0804,-0.0986692273812604,0.01741444266507886,-5.665942303116113,1.4621872416962461e-08,1.922543919768398e-08
PPAPDC3,185.24275,0.9441420179276602,0.03410523133973806,27.683202278343252,1.1124153302020186e-168,5.907058870000755e-168
PPARA,1785.8885,0.3037631678249741,0.02113456005709884,14.372817177376907,7.664880526251992e-47,1.5837745116610606e-46
PPARD,3169.8757,-0.07071519126952391,0.015422945072037413,-4.585064067804674,4.538472491412158e-06,5.699405468335809e-06
PPARGC1A,1036.9601,0.8167976848323913,0.04656581315618704,17.540715590915568,7.003985818839154e-69,1.7468350763903755e-68
PPARGC1B,111.625656,-0.40719249303368343,0.03083085600982293,-13.207304166447699,7.962537569473827e-40,1.5447808497895713e-39
PPARG,1021.1309,-0.46997817091065514,0.03743813996093341,-12.553459424027903,3.8051522544381926e-36,7.12687164196018e-36
PPAT,851.51373,-0.13158267831754147,0.01575421947599774,-8.352218179898633,6.699276621836811e-17,1.0081349156920366e-16
PPBPL2,0.26422143,-0.6107459847402201,0.11908928276516922,-5.128471433861459,2.921042106415597e-07,3.7574711723330473e-07
PPBP,52.04228,-1.2547955711588636,0.06720520852933233,-18.671105984459473,8.50727021693626e-78,2.277143233586712e-77
PPCDC,460.95953,-0.5100865440141666,0.013801211831915497,-36.959547482242414,5.11676128905345e-299,7.005524080957577e-298
PPCS,2258.1367,-0.15070135848613533,0.013089115429176878,-11.513486858722915,1.1282254565667139e-30,1.998741913526081e-30
PPDPF,12597.522,-0.6600013937396271,0.02005634464783595,-32.90736200082403,1.7246446509034674e-237,1.5299364029517948e-236
PPEF1,47.07051,0.7370719955580158,0.04060479327955893,18.152339564527942,1.2304660549553258e-73,3.1863467836219127e-73
PPEF2,1.2266604,-0.22829025788514165,0.047722898533660144,-4.783662872533253,1.7212929236069224e-06,2.1796120557104947e-06
PPFIA1,3194.757,0.062142091937485065,0.016528669593067084,3.759654797839896,0.00017014797136269224,0.00020594783287592456
PPFIA2,102.17098,1.544629385875666,0.0543037658944936,28.444240660522794,5.741749397573268e-178,3.23902122430574e-177
PPFIA3,761.2718,-0.5205596152066054,0.025603158590010302,-20.331851375935873,6.721784885603607e-92,1.9995443963472213e-91
PPFIA4,328.29114,0.8096585241136491,0.038836246722926016,20.8480116497892,1.5888912561784936e-96,4.901248043111811e-96
PPFIBP1,3141.287,0.5800419121277683,0.020288964774429083,28.589034412382446,9.19663876974224e-180,5.252015952683934e-179
PPFIBP2,1842.6523,-0.09784434482174102,0.020905298313738562,-4.6803610909220845,2.863700882439108e-06,3.6116017013924177e-06
PPHLN1,2010.9436,-0.12784998652395893,0.008273306676522586,-15.45331165914141,7.166484041229128e-54,1.5712087938335537e-53
PPIAL4B,26.863604,-8.143911965948904,0.2925236318745378,-27.840184786991145,1.416180466940552e-170,7.607392645499393e-170
PPIAL4C,120.496056,-1.436156639521258,0.03027941206210986,-47.43013624489731,0.0,0.0
PPIAL4D,6.740106,-1.7444309948133652,0.03618468141486632,-48.209101934960614,0.0,0.0
PPIAL4E,0.7831859,-2.29011370464955,0.16549840102910787,-13.837678735317597,1.5100459645867747e-43,3.0312587056815367e-43
PPIAL4G,186.89458,-2.818894547062785,0.038030000829269425,-74.12291574007145,0.0,0.0
PPIA,13550.108,-0.7147429368612902,0.01448654908470977,-49.33838505511885,0.0,0.0
PPIB,24744.822,-0.4547114152267605,0.016119662949986638,-28.208493976428798,4.600466788304527e-175,2.541679873625288e-174
PPIC,1907.4685,-0.07479090421595397,0.023186354579722186,-3.2256430806662015,0.0012568999328578104,0.0014818012469194604
PPID,1528.5789,-0.1734911058050342,0.0097612415951063,-17.773467044603446,1.1345681645512298e-70,2.8669074422363766e-70
PPIEL,170.82985,0.002809232125947532,0.028111180204725278,0.09993291300787581,0.92039758632941,0.9237096746564359
PPIE,1933.7799,-0.2229863122594185,0.011152763169994882,-19.993817573328855,6.2339000610161964e-89,1.8172389940181665e-88
PPIF,4893.8335,-0.5608243771928013,0.01972166705224319,-28.436966089487438,7.063299397861117e-178,3.979018053155907e-177
PPIG,2470.689,0.01844084807995984,0.012253412146750835,1.504956159076857,0.13233534845654144,0.14341612686185068
PPIH,970.35645,-0.5715489652240056,0.013839251892142052,-41.29912293514449,0.0,0.0
PPIL1,1672.5028,-0.03555976606621301,0.013685997698483504,-2.598258954124569,0.009369780380743561,0.010713808411769624
PPIL2,2713.7566,-0.17207291106144618,0.009477743314248003,-18.155472812052945,1.162230217686112e-73,3.010029894653549e-73
PPIL3,667.13,0.03221336294226687,0.012675407514559226,2.541406491686043,0.01104074745874626,0.01259616573340516
PPIL4,1284.2935,0.24375580615384465,0.011255584430901609,21.656432649079157,5.286187586008927e-104,1.7324773513128743e-103
PPIL5,455.2088,-0.46263652483985024,0.016674213739993393,-27.745627593234488,1.9675537405920893e-169,1.0502733771555937e-168
PPIL6,207.68765,0.36317368737956107,0.028430293117342548,12.774180198586285,2.285430036363311e-37,4.3343334988654535e-37
PPIP5K1,1342.2513,-0.1517853509498597,0.015247571487081616,-9.954723024480234,2.4049160489354327e-23,3.9163082579008537e-23
PPIP5K2,1680.6508,0.11610834388526517,0.014958224399844892,7.762174224800983,8.348560920003126e-15,1.2181491562412645e-14
PPL,6772.634,-0.7001135436820864,0.038364250748344375,-18.24911291177243,2.1029634297497104e-74,5.480572512323906e-74
PPM1A,3237.5425,0.30907201685207036,0.011976157622385474,25.807276974575075,7.347003324018e-147,3.311437694790402e-146
PPM1B,2327.442,0.21939857374964286,0.01077726605798098,20.35753525702094,3.9811337261360907e-92,1.186530545021295e-91
PPM1D,720.308,0.38192598457721627,0.012634802922259453,30.228091955779973,1.0126721046949323e-200,6.802042685412117e-200
PPM1E,230.88286,1.061981565099178,0.04427797896740237,23.9844182111612,4.043949197135176e-127,1.5890901699377543e-126
PPM1F,2177.4934,0.22280601037049855,0.01695795215681123,13.138733280421931,1.975053113187871e-39,3.816448968431271e-39
PPM1G,6606.1035,-0.4191535842303529,0.009684813345808313,-43.27946954308282,0.0,0.0
PPM1H,1824.2507,-0.18789111292595143,0.029272547981572798,-6.418679817152567,1.3746117437491835e-10,1.8743366479800165e-10
PPM1J,191.46599,-0.4788487279307408,0.03050875931443013,-15.695450706323983,1.6248451185455333e-55,3.609801589749947e-55
PPM1K,682.8875,0.8017411015974422,0.02446433596575235,32.77183172761363,1.4839831711905114e-235,1.2966701022432456e-234
PPM1L,235.56163,0.7894652647603176,0.02794567994361324,28.249993070601363,1.4236205793246073e-175,7.893107672785861e-175
PPM1M,1028.4164,0.12121833530652514,0.016430446193354868,7.377665455947916,1.6108912052865134e-13,2.3043939044707794e-13
PPM1N,78.83897,-1.0155043480145356,0.03433502505054043,-29.576339219783144,3.0117191662467274e-192,1.884314397837035e-191
PPME1,2965.3894,-0.11891370667409375,0.01179309827912579,-10.083330424251216,6.546866326041843e-24,1.074640421929258e-23
PPOX,726.19293,-0.26099658463145053,0.014772417008787411,-17.66783218184242,7.419370793963372e-70,1.8616091939154586e-69
PPP1CA,9030.293,-0.5721741034439238,0.011823452011813231,-48.39315141400704,0.0,0.0
PPP1CB,14246.413,0.16520155997333622,0.01288153228322524,12.824682370160824,1.1927436374524477e-37,2.267326584023752e-37
PPP1CC,6503.926,-0.05625150232542606,0.009657114915973963,-5.824876561464512,5.715482822860072e-09,7.582036540731622e-09
PPP1R10,4464.6255,0.03238551239065126,0.009769765819582327,3.3148708974925865,0.0009168545848100104,0.0010855622269349812
PPP1R11,3787.5813,-0.07089910163949609,0.00949963781862008,-7.463347865802627,8.435125966909526e-14,1.2121883924635493e-13
PPP1R12A,2994.3118,0.5253951866429712,0.014175863165876955,37.06265928890045,1.123044292506993e-300,1.5681796125617196e-299
PPP1R12B,4356.23,1.819873262346225,0.028674745124363042,63.4660658517937,0.0,0.0
PPP1R12C,3090.2988,0.08029703667864785,0.01433032858427273,5.6032934769389975,2.1031667417942576e-08,2.759093478715722e-08
PPP1R13B,1859.761,0.0019665270905167035,0.018022771700208592,0.10911346618755335,0.9131124941898566,0.9169407748451855
PPP1R13L,2305.584,-0.7594313969927119,0.026396354629716824,-28.77031346357764,5.0464176144997374e-182,2.9404698401144863e-181
PPP1R14A,358.4675,0.8723153051164123,0.03585148227253951,24.331359537247454,9.132863282376014e-131,3.68628000725403e-130
PPP1R14B,3564.8708,-0.7612736278224799,0.017890755848090682,-42.55122781208395,0.0,0.0
PPP1R14C,1013.3404,-0.14419287807152079,0.04661198322476809,-3.093472281070019,0.001978290326361916,0.0023168438077773956
PPP1R14D,196.18939,-1.9401364691368512,0.06653215680742026,-29.160883431941734,6.080330358588458e-187,3.668922518390706e-186
PPP1R15A,4355.9478,0.008614750931064598,0.01994605152699984,0.4319025707621029,0.665812226268782,0.6800416954099299
PPP1R15B,4058.2747,0.19969268349926295,0.013070458883511778,15.278169288392224,1.0690185443764496e-52,2.319282666768983e-52
PPP1R16A,2454.7134,-0.532034553639953,0.01906845524362831,-27.90129283376174,2.5734185087730617e-171,1.388977397139734e-170
PPP1R16B,919.998,0.8447482651289603,0.03132927679514749,26.963541822318767,3.957740642136456e-160,1.9681397589950198e-159
PPP1R1A,785.22565,1.0704355797561282,0.06080167027823641,17.60536470227997,2.2405973965194857e-69,5.605348045679554e-69
PPP1R1B,4352.176,-1.021028733726861,0.059276563471725906,-17.224830083374815,1.7293482506632867e-66,4.214988750778625e-66
PPP1R1C,51.55656,0.30062486464456234,0.04564853663818649,6.585640784661646,4.529276795519295e-11,6.221262061798498e-11
PPP1R2P1,8.807653,0.022298746885024815,0.02588500720946446,0.8614541500638105,0.38898796320954454,0.40656121684804747
PPP1R2P3,137.0931,0.07681026835919565,0.015061350227372589,5.099826190855067,3.3996551796297205e-07,4.3692683417764964e-07
PPP1R2P9,0.9858356,-0.9025555036598184,0.13502896085066107,-6.684162404671277,2.3224913441346776e-11,3.2058852312182455e-11
PPP1R2,2740.107,0.057593109622841414,0.011336691882017476,5.080239475697222,3.769593701962912e-07,4.839217994719902e-07
PPP1R3A,3.0869095,-0.06399761347043473,0.1820720515805399,-0.35149608583459757,0.7252162084425553,0.7380124356534031
PPP1R3B,2804.6833,0.48340136579893117,0.024246553528035994,19.936910424814815,1.9472637105755477e-88,5.652979022331038e-88
PPP1R3C,953.00183,0.81327954991643,0.03950406980380381,20.587234529393225,3.571828854235222e-94,1.0792351386668877e-93
PPP1R3D,634.7755,-0.18744739136582267,0.016981707383730615,-11.038194636742316,2.500057975925764e-28,4.306877672353413e-28
PPP1R3E,224.90967,0.2472519131390617,0.019862681142146385,12.448063349032012,1.432797329285645e-35,2.6702966703521095e-35
PPP1R3F,301.60645,0.6082765690714534,0.024603207181255124,24.72346652166925,5.982960837259485e-135,2.4772645858402656e-134
PPP1R3G,165.7775,0.02481224017012347,0.03476079244106663,0.7137996123704626,0.47535109940779674,0.49265287277760816
PPP1R7,2859.455,-0.1819932011371106,0.011336621447363263,-16.053566045414673,5.3971895212006454e-58,1.2267654511792335e-57
PPP1R8,2113.4924,0.0888002009577194,0.008041886388892572,11.042210330199385,2.3907852221127505e-28,4.119678064916927e-28
PPP1R9A,971.6705,0.6790113282350198,0.03339995295110591,20.329709123513503,7.021748468443774e-92,2.088165017076348e-91
PPP1R9B,4206.993,0.09251725875806614,0.013407019614006869,6.900658119527887,5.176217002970994e-12,7.2358282040295575e-12
PPP2CA,6363.6367,0.02924857941020115,0.00834959630526706,3.5029932395355057,0.0004600611395570661,0.0005499932319578573
PPP2CB,4457.603,0.6453809276369602,0.013315329145149766,48.46901797181982,0.0,0.0
PPP2R1A,15647.033,-0.18948985023867182,0.01064262928700438,-17.804796646450534,6.486743124074918e-71,1.643399741949244e-70
PPP2R1B,1833.4999,-0.06255256530136967,0.0175072521213787,-3.5729516469911697,0.0003529799581270733,0.00042367167595266394
PPP2R2A,2171.8464,0.008812493253243445,0.012429486139149832,0.7089990008103595,0.47832509689918745,0.49553331201763473
PPP2R2B,454.97995,1.754564525274371,0.04742248074135341,36.99858163987514,1.2068588671154164e-299,1.6657925203798482e-298
PPP2R2C,1061.3469,-0.29494606719092215,0.053314831278310396,-5.5321579402786645,3.163148808807574e-08,4.137128780580329e-08
PPP2R2D,1380.0349,-0.14026406163256064,0.009973592524692978,-14.063544433491726,6.361837167496175e-45,1.293783267336476e-44
PPP2R3A,1272.3904,0.5200146472250105,0.02619394635443958,19.852474315573062,1.0490588887055809e-87,3.0320542185060935e-87
PPP2R3B,624.79,-0.49022506159358975,0.02024496048498323,-24.21467119964081,1.5587403681573883e-129,6.230982751878317e-129
PPP2R3C,882.60974,0.30975373273586165,0.012241718762145614,25.30312440224455,2.951078737726952e-141,1.2726331713912944e-140
PPP2R4,8618.6045,-0.10907316138965206,0.011857460219510996,-9.198695114336235,3.6232276134948066e-20,5.682120704293696e-20
PPP2R5A,3590.6584,0.099903861168612,0.01501884415548378,6.651900781068724,2.8933173539832634e-11,3.987884910279958e-11
PPP2R5B,1145.7805,0.29436741610058664,0.015991239507837245,18.40804247577671,1.1324228166472357e-75,2.9844655176855756e-75
PPP2R5C,4397.671,0.1806229462198561,0.009129589538793689,19.784344679719542,4.061429070972787e-87,1.1688808942032085e-86
PPP2R5D,2948.9124,-0.03007968403320935,0.010054457747844971,-2.9916764073782596,0.0027745018566062265,0.0032322089321724745
PPP2R5E,1464.1534,0.20781839658018575,0.012612919895433214,16.476628592197038,5.401416896877142e-61,1.2592172976471055e-60
PPP3CA,3484.5862,0.28064380422876456,0.023074063079717065,12.16273888387956,4.908492618112786e-34,9.006940172344138e-34
PPP3CB,2404.426,0.38459672316842947,0.011659029774958059,32.98702641573904,1.2466670922561434e-238,1.1141745097121522e-237
PPP3CC,676.9789,0.29604605782620363,0.013368245591992034,22.14546821338649,1.1535634983877892e-108,3.922732464285452e-108
PPP3R1,3522.004,0.12105099895634376,0.010544036980044642,11.480517299535423,1.6528861300019406e-30,2.922371578003431e-30
PPP3R2,0.8663749,-0.09855145170759284,0.06322500087397084,-1.5587418006373739,0.1190575039678713,0.12943299638393185
PPP4C,4801.877,-0.581097311139682,0.012386934760697391,-46.91211525416687,0.0,0.0
PPP4R1L,155.57642,0.14637888358078968,0.022478535599461818,6.511940376769663,7.418616791218533e-11,1.0157752320426265e-10
PPP4R1,4089.5837,-0.17575694661318184,0.01568495568845471,-11.205447443026694,3.834114804492104e-29,6.663713787318999e-29
PPP4R2,836.3263,0.28689445792738594,0.016549873976206685,17.33514456604603,2.5542405267744784e-67,6.284203369740376e-67
PPP4R4,108.98163,0.5754240413787574,0.04989902772406744,11.531768606008674,9.124962424379783e-31,1.6188141338266646e-30
PPP5C,2921.688,-0.07248008326389781,0.009423007828744863,-7.691820338172435,1.4505621705682088e-14,2.1095789149652234e-14
PPP6C,3343.273,0.18159150328719822,0.008643955998737707,21.007916203381455,5.551808091446927e-98,1.7319837715870055e-97
PPPDE1,2723.6233,0.0300943466638833,0.013037534517023249,2.3082850998084634,0.020983284628439333,0.02364524778604065
PPPDE2,804.71136,-0.4812439411719724,0.015538217516649596,-30.971631118968908,1.2995260801584801e-210,9.438833915785407e-210
PPRC1,2574.6506,-0.2629469404536246,0.0130388204624601,-20.16646683729343,1.9294008950051455e-90,5.686258370209866e-90
PPT1,8383.599,0.2692365649030808,0.01452455656017459,18.536646112922327,1.0454130710385227e-76,2.778533252385546e-76
PPT2,1152.4677,0.034573900449453125,0.018762847767012668,1.8426787275990257,0.06537593168218869,0.07205048411831752
PPTC7,1091.9764,0.17747801350657383,0.021205453658097426,8.369451385860959,5.788710359267478e-17,8.716245411162382e-17
PPWD1,859.7653,0.04480622478781111,0.0100313875975106,4.466602885420385,7.94714512222638e-06,9.928566982290555e-06
PPY2,2.026155,-1.0674905627234355,0.10168850072732948,-10.497652685290698,8.85547827371175e-26,1.486794344173656e-25
PPYR1,56.40306,-0.30873328277200013,0.0589049286998637,-5.241213079894867,1.595243744414592e-07,2.062722603527258e-07
PPY,29.934431,0.8437386538388428,0.15325008704839746,5.50563246057005,3.678452532636035e-08,4.804311977927703e-08
PQBP1,2981.4236,-0.4215389455698436,0.014011265099266259,-30.08571621358579,7.450862833493422e-199,4.910719210977422e-198
PQLC1,2685.356,-0.17472179234577992,0.017344162118098246,-10.073809916909255,7.212866875008298e-24,1.1831030994867382e-23
PQLC2,863.4786,-0.36558663874485087,0.013657815341190344,-26.76757809444715,7.709494383451448e-158,3.7639711307599044e-157
PQLC3,1172.1958,0.04238976276493588,0.01893411499971884,2.238803491241357,0.025168705026158297,0.028277118571136073
PRAC,262.27023,-0.9107455240546842,0.18911590855866628,-4.815805983726423,1.4660691929997154e-06,1.8595540901053646e-06
PRAF2,1915.9775,0.2617123021838472,0.021610339632953248,12.110513144585958,9.291107664600351e-34,1.699377063548635e-33
PRAM1,213.35881,-0.717776145160654,0.03711761804532048,-19.337882734938756,2.5784657225211678e-83,7.204911288060453e-83
PRAMEF10,4.4454584,-0.3186204654061413,0.26857416200797346,-1.1863407225177607,0.23548777089899908,0.25068211909713584
PRAMEF11,2.1576738,-1.2428017022749935,0.14842533267103702,-8.37324518604571,5.605281152875597e-17,8.440674481612004e-17
PRAMEF12,1.0654588,-1.1862455450274958,0.14933437485879625,-7.943553158133587,1.9647043865608123e-15,2.897248776328522e-15
PRAMEF13,0.37428787,-0.6514896014298612,0.34770417630100087,-1.8736893193536999,0.06097325890412435,0.06735145016705917
PRAMEF14,0.27074564,-0.6029554518668726,0.1753722859107414,-3.4381455925924165,0.0005857126886847018,0.0006979528609266516
PRAMEF16,0.2528685,-0.40116895680553527,0.18102183617699205,-2.2161357175346343,0.026682208728759236,0.02994614594866644
PRAMEF17,0.08372906,-0.4752917132218772,0.3483423765354672,-1.3644383952047947,0.17242963068577777,0.18544610941002374
PRAMEF18,0.72824293,-0.9510895954088721,0.1591642537106789,-5.975522601561759,2.2935373763231406e-09,3.0633161086769544e-09
PRAMEF1,0.52903503,-0.6347516658494498,0.1543874636143944,-4.111419742180857,3.932335685240096e-05,4.835905902494902e-05
PRAMEF20,0.4837137,-1.1225171074691769,0.16508486534846745,-6.799636690496883,1.0488330960921615e-11,1.4578543731371825e-11
PRAMEF22,0.28707844,-0.7049697031368825,0.1894688195443204,-3.7207689625784384,0.0001986170831668192,0.00023993622477857187
PRAMEF2,0.586963,-0.8324727028453719,0.1619648070507693,-5.1398369683139,2.749769480830858e-07,3.540958688186935e-07
PRAMEF3,0.119855925,-0.605813763658897,0.5100030975811294,-1.187862910112083,0.23488742432506549,0.25005611126511235
PRAMEF4,3.2151291,-0.9376162150600418,0.15858719810958474,-5.912307085545096,3.3734884383992915e-09,4.490999223002104e-09
PRAMEF5,0.8331789,-1.592384320799311,0.2331877705337705,-6.828764292202451,8.564916312325395e-12,1.1931923580308794e-11
PRAMEF6,1.4396945,-0.8811416114630848,0.15939833548720145,-5.527922288334273,3.240455222957208e-08,4.2368780350771176e-08
PRAMEF8,4.015772,-1.7737164417549915,0.12603888814733805,-14.07277125200864,5.5837660051269605e-45,1.1357767219340571e-44
PRAMEF9,1.3620898,-1.7184063436881236,0.19747026878841664,-8.702101608669727,3.257936780637625e-18,4.98896840293354e-18
PRAME,2534.4802,-0.845048199813333,0.07108932435005817,-11.887132245794675,1.3806614791596333e-32,2.4932488073630455e-32
PRAP1,1972.9982,-0.8275965270302202,0.08464898963178996,-9.776803369185355,1.4161256499030497e-22,2.2867149513305987e-22
PRB1,4.7359614,-1.5020415400347333,0.13453563392566448,-11.164637176085725,6.07386824271648e-29,1.0536629477970758e-28
PRB2,6.4504466,-1.3001407533097125,0.11308930213108727,-11.49658481226329,1.3723880895581323e-30,2.4287594849890486e-30
PRB3,23.836018,-3.169079373526139,0.07664859745109602,-41.345562461832415,0.0,0.0
PRB4,7.164734,-3.743477679754176,0.17990217577288384,-20.808406922660577,3.6321502318684968e-96,1.117193916507739e-95
PRC1,2172.1018,-0.5616902704177782,0.02551569465297853,-22.013520621599472,2.1373326817745965e-107,7.194767868427416e-107
PRCC,3580.9417,-0.1832732408321291,0.010137774113284613,-18.078252561572317,4.728302210412885e-73,1.2157553006036364e-72
PRCD,66.92332,-0.343775682501992,0.040736320297062686,-8.439046040365609,3.1993806199439836e-17,4.8324200639097533e-17
PRCP,5302.3037,0.466040195003034,0.015245825437448532,30.568380630824556,3.2225469527485714e-205,2.2414702224464698e-204
PRDM10,527.73145,0.06173228086603912,0.01151970803052709,5.358840753815055,8.375764027446618e-08,1.087999616121902e-07
PRDM11,62.752502,0.4343806046738403,0.021308747562967165,20.385083796701302,2.2682779362373337e-92,6.772235005698178e-92
PRDM12,6.746253,-0.485147365171801,0.0350639973023078,-13.836054143771854,1.5445545651871105e-43,3.0999197942275613e-43
PRDM13,14.371298,-0.7530675030889408,0.08542370260410855,-8.815673871911063,1.1896731694521575e-18,1.830591493982048e-18
PRDM14,7.8833156,-1.7282593227038037,0.1807248515908019,-9.562931204486127,1.1446783441656208e-21,1.8256565929391208e-21
PRDM15,539.731,-0.3346596992199867,0.014418065783370036,-23.21113693391433,3.5145659683838195e-119,1.2976613810360208e-118
PRDM16,332.57593,0.8510768431546365,0.04357089979154688,19.53314820732145,5.73900127625822e-85,1.6223316715265357e-84
PRDM1,1377.1841,0.06863810776187508,0.029328636203433633,2.340310244423821,0.01926772680703727,0.02173972789095942
PRDM2,2323.2021,0.23588789103733393,0.01388162307049753,16.992817759089284,9.282097780376032e-65,2.232682286279249e-64
PRDM4,1796.8853,0.04563330263777521,0.01066152910311702,4.28018365812403,1.8673914708404936e-05,2.3132475177877462e-05
PRDM5,106.70274,1.0405817581420551,0.026945062777435944,38.618642930512976,0.0,0.0
PRDM6,71.56542,0.8071370415926759,0.03353121149122057,24.071216210127314,5.006015978904745e-128,1.9766772559061615e-127
PRDM7,8.787478,-1.7552597844373654,0.09223887630992139,-19.029500950767396,9.717368143111795e-81,2.6640977380233374e-80
PRDM8,235.84164,0.7072401504455487,0.039823893907905326,17.75919130562861,1.4632765006983832e-70,3.6929275167619166e-70
PRDM9,1.6378788,-0.6183698093955123,0.10768728202323143,-5.742273347210222,9.341386745397202e-09,1.23342170536054e-08
PRDX1,18542.219,-0.432682918856652,0.015952040647396307,-27.123985477511585,5.134212995400326e-162,2.587953512586166e-161
PRDX2,10113.565,-0.2743690151930809,0.01761899210274519,-15.572344524198511,1.1221741970439301e-54,2.4771055489122167e-54
PRDX3,7139.372,0.08366930411199718,0.014466303212932807,5.783737758047074,7.305880555992784e-09,9.669142705548793e-09
PRDX4,4392.911,-0.2550258610579966,0.017538047344975886,-14.541291629655323,6.632919567041356e-48,1.381479380720153e-47
PRDX5,11067.191,-0.5143622237946209,0.01798813774299245,-28.594523298833337,7.859394211524454e-180,4.489601760730257e-179
PRDX6,12362.545,-0.018774388035872242,0.0159714439049764,-1.1754972279007594,0.23979584557372058,0.25512142663228354
PRDXDD1P,80.27145,-0.26536354467775425,0.02004155868956202,-13.240664001645742,5.10950837531438e-40,9.934531660111304e-40
PREB,3186.1174,-0.26572253833482107,0.0112432621799053,-23.63393595941736,1.7267561830562168e-123,6.57718037995164e-123
PRELID1,4786.8345,-0.5306231252819564,0.013584155134434806,-39.06191588881865,0.0,0.0
PRELID2,176.55058,-0.484473564624405,0.026497319790896652,-18.283870536628744,1.1124402992667995e-74,2.908085779760243e-74
PRELP,2677.1892,1.2487611962863416,0.03653597336956074,34.17894970677649,4.9690405967802004e-256,5.04059280068999e-255
PREPL,3760.6301,0.6645041191661067,0.015869755411585168,41.87236047009322,0.0,0.0
PREP,2225.8406,-0.3849143247824439,0.014913164941068844,-25.81037132650775,6.78226689514438e-147,3.0589315843651845e-146
PREX1,3889.589,0.6985649599329643,0.02720309618692693,25.679612171083512,1.9750592549568263e-145,8.796812813753233e-145
PREX2,211.75777,1.5579236551289601,0.041242489389137944,37.774724033493264,0.0,0.0
PRF1,553.2789,-0.3593169237342683,0.033439118785038816,-10.745406481675358,6.22869483034923e-27,1.0592215005937185e-26
PRG1,1.3856069,-1.4617555742372461,0.08816994030757022,-16.57884273413465,9.911920603050154e-62,2.3237769640430456e-61
PRG2,51.33045,-1.0726818248513335,0.042943717290421755,-24.978783685561062,1.0396935673458628e-137,4.380612859601494e-137
PRG3,0.14696248,-0.6232509665438039,0.3016442550756596,-2.0661788051871817,0.03881159936187255,0.04326117445433141
PRG4,1089.122,0.870589533555003,0.06362519035028931,13.683095150866523,1.2812079699760648e-42,2.545039814688526e-42
PRH1,118.18501,-0.48156070111069005,0.024262270694329145,-19.848129928879487,1.1437914925986187e-87,3.305386940782864e-87
PRH2,64.45702,-2.8382967882381838,0.04398357643908361,-64.5308321429743,0.0,0.0
PRHOXNB,3.3154733,-4.115945317025835,0.19836434665749753,-20.749420883242507,1.240768954403977e-95,3.795194582738968e-95
PRIC285,3192.91,-0.42238905586116393,0.02137932385390335,-19.756894967660347,6.997928072669235e-87,2.008894777657543e-86
PRICKLE1,839.4673,1.0900682327289888,0.030192554484724087,36.10387565187664,1.9716597165384074e-285,2.434264412917249e-284
PRICKLE2,1140.166,1.2810051938403892,0.024187425834761602,52.96161743674924,0.0,0.0
PRICKLE3,518.6323,-0.7393962839431543,0.02079231365961691,-35.561039336339896,5.609604477905004e-277,6.537260307136118e-276
PRICKLE4,209.88882,-0.03547692808218421,0.0265308697812607,-1.3371943089194271,0.18115921910426658,0.19443410521080517
PRIM1,408.90244,-0.29925056806983424,0.019994595095466267,-14.966573048417903,1.2141862284489352e-50,2.588441615182395e-50
PRIM2,514.3839,-0.2304509530713225,0.01954823628212549,-11.788836074282678,4.456573745994679e-32,8.003121186795949e-32
PRIMA1,437.21622,0.9559016135190868,0.04898760670342404,19.51313154174305,8.49173495210804e-85,2.3971607305874594e-84
PRINS,12.620845,-0.04419625510611583,0.046019474885988225,-0.9603815605373732,0.336863215005055,0.3540628907737695
PRKAA1,3277.6665,0.18684250798848273,0.015378865873617115,12.149303435243324,5.7856416111189835e-34,1.0609789007455539e-33
PRKAA2,703.52356,1.109839556057268,0.03870959568874982,28.67091573317106,8.796113133614091e-181,5.075965626055819e-180
PRKAB1,2286.034,0.013274982028929646,0.016253902398146745,0.8167258362793692,0.4140851231001732,0.4317283259689879
PRKAB2,1513.667,0.4024592623446933,0.018520653574020936,21.730294815795595,1.0611868398461377e-104,3.497038341279947e-104
PRKACA,4841.7964,0.054055843517889765,0.013927625090718607,3.881196052147661,0.00010394400320453101,0.0001264835312438615
PRKACB,3072.6736,0.6165996996527155,0.024661004502198273,25.003024495524993,5.667479324479651e-138,2.3923742808849518e-137
PRKACG,0.6955725,-0.24561963192120476,0.07159031792862301,-3.430905728985482,0.0006015696184584288,0.000716387217021242
PRKAG1,2528.3901,-0.021511059210573363,0.008532326050119226,-2.521124847341339,0.01169803390393097,0.01332812537076113
PRKAG2,1325.2019,0.33760526118369977,0.017992617587328803,18.763543411352018,1.5005458939304107e-78,4.045234885398468e-78
PRKAG3,5.4691095,-0.6320183505083053,0.09367449091343302,-6.746963280455611,1.509714621458407e-11,2.090334601351449e-11
PRKAR1A,12585.545,0.4557585899956009,0.013243361663928482,34.41411641252465,1.550742860716233e-259,1.6083328528436978e-258
PRKAR1B,1081.1729,0.32672169930140094,0.023414129644091064,13.95403990102423,2.9727799227985547e-44,6.012002229885346e-44
PRKAR2A,655.98096,0.3566544000095235,0.02175097798696029,16.39716615148697,2.003691957766559e-60,4.64720489498398e-60
PRKAR2B,1030.2792,0.8214783286862469,0.03393944743704826,24.20423403209335,2.0076920183181387e-129,8.01619960795038e-129
PRKCA,2268.6592,1.104222207447525,0.02848994935566089,38.7583071371139,0.0,0.0
PRKCB,1046.1044,0.284121177071097,0.03972726109179026,7.151793737167835,8.565120435240651e-13,1.2121318430492452e-12
PRKCDBP,1030.1676,0.15223411262324313,0.030057707254292385,5.064728035818613,4.0898380491029406e-07,5.246031555045789e-07
PRKCD,3391.7034,-0.32527492538159414,0.01989144675628751,-16.35250212651212,4.1747942942262333e-60,9.657384051375058e-60
PRKCE,746.1839,0.6526121491784641,0.02257681384473509,28.906299784663958,9.949570244583986e-184,5.861206614857795e-183
PRKCG,79.53943,1.1080271471274898,0.07021650039377782,15.780153395763325,4.261511511108584e-56,9.51734454307368e-56
PRKCH,1471.0828,0.153506380632394,0.019906098137339016,7.711525361389293,1.2432274550865631e-14,1.8101171249451002e-14
PRKCI,2866.5403,-0.0865204346205789,0.01994862783955433,-4.337162200651483,1.4433411377614283e-05,1.7931886387798204e-05
PRKCQ,327.56253,0.2544635732607035,0.035552083449984846,7.157486947809579,8.216941067714781e-13,1.1630193492603255e-12
PRKCSH,15555.432,-0.29786498115091864,0.012036054248809184,-24.747726704570862,3.2800145898435865e-135,1.3603140565211973e-134
PRKCZ,1548.4954,-0.18543630637214945,0.020907567726567697,-8.869339025816549,7.358134095746196e-19,1.13531073933533e-18
PRKD1,612.40594,1.2281770163917842,0.030188470645319786,40.68364478682833,0.0,0.0
PRKD2,2910.7058,-0.38334697832791825,0.012046395827266873,-31.822545417295434,3.157374418283617e-222,2.4992607224664136e-221
PRKD3,2071.5127,0.45668949730375,0.01685446488355567,27.09605439620492,1.095905704148202e-161,5.511745116292798e-161
PRKDC,10604.811,-0.07568978341200845,0.017734121854948243,-4.268031088942202,1.9720584885364256e-05,2.4414192014662868e-05
PRKG1,146.26895,1.6790590141885027,0.032851040953980296,51.11128796620567,0.0,0.0
PRKG2,91.65541,0.2722354536393502,0.048434306075459746,5.620715474176763,1.901682430615372e-08,2.4970237087970566e-08
PRKRA,1885.5988,0.07066060405352063,0.009028182157730436,7.826670177785134,5.0096105374556574e-15,7.335346729866206e-15
PRKRIP1,1457.2848,-0.12485087182146935,0.012974733066172627,-9.622615832226804,6.417792534806564e-22,1.026957778952502e-21
PRKRIR,2411.7778,0.09106681856099262,0.013336868009067497,6.828201231284432,8.598591944607848e-12,1.1978018022598096e-11
PRKX,1994.1438,-0.004264500420079195,0.02373508316265681,-0.17967075956104817,0.8574110503283123,0.8652736975133395
PRKY,245.01822,-0.6629730431871025,0.05394999684557394,-12.288657682127237,1.042222523733429e-34,1.9256382939185841e-34
PRLHR,55.276546,0.9260617894669126,0.13936357934940802,6.64493401927572,3.0335293587752615e-11,4.179159846752304e-11
PRLH,0.3505559,-1.159099694360365,0.18114819566495222,-6.398626771332632,1.5678054603860219e-10,2.1359041332975789e-10
PRLR,1807.9583,0.29891401520253524,0.05138619794554772,5.817009764358996,5.99096436462852e-09,7.941792127846857e-09
PRL,7.46056,1.328289480870824,0.08967818646321042,14.811734416771925,1.2302444874454237e-49,2.60250909392159e-49
PRM1,0.31742203,-1.0205139407458783,0.3218116112529787,-3.171153261911498,0.0015183501208102074,0.0017849688248975063
PRM2,0.53541267,-1.2579525667244638,0.2224144573898325,-5.655893872580471,1.5503724867680705e-08,2.0378354611731647e-08
PRM3,0.03937427,-0.4214426067946217,0.37517819935174335,-1.1233131549829305,0.26130451873572835,0.2772224438218183
PRMT10,446.69882,0.3719199499109163,0.011955949588601977,31.107520749793107,1.905690485532142e-212,1.4067422985840781e-211
PRMT1,6105.7646,-0.488642380770394,0.013443282351558833,-36.34844288707012,2.780813590808992e-289,3.533994000953825e-288
PRMT2,4170.642,0.21547972493704032,0.012110018771239765,17.793508747384095,7.935178539937657e-71,2.0081081403926754e-70
PRMT3,822.31915,0.05795612613396781,0.01411534576997115,4.105894894708362,4.027525930450513e-05,4.951772475272782e-05
PRMT5,3169.1575,-0.01532232850248219,0.011431452464119333,-1.3403658503217688,0.18012643244321536,0.19336641382079733
PRMT6,975.21344,0.11214148239045754,0.014760421381363497,7.5974445100901615,3.020356602944842e-14,4.371325803608021e-14
PRMT7,1370.7184,-0.3460703974253444,0.012857435495717816,-26.91597383790909,1.428063155646013e-159,7.065355476499922e-159
PRMT8,45.387726,1.4272916139780347,0.07488052574964563,19.06091870602003,5.333013192706725e-81,1.4658406317040125e-80
PRND,88.76918,1.5946103912114342,0.04790961274984141,33.283725325388126,6.640792253628962e-243,6.109348824746137e-242
PRNP,7713.207,0.42288597347589313,0.023533286814190528,17.96969445087856,3.365633124451973e-72,8.600593043895786e-72
PRNT,0.20261167,-0.6742117321851389,0.2371635841831883,-2.842813050355862,0.004471729178102997,0.005171254435501216
PRO0611,2.3158119,-0.8885573290450084,0.04964927593396268,-17.89668252618341,1.2515890833009816e-71,3.1855359603606306e-71
PRO0628,7.216376,-1.4729782750702987,0.06124073501266625,-24.052263167083915,7.904787266494975e-128,3.117055277136765e-127
PRO1768,2.729081,-3.412261269245915,0.1362224746638342,-25.049179863062925,1.7821438764103412e-138,7.543174049862399e-138
PROCA1,75.87462,-0.04060958748759286,0.025577743132926236,-1.5876923650592192,0.11235592034475343,0.12232375306410884
PROCR,1046.2859,0.028466062796826556,0.028437843009183242,1.0009923322114902,0.31683051544870955,0.33362741615911234
PROC,895.8205,-0.22432107346872973,0.061677510933317164,-3.6369994520572524,0.00027583251766086865,0.0003321704854523616
PRODH2,316.2791,0.9739639226097492,0.1638847808909877,5.942979679471318,2.798871423742673e-09,3.732867560823916e-09
PRODH,1357.185,-0.4022338635356349,0.04474940577590976,-8.98858558144636,2.504324244534174e-19,3.8890570018666096e-19
PROK1,25.367966,0.6307294277508142,0.06071720909583155,10.38798451284738,2.812330681879683e-25,4.695828783104114e-25
PROK2,31.898441,-1.5152927996265522,0.059118114612804216,-25.63161578394382,6.77907278112754e-145,3.005556244576995e-144
PROKR1,4.429443,-0.2306965070599894,0.07072859282722195,-3.261714927985944,0.001107404473911292,0.0013083593131592382
PROKR2,2.185687,0.7666863373560421,0.09564946214138881,8.015584407811183,1.0961455749029747e-15,1.622658893292348e-15
PROL1,18.83696,1.030914682732529,0.164056816875197,6.283888121008572,3.302083823024199e-10,4.4764365796344166e-10
PROM1,2251.8008,-0.07732825457187732,0.05437692902443514,-1.4220783696175383,0.15500350134958152,0.16718140940750847
PROM2,3806.6118,-0.8899168535206021,0.045521910764558936,-19.54919814599361,4.190556231966936e-85,1.185431906719673e-84
PROP1,0.5563957,-0.6590989536193643,0.08996313845290667,-7.326322368848716,2.36554377766386e-13,3.3744468728600423e-13
PROS1,3204.6187,1.0423221238491427,0.0330342883157934,31.552734355436915,1.644726452826676e-218,1.2683706762537233e-217
PROSC,2540.7322,0.08065621637975644,0.013888652513552816,5.807346414711617,6.34707280710947e-09,8.411121218508215e-09
PROX1,201.4707,0.5542754232927192,0.050129236085167825,11.056929380512093,2.029260755749313e-28,3.4987906272273266e-28
PROX2,3.8646674,-0.04162933628966777,0.03370074686167814,-1.2352645020162862,0.21673208043412484,0.23123616107107997
PROZ,57.908394,0.006438912843296847,0.06277812635879333,0.10256618374522336,0.9183072827143967,0.9217027198177087
PRPF18,849.89087,0.009239166722090865,0.009700504431991492,0.9524418845293063,0.34087292613483233,0.3581663864151038
PRPF19,6734.8945,-0.29622417739374163,0.01001852590288007,-29.567641014790883,3.8963014892696174e-192,2.4340227683350762e-191
PRPF31,3153.7026,-0.3329433645426519,0.011496927245336472,-28.95933473682758,2.1409509391470594e-184,1.268926351385589e-183
PRPF38A,1939.422,0.08686050274726212,0.009976704495549401,8.706332114578567,3.138662935162324e-18,4.808129322571087e-18
PRPF38B,2408.3882,-0.023988974564771372,0.011085579464725099,-2.1639802088023963,0.030465868353779856,0.034111786493681136
PRPF39,1097.6752,-0.007681774824336199,0.012585452159118087,-0.6103693953316407,0.5416171368253142,0.5582050870014463
PRPF3,1940.2424,-0.13879988736975418,0.011899791459250636,-11.6640604875352,1.9453868007602657e-31,3.4766616815904366e-31
PRPF40A,4574.2324,-0.04628550910786661,0.010769639893345583,-4.297776858487702,1.7251970762211483e-05,2.139055254250083e-05
PRPF40B,973.538,-0.16425634300205982,0.017262477270875896,-9.51522428818384,1.8132132499874246e-21,2.886029908255334e-21
PRPF4B,3437.0034,0.08196726588736528,0.010894606751523163,7.52365530549375,5.3265660579295647e-14,7.685037089744739e-14
PRPF4,1825.9996,-0.18067417965179516,0.01090506193607755,-16.567918707005713,1.1886943482222717e-61,2.7845619877410228e-61
PRPF6,7424.0327,-0.17713949743085378,0.011210548906004383,-15.801143986444558,3.0552151578849066e-56,6.830034632631911e-56
PRPF8,14922.614,0.1241245254336498,0.010978937181862899,11.305695931906993,1.2297529236776437e-29,2.149797335836609e-29
PRPH2,58.264233,0.7918593987299227,0.03258056443384199,24.30465562798552,1.7502777029409038e-130,7.0436654979588575e-130
PRPH,159.44437,0.006038315594451643,0.05735029787009601,0.10528830396189073,0.9161470434761309,0.9197612139716232
PRPS1L1,1.4322482,-0.31079992764793357,0.04686286237484737,-6.632115750034696,3.309089149334509e-11,4.5550876261866986e-11
PRPS1,2068.7769,0.25500169385831856,0.012967415594165269,19.664804602472785,4.3182779645231026e-86,1.232349608630864e-85
PRPS2,2485.0762,-0.2913971556626978,0.018224629426416294,-15.989195107601066,1.5198196341193347e-57,3.440676963308744e-57
PRPSAP1,1897.6514,0.01506031661390357,0.012051788492546261,1.2496333322824251,0.2114335210772813,0.2257723201307233
PRPSAP2,1293.6354,0.10998318714817636,0.01228829279967314,8.950241416049415,3.547057517476897e-19,5.500384187547577e-19
PRR11,261.7806,-0.46662560127182556,0.0362924123796139,-12.857387279494752,7.817458735187377e-38,1.4881312986412323e-37
PRR12,2660.3457,-0.1308169215442111,0.013223532996575013,-9.892736047022652,4.4762359175347945e-23,7.26670018699393e-23
PRR13,5355.752,-0.37274520199298594,0.01399906128039165,-26.626442625484223,3.354991853229663e-156,1.6182013537053474e-155
PRR14,1819.6677,-0.19637623201894916,0.010175265710492808,-19.299371397883455,5.436653137270545e-83,1.5149852343510952e-82
PRR15L,1555.2593,-0.765467224504076,0.0493714433934115,-15.504250471361058,3.246834341649928e-54,7.140790792011546e-54
PRR15,1138.3477,-0.6266513108065745,0.04832696756518738,-12.966907347565224,1.8848290295284785e-38,3.6085418668582183e-38
PRR16,168.1452,0.30796762083204815,0.03585850309506703,8.588412628814238,8.817908842739112e-18,1.3432383548771087e-17
PRR18,67.007225,2.0610238207648033,0.06125944181223131,33.64418218308498,3.792755019624488e-248,3.6371502329032006e-247
PRR19,109.1019,-0.4264092585435245,0.023909923063634063,-17.833987060881604,3.849630517520605e-71,9.771179118090263e-71
PRR20A,0.1941236,-0.5285881575970935,0.4186737094890306,-1.2625300935236838,0.2067581046705924,0.22091887545862238
PRR20B,0.12212154,-0.5606282830263672,1.136265697378507,-0.4933954129916972,0.6217332228296701,0.6369699418070277
PRR20C,0.12068853,-0.5779030965373636,1.0812593285721024,-0.5344722410862667,0.5930148498032994,0.6090495549182956
PRR20D,0.120440416,-0.5827093581341349,1.1361069083898812,-0.5129001098672704,0.6080211965831395,0.6238951434522522
PRR21,0.22328857,-0.6685569463894432,0.2215898216303756,-3.0170923080782748,0.0025521208300899926,0.0029775718040001235
PRR22,134.05325,-0.6733175395856975,0.023418730766730456,-28.75123960783725,8.740077937173463e-182,5.08107500636535e-181
PRR23A,1.6321278,-2.100679640026149,0.15658509837922677,-13.41557824958926,4.900954041029213e-41,9.603322745073508e-41
PRR23B,0.68671477,-1.3017885686129893,0.19870190629820902,-6.551464919814525,5.697537322794305e-11,7.814346695955891e-11
PRR23C,0.5112396,-1.42822351322764,0.22007781249604155,-6.489629722457046,8.604758970487122e-11,1.1772346474037182e-10
PRR24,529.7724,-0.21705462399231362,0.019885151574496326,-10.915412094253119,9.728707862657686e-28,1.6675093734285894e-27
PRR25,0.64229083,0.09398256492510156,0.06228554781547184,1.5088984238131102,0.13132474270631764,0.1423512105610649
PRR3,698.84503,0.18585677302808956,0.01587083909815908,11.710582652787894,1.1250382189628481e-31,2.0143042036641126e-31
PRR4,226.05885,-0.9350074753174861,0.03568247305422944,-26.20355023869792,2.4210203772104177e-151,1.1294581544369132e-150
PRR5-ARHGAP8,86.942726,-1.0036273789489751,0.04066250293173169,-24.681888880130323,1.6737844589906778e-134,6.912084746570225e-134
PRR5L,654.2905,-0.07675635279525021,0.026788191518691364,-2.8653055112620702,0.004166070961526463,0.004822437952337802
PRR5,887.36096,-0.5946697459439158,0.019032484615386782,-31.24498760730146,2.61146814933912e-214,1.955383598837629e-213
PRR7,288.85614,-0.7542615655977875,0.0298162542771453,-25.296992660005003,3.447143180023307e-141,1.4862428632379184e-140
PRRC1,3461.8381,0.12437570115010986,0.01132298954771358,10.984351846834011,4.5448915713632555e-28,7.805098903533068e-28
PRRG1,653.4921,0.8540785950560631,0.02283989730525188,37.39415215582749,4.863270605916623e-306,7.052088765374397e-305
PRRG2,399.5612,-0.639978125421819,0.03132551121021739,-20.42993396427249,9.06244114044656e-93,2.713268223211052e-92
PRRG3,9.059856,1.2093303565307725,0.05010457291310712,24.136127427491104,1.0443115798941238e-128,4.142856479942414e-128
PRRG4,597.66437,-0.6140825262243133,0.02969057020800611,-20.682746135293993,4.953897474214187e-95,1.5093744189992013e-94
PRRT1,223.6481,0.9120030969113124,0.033427611301957566,27.28292753774794,6.7632009063348886e-164,3.461337537759477e-163
PRRT2,355.62518,1.309588583248084,0.03615842934564246,36.21807160730298,3.162793819810626e-287,3.9723207512353197e-286
PRRT3,386.30634,0.10118635943019605,0.026055021239797426,3.883564649551702,0.00010293614590772098,0.00012527210201059786
PRRT4,109.52763,0.08118274572499401,0.051165033953963164,1.5866840975428633,0.11258420978018929,0.12255918762244004
PRRX1,2396.6677,1.1421406477479359,0.035921756234065384,31.795234072236674,7.533360954992241e-222,5.951559785901709e-221
PRRX2,306.0381,-0.29550314140541617,0.041945290963576985,-7.044965826128494,1.855070296916212e-12,2.6104075321341692e-12
PRSS12,359.37076,-0.40386652728851163,0.043448835128001705,-9.295221059407172,1.4690061900486275e-20,2.3153593731671446e-20
PRSS16,1109.615,-1.5417884871223666,0.045562926377884644,-33.83866247605028,5.3284078244569024e-251,5.215435331640293e-250
PRSS1,601.58984,-1.0550851110443737,0.10498684033829325,-10.049689157656635,9.215765262249041e-24,1.5090787820648937e-23
PRSS21,248.11469,-0.9433511446497401,0.06265381310823737,-15.056563963953117,3.126179507832097e-51,6.700272512891216e-51
PRSS22,670.2042,-1.4953608793197584,0.05332511754369499,-28.0423362985454,4.953697027128853e-173,2.7096270224426736e-172
PRSS23,6784.6567,0.5835429496081594,0.028223390380334733,20.675862883388945,5.7135858176410784e-95,1.739797990747154e-94
PRSS27,292.89948,-1.9004880841060472,0.040462906702483585,-46.96864953573384,0.0,0.0
PRSS30P,10.470396,-0.6197133987736613,0.039848873577232914,-15.5515913786764,1.5520096273771365e-54,3.422220730398692e-54
PRSS33,61.378666,-1.6661642485725083,0.08306557474573636,-20.058420755802093,1.704106729549846e-89,4.987623477128424e-89
PRSS35,109.45735,2.2735931902289974,0.0444892944100864,51.10427621692151,0.0,0.0
PRSS36,94.89807,-0.5457861801998639,0.02165799939083252,-25.20021218722937,3.9842679149235566e-140,1.7055447956250775e-139
PRSS37,1.3532243,0.20393193635579485,0.05107906401623808,3.992475983721328,6.538695710258337e-05,7.997194879559623e-05
PRSS38,0.39870343,-0.550361252696494,0.12024367367410431,-4.577049551797084,4.71579787060201e-06,5.919534425524775e-06
PRSS3,901.44354,-1.741838746152986,0.06686088725817425,-26.05168458843676,1.2874996534853174e-149,5.935734928738129e-149
PRSS41,3.3577278,-1.5212846692397117,0.10442765615861244,-14.567833131570742,4.499374361568866e-48,9.390339582489035e-48
PRSS42,0.4111172,0.16414000267487908,0.06952932093189769,2.3607307028879267,0.018238969804330978,0.020598390538990093
PRSS45,8.959818,-0.5141350975946208,0.053484381445678075,-9.61280814506207,7.059685730334091e-22,1.1290506031725983e-21
PRSS48,0.56122893,0.4574212277962975,0.08321986333074766,5.496539041146103,3.87317377341501e-08,5.0570092254829854e-08
PRSS50,77.64802,-0.6261090719001161,0.05439344811443859,-11.510744282709249,1.164688448681638e-30,2.062621096617038e-30
PRSS53,116.05988,-0.3531304399258383,0.022486525699905613,-15.704090735872132,1.4179612006735554e-55,3.1536237802614065e-55
PRSS54,1.1121545,1.3855178682752616,0.12506643726929909,11.078254874182571,1.5995992161103665e-28,2.7633636351965172e-28
PRSS55,1.5177249,1.0580840728550993,0.07614156011195877,13.896275191883243,6.672447282923531e-44,1.343796164141262e-43
PRSS8,6828.829,-0.8835869888400086,0.04474474079220872,-19.74728142785141,8.46538798233184e-87,2.42810416923491e-86
PRSSL1,51.499916,-5.258907421664291,0.09077747826666539,-57.931851843426074,0.0,0.0
PRTFDC1,440.43445,0.8512504213046921,0.02979084511807133,28.57422869109268,1.4048652611972996e-179,8.009423649598381e-179
PRTG,215.70815,1.225450392588285,0.038725931691108204,31.644181019656617,9.11829157656257e-220,7.082766051401654e-219
PRTN3,52.126858,-3.848356840692665,0.08697217906582018,-44.24813638140819,0.0,0.0
PRUNE2,3434.2346,1.637358663927819,0.04416667425220825,37.072265269010025,7.864037340510464e-301,1.0988602348349521e-299
PRUNE,1763.5773,0.055646724170622296,0.012671379704387623,4.391528426170824,1.1255661638059746e-05,1.401982351112012e-05
PRX,475.49622,0.9298999232448523,0.02475976604944134,37.55689457598223,1.0872890801120683e-308,1.5994305189307513e-307
PRY2,1.1446698,0.4472619223824829,0.12873570399749373,3.474264780431001,0.0005122552713872034,0.0006114925283009132
PSAPL1,45.22842,-1.3830080465038554,0.09011841288844394,-15.346564616221748,3.7344567060223004e-53,8.136751292584334e-53
PSAP,80313.05,0.21860649408794153,0.014200371362568633,15.394420927904445,1.7841454315359792e-53,3.897780538753192e-53
PSAT1,3028.9863,0.5513436708360552,0.035222424424712566,15.65320047785309,3.1592363426183505e-55,7.004126396533486e-55
PSCA,3141.2532,-2.2499363523422913,0.07014738074177239,-32.07441715642658,1.0027118548143643e-225,8.14613354036937e-225
PSD2,524.4175,3.536655476482796,0.05901611451123249,59.92694547536957,0.0,0.0
PSD3,1942.0414,0.7484967918116411,0.02755006192667283,27.168606509990365,1.5265213506994373e-162,7.730957258430309e-162
PSD4,2712.6465,-0.45040701947786493,0.021634222337063712,-20.819191578068807,2.900373106974792e-96,8.927834303734472e-96
PSD,738.9892,1.3114605578631306,0.04531543100951439,28.940705818019858,3.6737011098622033e-184,2.171056049221614e-183
PSEN1,4052.2507,0.0978626913058348,0.009028036558942843,10.83986431234548,2.228012595847074e-27,3.805378224735787e-27
PSEN2,1229.3727,-0.19499826153267114,0.017902479499549036,-10.892248838356895,1.2550233967018782e-27,2.148589079503325e-27
PSENEN,2811.3972,-0.45742232717664205,0.015558230145252278,-29.400665943756348,5.385049360238456e-190,3.317222993194999e-189
PSG10,0.357669,-0.08743317451920105,0.14192928921387707,-0.6160333431068314,0.5378725136560405,0.5546265450528428
PSG11,0.5185568,0.6512387077523915,0.17114395952832398,3.8052100088558065,0.00014168392524253754,0.00017183195532333482
PSG1,8.43563,1.307992588375664,0.11645887319926436,11.231369087159658,2.8601203550469115e-29,4.9798332599332993e-29
PSG2,0.84475416,0.45802310475468866,0.1651652669490161,2.773119998020366,0.005552164299992326,0.006395276547866691
PSG3,2.4558206,-0.2429395897620093,0.11593619448163382,-2.095459410654495,0.036130173001076654,0.040325321645135664
PSG4,34.09834,-0.6868303917688896,0.09135701348198354,-7.518091557407785,5.558157553705248e-14,8.014060172513112e-14
PSG5,10.815216,0.05085461193425633,0.09723508236611622,0.5230068273380492,0.6009695021423712,0.6169703037727061
PSG6,1.1554548,-0.7238595969535951,0.15241142468856775,-4.74937885025814,2.0404238655833173e-06,2.5806665514947354e-06
PSG7,0.61993814,-0.4220881689209225,0.1348400979921491,-3.130286726323041,0.0017463575657135375,0.002048518879947102
PSG8,5.541912,1.177816893724034,0.12377741659525206,9.515604107132525,1.8066012784759367e-21,2.8757306824465673e-21
PSG9,5.5357428,-0.6513635982387044,0.09478356892161839,-6.87211513186797,6.325686676031743e-12,8.831149628837018e-12
PSIMCT-1,41.09005,-0.20038472662864523,0.022755672088226483,-8.805924336215142,1.297785743515519e-18,1.9960429064162916e-18
PSIP1,3403.2527,0.5559304851383877,0.018585673706053032,29.911774732025496,1.383181511044238e-196,8.956804193177367e-196
PSKH1,2014.7197,0.09851454984069721,0.012678512651142032,7.770197699950506,7.836371983605091e-15,1.1440709732105848e-14
PSKH2,0.6391893,-0.4819560557879397,0.15546219670556113,-3.100149528317448,0.0019342296889214522,0.0022660249877288438
PSMA1,5069.0054,-0.27265060472858677,0.009443530545967697,-28.87168134856154,2.70805702143393e-183,1.5925283910853084e-182
PSMA2,5191.7935,-0.2757515353581875,0.011140353284784512,-24.752494674904867,2.914353631566332e-135,1.208910464243255e-134
PSMA3,3131.6174,-0.3792136058954561,0.011937809953432318,-31.765759999088104,1.9239540791422218e-221,1.5152719960253962e-220
PSMA4,5301.222,-0.423967205887183,0.01167981900712266,-36.29912463785926,1.670193620406598e-288,2.1146437759861897e-287
PSMA5,3944.1055,-0.49023057675440607,0.012215622847798284,-40.13144338708559,0.0,0.0
PSMA6,5085.139,-0.3368403105575384,0.013482224387979445,-24.984030888690764,9.117714967841134e-138,3.8432206838566805e-137
PSMA7,7860.9263,-0.4612883610709822,0.01363776543237576,-33.824336058449404,8.655192134577176e-251,8.455424984062224e-250
PSMA8,3.4831233,-0.6656204163929945,0.06674695521960249,-9.97229632727146,2.0151493732190458e-23,3.2842159853799676e-23
PSMB10,3300.942,-0.9735172007731641,0.020176167327400286,-48.250848884023526,0.0,0.0
PSMB11,10.499707,-4.612811205140523,0.11274265889077827,-40.91451497173999,0.0,0.0
PSMB1,6867.3237,-0.3741813302913669,0.012115824747508825,-30.883686260673556,1.9781869944863703e-209,1.4190947505548983e-208
PSMB2,5124.1465,-0.36534744810223885,0.01126723138562154,-32.425663022104075,1.1937144187261068e-230,1.0059119143561592e-229
PSMB3,5788.917,-0.6351828092382733,0.01524626505814836,-41.66153525573138,0.0,0.0
PSMB4,11237.772,-0.4353647366345306,0.012535947572439095,-34.72930419649342,2.846177851258057e-264,3.0481501774730553e-263
PSMB5,5210.014,-0.25931435166097516,0.01172164337704374,-22.12269588143498,1.9115705607652324e-108,6.488440321210298e-108
PSMB6,4260.056,-0.293207336068701,0.012929474281220899,-22.677436815398046,7.482248722811718e-114,2.647394886126586e-113
PSMB7,5437.114,-0.3902044510131995,0.012633208345032445,-30.88720144211295,1.7744654998996244e-209,1.2733994752363924e-208
PSMB8,5093.379,-0.592621121302942,0.01900959509423652,-31.17484188196189,2.3368702705357823e-213,1.7382660518026304e-212
PSMB9,2342.9531,-0.7233823441968045,0.025515442043404658,-28.35076668341662,8.1898040181601e-177,4.5768932200307844e-176
PSMC1,1435.7892,-0.44953107233756157,0.013347687854221886,-33.67857244244549,1.1905904003721054e-248,1.1460628823250919e-247
PSMC2,4016.6807,-0.16807489610827245,0.010094876992384058,-16.649523935266796,3.0501894576599973e-62,7.194023073273851e-62
PSMC3IP,297.95767,-0.33382006291665955,0.021261391872420637,-15.700762439249171,1.494352009358087e-55,3.3217067975238884e-55
PSMC3,5634.269,-0.25712192340553697,0.011543631924672044,-22.27391908225988,6.615472576627752e-110,2.268942152755465e-109
PSMC4,4719.3906,-0.3591349145015265,0.011940183919203208,-30.077837739495415,9.445983918239204e-199,6.2156039622311555e-198
PSMC5,6557.4863,-0.2190879869698431,0.011490508009227528,-19.06686691257715,4.759821239490421e-81,1.3091759067115032e-80
PSMC6,2437.8896,-0.08042793585694463,0.010447838522534727,-7.698045455380199,1.3816322690431624e-14,2.0100508336036688e-14
PSMD10,2228.2554,-0.012731476726813237,0.010657524667588287,-1.1945997897178002,0.23224343145201132,0.2473060317449395
PSMD11,2906.3325,-0.3221131008881081,0.01352514573709453,-23.815869133644124,2.2874244525725036e-125,8.850185182425618e-125
PSMD12,1930.0936,-0.2325287455318365,0.012442434637340323,-18.68836383789447,6.157250498660815e-78,1.6502825553216895e-77
PSMD13,5363.404,-0.3742137711505692,0.01108057071543203,-33.77206650821673,5.07199837877666e-250,4.92891718346129e-249
PSMD14,3004.0837,-0.2793403071271891,0.011145820338933674,-25.062337148161294,1.2809831205186698e-138,5.42984287958351e-138
PSMD1,4926.779,-0.10765130468795404,0.010048936717035458,-10.71270600256226,8.872966189113566e-27,1.5063769066391185e-26
PSMD2,10869.483,-0.29251653616119017,0.013657496898933369,-21.41801959215786,9.076655005094373e-102,2.912856545534621e-101
PSMD3,7174.9683,-0.36743042760630623,0.0149039150497938,-24.6532824683129,3.3936098782015205e-134,1.3983101297369916e-133
PSMD4,7183.2183,-0.38723303670213843,0.013178887165487683,-29.382832695935672,9.100980664295397e-190,5.5977904937882165e-189
PSMD5,1882.4385,-0.012946788947595728,0.012963181782057766,-0.9987354312592663,0.31792287203524694,0.3347603698870231
PSMD6,2444.3433,-0.0959171540376836,0.00879723345287371,-10.903104316999936,1.1139081662214634e-27,1.908284782573441e-27
PSMD7,4210.6353,-0.29732570764565186,0.01092156481379208,-27.22372780045035,3.4023535856157815e-163,1.730847492492546e-162
PSMD8,7153.459,-0.2517105792054801,0.011328799380197891,-22.218645662086324,2.2680692731270115e-109,7.743689809088182e-109
PSMD9,2111.324,-0.2936929940592517,0.010319400537709718,-28.460276639715914,3.6362098280052453e-178,2.0558066061749176e-177
PSME1,8292.8,-0.391820900422655,0.013479791441366405,-29.067282096089855,9.307294259975702e-186,5.5666041080741875e-185
PSME2,5425.8564,-0.726075256784885,0.017438528329647845,-41.63626901648916,0.0,0.0
PSME3,5493.4253,-0.21819999477111562,0.010211780911320379,-21.36747709982964,2.6824105410205287e-101,8.573186217368437e-101
PSME4,4053.942,-0.1707380640017389,0.013811452233791394,-12.362064546985689,4.192489135222582e-35,7.77933706744409e-35
PSMF1,6516.613,-0.10024879129380833,0.008802246800373678,-11.389000282240723,4.744013025445406e-30,8.345576875921803e-30
PSMG1,1258.5088,-0.563985510845552,0.014857055211917849,-37.960787168182634,0.0,0.0
PSMG2,2199.482,-0.18781221442359813,0.009643312232463086,-19.47590308144853,1.7579684833795713e-84,4.94890491608472e-84
PSMG3,1635.6589,-0.738318549204736,0.0164168294642927,-44.973272751027245,0.0,0.0
PSMG4,534.54004,-0.6094630206928409,0.015817698137630162,-38.53044958816945,0.0,0.0
PSORS1C1,45.42202,-0.4057933713745929,0.03839326463548449,-10.569389585056111,4.1317511773301085e-26,6.961132259124766e-26
PSORS1C2,76.74962,-2.7113407563513796,0.05756390504130291,-47.10140415953287,0.0,0.0
PSORS1C3,17.395731,-0.4100366236001517,0.06243208335048179,-6.56772290135321,5.109050038208157e-11,7.01288765694983e-11
PSPC1,1804.761,-0.10440230525865944,0.010020382784865268,-10.418993715125147,2.030905400331572e-25,3.3971902921165456e-25
PSPH,941.42035,0.04697665406016918,0.01951735064300013,2.406917563732826,0.01608780086649531,0.01822150419143132
PSPN,4.0126543,-0.6140426296737211,0.034569530475406486,-17.76253889564871,1.3785534163649585e-70,3.479539921122513e-70
PSRC1,624.48865,0.36284333674810815,0.027888314886174326,13.010586628451627,1.0652120244044963e-38,2.0459105287595416e-38
PSTK,122.450714,-0.1390592832015886,0.01614091882806406,-8.615326344359504,6.974265526446317e-18,1.0635885532053975e-17
PSTPIP1,284.26413,-0.44324706161164557,0.030926707980966566,-14.33217728457992,1.3773377802106687e-46,2.8373186145207935e-46
PSTPIP2,651.87427,-0.5885454911781414,0.02553539838712685,-23.04822044502915,1.532605831203113e-117,5.574829751199602e-117
PTAFR,325.59915,-0.052461655261014636,0.03211760175564959,-1.633423804807794,0.1023798938390722,0.11171359516934672
PTAR1,2052.7039,0.41619509445017283,0.016215037473722327,25.667229886125636,2.715496644290451e-145,1.2081467696920735e-144
PTBP1,12770.385,-0.38078238131255665,0.008982543475903623,-42.3913763773073,0.0,0.0
PTBP2,783.50146,0.5706491471114485,0.01791132730521121,31.859679485920672,9.667520828504409e-223,7.682320708334163e-222
PTCD1,1124.7877,-0.3370427876681067,0.012134225023624013,-27.77621043057312,8.408723066180861e-170,4.496800444034046e-169
PTCD2,278.70557,0.23531880102149647,0.011641025341796037,20.21461118004836,7.281678920455145e-91,2.1522604695346442e-90
PTCD3,2592.4402,-0.06888776089358838,0.010595249193523781,-6.501759386244092,7.938600674763787e-11,1.0867534369117533e-10
PTCH1,1199.1381,0.7639548116310443,0.027665525829183815,27.613963181034627,7.563955603199379e-168,3.984335630673639e-167
PTCH2,122.61867,0.8285359038921215,0.03570924573133358,23.202279603601685,4.31823081632353e-119,1.5920836868803105e-118
PTCHD1,77.9664,1.7291009105419952,0.054022971689228726,32.00677149877612,8.777770230169107e-225,7.083100440587113e-224
PTCHD2,165.07716,1.7646072747911759,0.052643330399837054,33.520053943939644,2.4598525450124485e-246,2.3303926460636778e-245
PTCHD3,6.4017334,0.11543074365615034,0.07728914901940415,1.493492231712506,0.13530838620169758,0.14654449594001281
PTCRA,28.934937,-1.7612402210898048,0.049749222066236956,-35.40236707108424,1.570119976827599e-274,1.8090590044274527e-273
PTDSS1,4600.9434,-0.3629179349161473,0.013521104149218852,-26.84085048905669,1.0786578966822904e-158,5.2967670329365055e-158
PTDSS2,1559.8956,-0.1416841829112759,0.015405826919755441,-9.19679181450424,3.687960530796955e-20,5.78230176715404e-20
PTENP1,570.0369,0.01668902132480482,0.014822673933716952,1.1259116539589062,0.2602029159986373,0.276096897212501
PTEN,3749.3882,0.21988627941282832,0.013445744064423214,16.353596971597632,4.1004411742490526e-60,9.486463848470053e-60
PTER,987.4132,0.2830106702421601,0.02380548737259858,11.88846360557696,1.358831744009154e-32,2.4542632608483292e-32
PTF1A,3.06088,-1.0078070837237738,0.10837567507649867,-9.299200055846455,1.4150628396697203e-20,2.2310279836471647e-20
PTGDR,40.205208,-0.16442849008523538,0.036012414379574,-4.565883540940763,4.97394864236824e-06,6.240117106850814e-06
PTGDS,4887.9062,0.6612981553928126,0.0460802809790808,14.35100093450003,1.0501062814924063e-46,2.165631461193669e-46
PTGER1,38.547848,0.5588567877723022,0.048289327720578916,11.573091077309417,5.641294590571991e-31,1.0030665202572503e-30
PTGER2,262.98975,-0.06426669297761509,0.03693859065053415,-1.739825257157876,0.0818897060924366,0.08974498176971077
PTGER3,1046.0226,1.5882153750872505,0.05124501315371024,30.99258400663052,6.785209907734749e-211,4.9335745896989915e-210
PTGER4,684.13745,-0.05991446641146266,0.029191497790029716,-2.052462906919641,0.040124696367704854,0.0446832235723719
PTGES2,2556.5515,-0.6313592957661945,0.01433397996116313,-44.046335872996636,0.0,0.0
PTGES3,13356.346,-0.14165034764056073,0.009724542375112033,-14.566273884834485,4.6032291225165613e-48,9.604134218622122e-48
PTGES,1434.5947,-0.6884148685049656,0.039532023845099025,-17.414106376198387,6.448793745434547e-68,1.594691993966986e-67
PTGFRN,5702.835,-0.15475066472386767,0.023467773598941952,-6.594177503521026,4.276198487979804e-11,5.877607684092684e-11
PTGFR,217.8569,1.1144875143924462,0.0450888890084118,24.71756432465051,6.924451915109492e-135,2.864761563497544e-134
PTGIR,154.7127,0.25765476060751463,0.030840835859162512,8.354337793700488,6.580079877220784e-17,9.903440986200779e-17
PTGIS,1647.8497,1.6369579591556154,0.04272430555472928,38.31444274872282,0.0,0.0
PTGR1,3049.288,-0.15317904514209393,0.02935435167265062,-5.218273830411675,1.8059833018135022e-07,2.33358809606633e-07
PTGR2,747.67883,0.3576957601153756,0.017714115433315164,20.19269669219004,1.134972613211671e-90,3.351741722131768e-90
PTGS1,2239.5674,0.3438978258182819,0.036250489462215235,9.486708480908511,2.3844453645166464e-21,3.788132904892267e-21
PTGS2,1385.4087,-0.024347634726932996,0.045954850028328505,-0.529816433127822,0.5962392103990637,0.6122066816882458
PTH1R,466.28735,1.4502716742972825,0.04954490070025761,29.271865596649423,2.3663716897527722e-188,1.4432882334235078e-187
PTH2R,106.41958,-0.15727113383512595,0.05846101929340006,-2.690188021625566,0.0071411771549938045,0.008194522922924071
PTH2,0.13290104,-0.7176845645083685,0.2481518924763392,-2.892118038458233,0.003826541522188522,0.004434962931244229
PTHLH,1317.9622,-1.1731478842235776,0.053546006376643585,-21.909157444378465,2.1247651983349703e-106,7.111309333043179e-106
PTH,0.36315566,-0.4502100373810213,0.13871921058398307,-3.2454772160663077,0.0011725394691558825,0.0013834674617528029
PTK2B,2431.5583,-0.16981259121873465,0.021327639659680396,-7.9620902232216055,1.6915705480127727e-15,2.496823373232222e-15
PTK2,5186.711,0.16514822821326108,0.013489537178233185,12.24269046678232,1.838359780145413e-34,3.385848268860183e-34
PTK6,960.5205,-1.8109060693070211,0.040416737871710115,-44.80584442651354,0.0,0.0
PTK7,5879.4614,-0.15158541668712094,0.02552041088718947,-5.939771791182742,2.8541911325835823e-09,3.805899742485535e-09
PTMA,38211.742,-0.44136467100226373,0.013175082066945763,-33.49995611105749,4.826775183190927e-246,4.560014661465618e-245
PTMS,15050.222,-0.003087370934201539,0.020341556465807292,-0.15177653388476883,0.8793631909344608,0.8860655879353966
PTN,2725.552,1.8227643500554938,0.04700398788725507,38.77892987351672,0.0,0.0
PTOV1,6159.4336,-0.28544006028957875,0.015462629241990194,-18.459995116124237,4.333808044536138e-76,1.1464656702015493e-75
PTP4A1,9274.069,0.03285623548378985,0.020896510830059414,1.5723311777259246,0.11587376604803373,0.12603237541253973
PTP4A2,5107.6787,0.06312563387526723,0.013367916971276324,4.722174293190587,2.333365821022492e-06,2.947508515865044e-06
PTP4A3,2088.0881,-0.17859677667215101,0.02442316215798598,-7.312598406253169,2.6202525006346024e-13,3.7328193030872486e-13
PTPDC1,399.1729,0.20906803517369368,0.01415131345047527,14.773754811195433,2.1631814430222985e-49,4.568012757856132e-49
PTPLAD1,6812.7705,0.1850288855344605,0.016200550895008606,11.421147758096792,3.278749587279582e-30,5.777898627839091e-30
PTPLAD2,645.039,-0.06700049781549403,0.027474628014027964,-2.4386316634126946,0.014742986933105887,0.016728109623312868
PTPLA,189.55936,0.2567099997351702,0.03232538140514058,7.941437612684952,1.9985122296797858e-15,2.9466765993663643e-15
PTPLB,489.35376,0.2669432771402515,0.02612275325496926,10.218803298977363,1.6334490049191716e-24,2.703909935047517e-24
PTPMT1,1817.6405,-0.07700743302210929,0.010512498899590168,-7.325321387202374,2.383268583633214e-13,3.3992549456486345e-13
PTPN11,6361.806,0.578406847424114,0.012957231730694435,44.63969306452425,0.0,0.0
PTPN12,4085.9517,0.1357398551045499,0.014573123397062394,9.31439688021251,1.2264735010435149e-20,1.9356413959492187e-20
PTPN13,2608.0347,0.3577115540308055,0.03128670465388578,11.43334071095206,2.849316150791067e-30,5.026360585214048e-30
PTPN14,508.0395,0.4388615161634209,0.02546600988866243,17.23322648825342,1.4957063880379982e-66,3.649896482568094e-66
PTPN18,3445.1802,-0.2523708248378449,0.014606762628308826,-17.277670025850515,6.929113738896289e-67,1.6973869162578457e-66
PTPN1,3567.2317,-0.11290043251553224,0.014827609623538077,-7.614203191343028,2.6532312724839086e-14,3.843815233508852e-14
PTPN20A,0.9548658,-0.514367384155955,0.23847624874027695,-2.156891459309012,0.03101412255898161,0.03471228813514605
PTPN20B,98.269455,-0.06078830647224981,0.047624487441072366,-1.2764086237666192,0.20181110934056812,0.21591635793077021
PTPN21,1029.5833,0.9460346432388123,0.019546127131574845,48.400106930164505,0.0,0.0
PTPN22,241.44778,-0.6070564830166573,0.03554294877260792,-17.07951939779687,2.108483659010624e-65,5.095147633685139e-65
PTPN23,3717.7207,-0.06378026446886048,0.011691074651463053,-5.455466359619802,4.88444786531833e-08,6.368394113993972e-08
PTPN2,1348.9141,-0.3943258587314475,0.013749954314149632,-28.67833955823835,7.107682506585162e-181,4.103950883481773e-180
PTPN3,1927.3518,-0.12535827953426262,0.027462600831143883,-4.564690733592152,5.002312244383578e-06,6.2753142512419296e-06
PTPN4,458.5037,0.22711122977782933,0.014223008927846654,15.967875076923942,2.1395137066377385e-57,4.838742452059289e-57
PTPN5,82.60961,2.814009569150348,0.05361053499437431,52.48986173045353,0.0,0.0
PTPN6,2565.4468,-0.6765468473318185,0.01869482008724817,-36.18900017087056,9.067950997379689e-287,1.1353900021872884e-285
PTPN7,679.5686,-1.220999924960646,0.034453614122755175,-35.438950486016694,4.292620060707402e-275,4.954277313828911e-274
PTPN9,2294.7876,0.28892313205764414,0.010448123486073272,27.65311229741508,2.5603722495247114e-168,1.355698793968104e-167
PTPRA,4765.323,0.46492553885546667,0.011543334001771887,40.27653871785233,0.0,0.0
PTPRB,1822.7776,1.4385004037523696,0.02717031331778046,52.94382832203131,0.0,0.0
PTPRCAP,1006.36115,-1.5330288373002436,0.036041600475696,-42.53498227233315,0.0,0.0
PTPRC,2457.341,-0.20497623663385428,0.033889846874087665,-6.048308137697136,1.4637479910675465e-09,1.962363054796798e-09
PTPRD,1029.9105,1.367632343846867,0.04217621941519586,32.42662246190128,1.1571144255389153e-230,9.758779034609269e-230
PTPRE,1445.7175,0.3898939028455205,0.025088934730775878,15.54047260393439,1.8461693470861045e-54,4.0682067038993396e-54
PTPRF,20680.025,-0.28059012235303865,0.023528368209471368,-11.925609113856304,8.70450229050864e-33,1.5741247302581756e-32
PTPRG,1539.8536,1.099567042849074,0.023211971251673652,47.37068777688547,0.0,0.0
PTPRH,707.7486,-1.0771235186995234,0.04954171192119182,-21.7417500713934,8.268528267814065e-105,2.7270203629422736e-104
PTPRJ,2765.8425,0.21876216244629976,0.021500844322031754,10.174584735825272,2.5749594560647614e-24,4.250677010137232e-24
PTPRK,3826.8677,0.1314659909265106,0.0219243403590177,5.996348750918625,2.018033889963638e-09,2.698000523100191e-09
PTPRM,3127.4988,0.8764364764778514,0.02744184621644952,31.93795598025352,7.940531919562299e-224,6.362112922092438e-223
PTPRN2,1867.8174,0.30859018879282096,0.042333529899563974,7.2894981714246185,3.1111165707747997e-13,4.426220982837467e-13
PTPRN,946.3055,0.2626709259718694,0.0695311877116731,3.777742544267965,0.00015825635338845425,0.00019174796754362555
PTPRO,490.86853,0.3667071390673224,0.0396971030713612,9.237629718423383,2.520179328620905e-20,3.961115645131862e-20
PTPRQ,42.947613,0.8769354192239733,0.07008392651169076,12.512646806078864,6.366684920848425e-36,1.1904788602457117e-35
PTPRR,167.91074,-0.5074928792899592,0.04508899764404458,-11.25535952908879,2.1793554769337111e-29,3.7990836676850264e-29
PTPRS,4214.504,0.47246878503953815,0.027107741456414338,17.42929361338367,4.945309326076068e-68,1.2239430168925683e-67
PTPRT,598.49084,0.8326187450651537,0.06494240822320926,12.820878803930627,1.2527255892660373e-37,2.3804592376206135e-37
PTPRU,2315.7441,-0.15358282837139692,0.029221568965385608,-5.255803634408657,1.4737947785418518e-07,1.906531191786349e-07
PTPRVP,6.7301707,-0.46894504993879577,0.037303013427706304,-12.571237732512335,3.039280721525392e-36,5.697671842498661e-36
PTPRZ1,6345.353,2.887154726854099,0.07475560042728567,38.62124991775589,0.0,0.0
PTRF,13221.312,0.8134979943875671,0.024739464583278116,32.882603083391956,3.897036791209483e-237,3.443566494454595e-236
PTRH1,474.907,-0.6464699691592827,0.01804001183740024,-35.83534062982333,3.111450369166627e-281,3.732823692743863e-280
PTRH2,1009.7534,-0.4879437814953544,0.013585468964152437,-35.91659461906518,1.6826117949377077e-282,2.0414954429759708e-281
PTS,706.8321,-0.2988879069310003,0.015067736862558679,-19.836283952747873,1.447724391616327e-87,4.1807405516194045e-87
PTTG1IP,16676.01,0.31337981183681246,0.013805591159709914,22.699485173179447,4.5327192023238265e-114,1.6068540874126902e-113
PTTG1,1468.6588,-0.9399670516339778,0.028583298269354428,-32.885185004760736,3.5795405949968965e-237,3.1657631178775765e-236
PTTG2,4.5117044,-0.7015911422420447,0.03968214669995087,-17.68027187508264,5.950855947583518e-70,1.4942461302029212e-69
PTTG3P,16.373785,-0.9798215261693253,0.04394536613687013,-22.296355959752844,4.008429585118603e-110,1.3768789931403684e-109
PTX3,294.59094,1.7435269653046173,0.04580225788365229,38.066397725054415,0.0,0.0
PTX4,5.7255583,-1.5285028368877678,0.0626381315859399,-24.40211414656666,1.6240552670787073e-131,6.585170520305796e-131
PUF60,8331.909,-0.2670921748529511,0.014569854069298569,-18.331835966412644,4.61075943310139e-75,1.2082694207557111e-74
PUM1,4886.6543,0.13996663467366263,0.009390094744600772,14.90577448690199,3.022870340139471e-50,6.427427389545638e-50
PUM2,6757.071,0.11119475242578672,0.008960046494066193,12.41006422225885,2.3046785348628514e-35,4.2846270013033325e-35
PURA,772.8833,0.42200191440831986,0.01259631360682848,33.502017144091425,4.504471311424507e-246,4.257499137850118e-245
PURB,3884.7473,0.21248523061806934,0.011032647251690984,19.259677733782485,1.1710507680861503e-82,3.254357437546538e-82
PURG,42.579166,2.2484689237385567,0.04726995891459958,47.56655125934761,0.0,0.0
PUS10,369.5242,-0.05691698111976534,0.014975080859601099,-3.8007795519363547,0.00014424158583110778,0.00017490258760783343
PUS1,1118.0839,-0.8470907129094821,0.014972119451404108,-56.577875674779015,0.0,0.0
PUS3,500.02045,-0.05189643201208736,0.011639336270279098,-4.458710600586758,8.245415795055933e-06,1.0297412597935452e-05
PUS7L,389.63748,0.0821014001810169,0.015987737093069918,5.13527334750862,2.8173423243549645e-07,3.6261393590556787e-07
PUS7,975.37067,-0.32749274459667777,0.01677828074067693,-19.51884997386597,7.592804098193863e-85,2.143993046256988e-84
PUSL1,604.3775,-0.7550568260281719,0.016292536161548122,-46.34372565090113,0.0,0.0
PVALB,141.91954,-0.16404413780053087,0.07077702054690081,-2.3177598680044187,0.020462375307842815,0.023068469953617138
PVRIG,235.59814,-0.8309910965399727,0.027573394677178738,-30.137424363919422,1.5676893552245098e-199,1.0399670115026325e-198
PVRL1,5771.815,-1.390957023472586,0.0318099053332871,-43.72716639357728,0.0,0.0
PVRL2,7043.792,-0.3374005791221951,0.018640984629877573,-18.099933336215138,3.190537221791591e-73,8.223338055254463e-73
PVRL3,486.47028,0.6306282802527582,0.03180527447046202,19.82778928188251,1.714095852789402e-87,4.9457592781943645e-87
PVRL4,2265.371,-1.4324834458063145,0.04727287588574533,-30.3024391676214,1.0645884391300798e-201,7.203042882103455e-201
PVR,2606.3232,-0.2684026231109598,0.018483547597124693,-14.521163845879489,8.898643016153083e-48,1.8516708214008648e-47
PVT1,313.16827,-0.8704494150419139,0.02624728347224908,-33.163409690081984,3.629121411290581e-241,3.2984501255564707e-240
PWP1,2074.3665,-0.0456478616622418,0.008436737786602836,-5.410605712403267,6.281193122770351e-08,8.172736677093473e-08
PWP2,1748.2849,-0.22522259988796395,0.012054116095806594,-18.684289922038726,6.645723986469703e-78,1.7802670347439037e-77
PWRN1,4.222314,-0.009370366259622554,0.10073626109726105,-0.0930188013487561,0.9258886246638653,0.9290372848463102
PWRN2,0.3169544,-0.5790451350246563,0.11783484088651684,-4.91404011469169,8.92184825958592e-07,1.1376669717957517e-06
PWWP2A,875.9629,0.11622454234307115,0.011525150147591954,10.084427608724466,6.474140595573226e-24,1.0629599063328654e-23
PWWP2B,1216.5776,-0.787409101988819,0.01924222835561294,-40.92088958912768,0.0,0.0
PXDNL,86.666626,0.7614406965818993,0.044469939267648174,17.122593579430553,1.0068767022863193e-65,2.4377456037397046e-65
PXDN,5503.917,0.7904638480470163,0.0286628638707138,27.577978656022243,2.0444681236068e-167,1.0733194050673244e-166
PXK,620.9052,0.5635571307769359,0.02303216630906421,24.46826421860068,3.21691770971779e-132,1.3088174990436548e-131
PXMP2,863.9789,-0.024466187504971225,0.02596260533665231,-0.9423625706173433,0.3460070433810476,0.3633921793239488
PXMP4,1318.1774,0.041866026244836596,0.018743913771337314,2.2335797505031736,0.025510737523492824,0.028655067875353952
PXN,7312.8354,-0.006123370020709943,0.014448941141532603,-0.42379368569152015,0.671716283503675,0.6857623014668197
PXT1,2.5198085,0.15584049009348847,0.034894273101917075,4.466076414267723,7.966716452428456e-06,9.952407207154134e-06
PYCARD,1574.6215,-1.1695911560709218,0.025092204423618644,-46.61173392043689,0.0,0.0
PYCR1,3725.573,-0.6277613909116627,0.02923504628652399,-21.472905661210866,2.790163698631499e-102,9.008078455508831e-102
PYCR2,3797.0906,-0.3298963637090118,0.011397875602302036,-28.943671191005315,3.371214386261177e-184,1.9934520386259454e-183
PYCRL,1178.3732,-0.6265118915625632,0.017291354665253656,-36.232666768527736,1.8632799827334643e-287,2.344531345393733e-286
PYDC1,17.71202,-0.7987980998225439,0.0890395425143796,-8.97127363040461,2.931053145101186e-19,4.548964093696833e-19
PYDC2,0.020282444,-0.4481618770891731,0.44545604715842424,-1.0060742916119547,0.3143798343218279,0.33113244590812224
PYGB,12613.242,-0.0650057375029622,0.021283593561306102,-3.054265122838261,0.0022561260178307657,0.002637523376228341
PYGL,3974.7996,-0.3295761793855974,0.030433649019584664,-10.829334963201703,2.499641173422099e-27,4.2671637304796674e-27
PYGM,260.82288,1.618795467741702,0.04370598997618458,37.03829769383521,2.771277596806599e-300,3.851224613882972e-299
PYGO1,49.10228,1.2367459956806488,0.035158874960123196,35.175926336759986,4.6678731109945743e-271,5.24465941869418e-270
PYGO2,3388.021,-0.18087939973190184,0.010562038849439853,-17.12542458045348,9.590719927528888e-66,2.3225581896581496e-65
PYHIN1,90.3653,-0.37344309810414117,0.039505927242993025,-9.452837185852331,3.2976864394122662e-21,5.2304143206602e-21
PYROXD1,901.3671,-0.014858803687041539,0.014371006801260541,-1.0339431253861915,0.30116275254029456,0.3177535488685664
PYROXD2,392.93622,-0.19824127393513863,0.030135230820738552,-6.578389099270225,4.755723805159776e-11,6.530099207476083e-11
PYY2,45.021202,-1.6496274818649492,0.04578807403884907,-36.02744855495159,3.1105523305808827e-284,3.810333026371612e-283
PYY,51.26708,-2.3430654888598914,0.08073064528025765,-29.023247376828266,3.3492147211993466e-185,1.995512511234928e-184
PZP,33.464054,-0.3810307412679805,0.06253244076364702,-6.0933291042989515,1.1058638323833688e-09,1.4864836764487656e-09
ProSAPiP1,1762.796,0.2069791449935909,0.027717106625400213,7.467559575786071,8.169574276987182e-14,1.1746070812512855e-13
QARS,8372.753,-0.41977045421115516,0.0114518319845497,-36.655310240098764,3.766101559654002e-294,4.9723775391047874e-293
QDPR,2935.854,0.17552033430190025,0.026587460566980116,6.601620860319583,4.066865134223214e-11,5.592145567178874e-11
QKI,6472.581,1.7449727566565691,0.023936989686582408,72.89858831474923,0.0,0.0
QPCTL,745.61456,-0.5463479935552886,0.016698844972211475,-32.717711582116344,8.745430451630807e-235,7.592674565661049e-234
QPCT,1765.759,-0.3510053422917182,0.04040383252034376,-8.68742691958698,3.707407610743832e-18,5.673414878768315e-18
QPRT,2031.5477,-0.2985005650226486,0.03769735329875704,-7.918342772156654,2.406970564789852e-15,3.544045254108382e-15
QRFPR,91.868675,0.8069710277077837,0.07307046327444562,11.043737668350044,2.3504795550025454e-28,4.050568246173762e-28
QRFP,3.7343163,-0.22297799202733024,0.01430208996932844,-15.590587984379757,8.435355773671275e-55,1.8642575792029253e-54
QRICH1,2993.2148,0.1033229038708362,0.007877904049136039,13.115532155049223,2.6829233940639648e-39,5.179849550942718e-39
QRICH2,181.29202,-0.16440700293821064,0.024336936501912845,-6.7554518591643,1.4239078212487479e-11,1.9728691529061695e-11
QRSL1,1024.8705,0.011279349458618875,0.012203720973825742,0.9242549450950708,0.35535359454843674,0.3726700577660137
QSER1,2178.8545,0.22462661527445943,0.016288449251263645,13.790546405578363,2.905508572929867e-43,5.8113025873149786e-43
QSOX1,9351.187,-0.268850235774075,0.02143547936875775,-12.542301067730014,4.380873057183916e-36,8.20064311982414e-36
QSOX2,1271.7257,-0.07862002766070032,0.013788730338578217,-5.7017597509131495,1.1857687342629903e-08,1.562427393751875e-08
QTRT1,1700.5872,-0.44906245729524796,0.016536941866890184,-27.155108901625194,2.203632713414848e-162,1.1143506808845724e-161
QTRTD1,1130.9064,-0.1799615218664271,0.01181290649024249,-15.234313588707069,2.0931383542420603e-52,4.524281107762407e-52
R3HCC1,1523.6294,0.18645392761010063,0.01334406116379526,13.972802231751029,2.2845771595957933e-44,4.623889690049782e-44
R3HDM1,1598.7979,-0.055816691252085,0.012400140560328666,-4.501295044239852,6.754067354626828e-06,8.449432055600811e-06
R3HDM2,3129.565,0.09590527028490985,0.01050303137015565,9.131199070529727,6.774474342950942e-20,1.0582484704069535e-19
R3HDML,5.39016,-1.9322098626186073,0.08362275983853164,-23.106267556219603,4.00475019971824e-118,1.4635201815843412e-117
RAB10,8042.6665,-0.09992196974579827,0.011818844921177844,-8.454461532594525,2.803782082690134e-17,4.24024657714221e-17
RAB11A,7324.7236,-0.1391005187078627,0.01095071081233839,-12.702419148091764,5.732972087187632e-37,1.0833263293396418e-36
RAB11B,5990.37,0.07222880918916298,0.013031177393844162,5.542769237665614,2.9772511533793712e-08,3.896243249447234e-08
RAB11FIP1,6568.262,-0.38522473958699494,0.03027216493449299,-12.725377931198391,4.274017816668383e-37,8.08386554529465e-37
RAB11FIP2,1070.1333,0.6846346100957329,0.01659006890573013,41.267737583613254,0.0,0.0
RAB11FIP3,2792.004,0.4386426510764673,0.016637436149372794,26.3647984664394,3.472815192768243e-153,1.6415845021956967e-152
RAB11FIP4,2138.7913,-0.16080094147564397,0.023116301685179974,-6.956170743295612,3.4964606758841997e-12,4.899472978204035e-12
RAB11FIP5,2219.4006,0.3742993513456471,0.018960557475271568,19.74094653249567,9.59634185074037e-87,2.751717235763707e-86
RAB12,1805.69,0.3091512357332296,0.013858981092103817,22.306923840842035,3.165295723692585e-110,1.0889194937252e-109
RAB13,4412.3296,-0.041318429389956855,0.014093913964348139,-2.9316504623538675,0.0033716599501878775,0.003914217079653019
RAB14,5843.845,0.2473245317298816,0.00960318556708533,25.754425966481378,2.8756976449457163e-146,1.289282720842322e-145
RAB15,1878.0631,-0.3916884885464177,0.0258625233827626,-15.145022113637932,8.172713293272765e-52,1.7590471502034065e-51
RAB17,1281.994,-0.1536105048520581,0.03780854385711687,-4.062851651535988,4.8476839749611e-05,5.94757129361414e-05
RAB18,4065.483,0.26939096623020214,0.013181694614535566,20.43674763434001,7.881991519238307e-93,2.3615815355433804e-92
RAB19,34.015476,-0.3079956837364869,0.04238983343373813,-7.265791318051102,3.7086074670002926e-13,5.271121154751393e-13
RAB1A,7736.843,0.032565100474744896,0.0087342765017962,3.7284256421293627,0.00019267974300784464,0.00023279134104187938
RAB1B,11506.684,-0.20999866345293478,0.010012635791419719,-20.973364838946022,1.1484721376735533e-97,3.5740972563277093e-97
RAB20,1261.3013,-0.14212780542085726,0.021148096201124116,-6.720595748628312,1.80983060037424e-11,2.5031481788735835e-11
RAB21,2368.7966,0.20212719403041188,0.011392718949490548,17.741787094594347,1.9948836435449636e-70,5.027087027965332e-70
RAB22A,2891.727,-8.986422984449458e-05,0.011134817417601346,-0.008070561597394658,0.993560693407434,0.9937071210985434
RAB23,1198.2936,1.196530057361339,0.02138891805134092,55.941588746529696,0.0,0.0
RAB24,1350.3292,-0.2827829630892029,0.015743194620592284,-17.96223510565762,3.849884270672078e-72,9.834353057291448e-72
RAB25,3754.889,-1.1838047878394942,0.05080657018137816,-23.30023033661476,4.4094772250490126e-120,1.6346057324248518e-119
RAB26,218.58601,-0.5679981084022726,0.03685395008485271,-15.41213647640242,1.3565183779444802e-53,2.9680126444461764e-53
RAB27A,1689.7227,0.274638009649757,0.0260267267638848,10.552153259273851,4.9646077969138126e-26,8.35533191182676e-26
RAB27B,213.34166,-0.20576284168832745,0.04465710454803202,-4.607617170231319,4.07309690252028e-06,5.118776533235209e-06
RAB28,665.68713,0.36286305516066875,0.010576871001369644,34.30722139975803,6.1241431595853065e-258,6.293863229984718e-257
RAB2A,2628.953,0.07426050329168393,0.011194276707897813,6.6337920018799865,3.271707818649103e-11,4.50393532219062e-11
RAB2B,1098.3949,0.28929777922806693,0.011595993144195887,24.948081257953174,2.240255633788604e-137,9.417585060562086e-137
RAB30,217.90721,0.5618143592975705,0.026698157904410255,21.043188122157474,2.6401665957772042e-98,8.257973839826102e-98
RAB31,5518.616,1.027737143409967,0.026691415965116216,38.50440698811732,0.0,0.0
RAB32,1273.3387,0.035069780433433444,0.022556832203568182,1.554729853772902,0.12001042142765621,0.13043413249229407
RAB33A,114.47032,1.1558983367721651,0.03686279937027708,31.356770416741053,7.866542022111109e-216,5.958144681107145e-215
RAB33B,604.61633,0.38947421760055145,0.0140023235062824,27.814970667247238,2.8591233912476408e-170,1.5322161916928327e-169
RAB34,3340.1763,-0.004386149430389036,0.025012028983938346,-0.17536160034060544,0.8607955114901044,0.8685169897129069
RAB35,2549.8206,-0.06681011437035983,0.00874691144952925,-7.638137730770726,2.203860420565191e-14,3.1957545799349515e-14
RAB36,766.7674,0.16188410841668208,0.029526745491078414,5.482626199544946,4.190578583186161e-08,5.468623125125764e-08
RAB37,383.01553,-0.683743005273177,0.03539371376455701,-19.318204634345886,3.775551486039926e-83,1.0535423890390194e-82
RAB38,885.60864,-1.1864386920885652,0.0413380479741499,-28.70088817039658,3.7190981797636977e-181,2.1528893898723095e-180
RAB39B,208.04643,1.02200694700794,0.03794442950333113,26.934307891444735,8.710926413302477e-160,4.32129022535149e-159
RAB39,30.320353,0.7277016586804168,0.03638149774483392,20.001970885977297,5.293858480273993e-89,1.544313867314776e-88
RAB3A,452.34393,0.6149021432332114,0.03340021964996404,18.410122738036346,1.0897533197845441e-75,2.8731271480825604e-75
RAB3B,102.69446,0.04989277611848034,0.0538926567627746,0.9257806000936085,0.3545600110220958,0.3718761148008268
RAB3C,36.032616,0.25967755544333765,0.060674045456973906,4.279878710699851,1.8699519254195876e-05,2.316137449024602e-05
RAB3D,2973.8171,-0.5717004660811493,0.023076376522861923,-24.774273617643644,1.6980000115070108e-135,7.059338826683935e-135
RAB3GAP1,3034.1816,0.2597037195991066,0.01012749365116082,25.643434451261214,5.004709432539214e-145,2.2208125400406684e-144
RAB3GAP2,2239.3215,0.18821796781443378,0.01215118785744154,15.48967640222653,4.0733553189662645e-54,8.949864120314502e-54
RAB3IL1,749.4607,0.5112782816048586,0.024817056322992432,20.60189068963715,2.6393487573026765e-94,7.987884844644743e-94
RAB3IP,1864.6996,0.5127121957473719,0.024525318544492105,20.90542452352843,4.779287840257084e-97,1.4796460027340934e-96
RAB40AL,12.15378,0.1529067300584595,0.02655867464697741,5.757317791302569,8.546093406926906e-09,1.1294379465863348e-08
RAB40A,21.713469,0.3578001779376934,0.029809191798646523,12.003015055038803,3.4258485474272854e-33,6.219622844397369e-33
RAB40B,937.08826,-0.033200483442504,0.018974462429012465,-1.7497456682482646,0.08016220961830464,0.0879227683234061
RAB40C,1776.9683,-0.4102403645146867,0.013008451160554218,-31.53644960890245,2.7505062293112705e-218,2.1155102501907122e-217
RAB41,8.437217,1.417123209596531,0.030165836394424914,46.97775294765027,0.0,0.0
RAB42,110.75019,0.32336843989134867,0.034017199885700344,9.50602756775644,1.980825788249233e-21,3.1510886250168877e-21
RAB43,819.42084,-0.330969982405939,0.019086705023437345,-17.340341457550032,2.333466144529503e-67,5.745197392245272e-67
RAB4A,1973.8555,0.06790655262927422,0.012395860676597537,5.478163590324693,4.29762719031225e-08,5.607600587551567e-08
RAB4B,1299.5742,-0.33833077362697295,0.01462624583129743,-23.13175763140863,2.2190459819202643e-118,8.131309781482121e-118
RAB5A,2779.4353,0.3147799606522347,0.010168892156379205,30.955187232934236,2.163415858787169e-210,1.567437134129821e-209
RAB5B,9417.143,0.14914182984592594,0.009847904149162392,15.144524924992401,8.234752565222135e-52,1.7722127640101208e-51
RAB5C,7155.2505,0.16393465429760537,0.009947050088872214,16.480730752627796,5.047110911871014e-61,1.1768884555581489e-60
RAB6A,7334.1333,0.2350062035262142,0.011232647853875916,20.9217102310497,3.397106746010461e-97,1.053330737770743e-96
RAB6B,1558.2065,1.2345099301800506,0.035224887071288576,35.04652627222434,4.404416454213259e-269,4.89462415891527e-268
RAB6C,179.7383,-0.22422888835351987,0.022532050832617008,-9.951552569237505,2.4827911319808002e-23,4.0418314933629547e-23
RAB7A,14124.905,-0.002006533487848198,0.009677657447109104,-0.20733669266704485,0.8357469200872489,0.8444573698970818
RAB7L1,1550.542,0.48417672628191355,0.017846896661022106,27.129463204623292,4.424389883656741e-162,2.2312646430856475e-161
RAB8A,3825.3442,-0.28225252604890366,0.009966965716646348,-28.318801736971874,2.0282027559432717e-176,1.1297450043296598e-175
RAB8B,1535.3647,0.6459170261315532,0.01602573979185066,40.304974030591225,0.0,0.0
RAB9A,1025.606,0.12513346319829152,0.01181462935475482,10.59139981805111,3.266698038422484e-26,5.510083294469209e-26
RAB9BP1,0.025052909,-0.4283849722608411,0.4795037754856281,-0.893392282108696,0.37164713429832574,0.3892763290209196
RAB9B,32.73515,1.6805398824224507,0.034558408197394946,48.628972515844396,0.0,0.0
RABAC1,4147.926,-0.24976218201506023,0.016793682517626148,-14.872389170922894,4.98037907065253e-50,1.0569742259920239e-49
RABEP1,3270.9973,0.4717423875202319,0.016858597741231194,27.982302843995626,2.6680905714385177e-172,1.4508455113225637e-171
RABEP2,1455.3724,-0.6118125245082314,0.017901110951489215,-34.17734944865721,5.248631548646202e-256,5.321558251936655e-255
RABEPK,1088.8962,-0.1256496029255448,0.013910061025177245,-9.033001558952094,1.6702629624242162e-19,2.59956300374548e-19
RABGAP1L,631.342,0.00152088500931006,0.017415656098839508,0.08732860827513723,0.9304103147660515,0.9333903418903146
RABGAP1,3075.3062,0.5323455059659221,0.012319717523242464,43.21085324899661,0.0,0.0
RABGEF1,2130.8704,0.14492537545715192,0.008761259118752767,16.5416150227712,1.840218617823401e-61,4.3053333532827655e-61
RABGGTA,1392.5878,-0.4503605921802163,0.01176649183458564,-38.27483998726421,0.0,0.0
RABGGTB,2056.262,-0.0461361073565853,0.011731832306483113,-3.9325576901649097,8.404680043997914e-05,0.00010254757342427995
RABIF,855.70404,-0.2890817729041723,0.011099919469118268,-26.04359191149481,1.5901160234149699e-149,7.327562725374689e-149
RABL2A,673.6304,0.0071287017852874075,0.013965449823258159,0.5104527154875611,0.6097343333001622,0.6254953790012094
RABL2B,818.9273,-0.010518770270388686,0.013382730811438688,-0.7859958044884177,0.43186994508772847,0.44939638190856446
RABL3,1210.0863,0.2322071216468186,0.011910859009065371,19.4954135104853,1.2008015028021838e-84,3.3855584815883757e-84
RABL5,1350.6982,0.13446895203014766,0.016445989058074453,8.176397999251234,2.9245487525124e-16,4.3642078760096715e-16
RAC1,14291.31,-0.10063678326904575,0.009846507440215545,-10.220556261199835,1.604176643480651e-24,2.6556702134186514e-24
RAC2,2474.7078,-0.9616356410408236,0.029986200646566267,-32.06927254223322,1.1827775769891216e-225,9.601343177799653e-225
RAC3,649.8775,-0.22087815798071084,0.02881435777693472,-7.665558944281559,1.7805406959791478e-14,2.5846722302630638e-14
RACGAP1P,8.474969,-1.2674108825675239,0.03411564394152899,-37.15043118458345,4.3143190619522515e-302,6.070160454891906e-301
RACGAP1,1832.5272,-0.4826066860214664,0.02212851002678651,-21.809271633619797,1.894684169907554e-105,6.2823900676136635e-105
RAD17,1210.6798,0.16160650573361618,0.009708447446152155,16.645968022175087,3.236892377520266e-62,7.629951593601377e-62
RAD18,512.7289,-0.12632884183023985,0.015645274026609295,-8.074568819656418,6.771550059339368e-16,1.0051913062930383e-15
RAD1,1291.5887,-0.0511722271367381,0.011643865856703767,-4.394779858038,1.1088506712236778e-05,1.381246378820537e-05
RAD21L1,1.1082674,-0.2967557816556974,0.09032319771103814,-3.2854879939600687,0.001018058810054684,0.001203708654039335
RAD21,10815.472,0.03303137081612913,0.014568899832367557,2.2672522425299206,0.023374821070200474,0.026293606396387174
RAD23A,7134.603,-0.28841179034585745,0.011013091990166956,-26.188085108465998,3.632421423864204e-151,1.6907285726669256e-150
RAD23B,8969.478,0.03671994114139424,0.010980633124441348,3.34406411044376,0.0008256065609201148,0.000978947232019372
RAD50,2532.7358,0.19287855570317322,0.013223604597706835,14.585928842474704,3.451915701521836e-48,7.213132686778513e-48
RAD51AP1,485.41516,-0.5796441503254168,0.02657418338969025,-21.812303385785174,1.773205336403783e-105,5.882464957445758e-105
RAD51AP2,6.8276725,-0.748438110484578,0.04809290206524729,-15.562340352619549,1.3121196154790627e-54,2.894511133550573e-54
RAD51C,628.6707,-0.06468854246839362,0.012643543569075107,-5.116330094880645,3.115376546665675e-07,4.0059338794648194e-07
RAD51L1,170.73805,-0.03541098000814309,0.017377039753304114,-2.037802785218924,0.04156965972875128,0.04625945353471699
RAD51L3,401.20193,0.10235616825829291,0.012117523236710706,8.446954568091872,2.990000165816928e-17,4.5195198883262934e-17
RAD51,431.89508,-0.9831393028466222,0.027944636147756666,-35.18168201039707,3.811651146061162e-271,4.289740502081769e-270
RAD52,328.79797,0.08017471611987795,0.015581679736549966,5.145447568904398,2.668837367682988e-07,3.437609766459443e-07
RAD54B,306.98666,-0.5225995559952399,0.022240788537574618,-23.497348356706684,4.341454635024978e-122,1.636505738094307e-121
RAD54L2,423.0381,0.31179545477225484,0.023125427941404268,13.482797185949996,1.9747574639287405e-41,3.882202318281694e-41
RAD54L,468.23108,-0.949408946361635,0.030260621290970936,-31.3744036261713,4.522122971483661e-216,3.4314536554765503e-215
RAD9A,740.9012,-0.6208395578354925,0.013888759066775256,-44.70086599174057,0.0,0.0
RAD9B,70.0976,-0.19303261932381263,0.016698806457459327,-11.559665645300374,6.5965131207089045e-31,1.1722975787754242e-30
RADIL,168.6444,0.48130502509728185,0.03701457118817611,13.003123084971179,1.1744715653809896e-38,2.254484876446499e-38
RAE1,1842.3364,-0.3118523371763344,0.012609873279646902,-24.73080658785707,4.988428200935542e-135,2.067156721816542e-134
RAET1E,87.80112,-1.3436067554372344,0.04781371483427073,-28.10086520351682,9.560494805126771e-174,5.249247943300322e-173
RAET1G,91.3929,-1.3193576809280598,0.04443600890116618,-29.691183199250702,9.979724823424696e-194,6.309851480748553e-193
RAET1K,14.263305,-0.932543085663907,0.035032302870000885,-26.61951996488558,4.0350169519929467e-156,1.945273742022837e-155
RAET1L,53.072178,-2.2577764245551823,0.07301038119843374,-30.924046519067037,5.675590170391324e-210,4.0873484357621843e-209
RAF1,4639.977,0.1389850575129464,0.00936408581937243,14.84235195980519,7.797348751598769e-50,1.652401615840526e-49
RAG1AP1,2594.5916,-0.5727479813775317,0.018687150476143433,-30.64929466419819,2.7004940391187436e-206,1.8958399359454657e-205
RAG1,166.2725,-0.7640153549768616,0.03661519552678925,-20.86607333334804,1.0892192001035712e-96,3.364499119239661e-96
RAG2,14.6152725,-0.7468660488343403,0.14599234754800827,-5.115789021672798,3.1243213364313243e-07,4.0171818926616985e-07
RAGE,483.65518,-0.06695737153565984,0.024037781401829654,-2.7855054680946276,0.0053444338574062614,0.00615913782989551
RAI14,3223.4575,0.20288532167346368,0.02351545024184127,8.627745570972223,6.257308281654903e-18,9.54894980182986e-18
RAI1,2883.0999,-0.04628574376862915,0.016378888843989407,-2.8259391836348358,0.004714221357452883,0.005445185102484014
RAI2,955.64734,0.5726531312482618,0.03297519417886262,17.36617919949467,1.488109491279001e-67,3.668735908567351e-67
RALA,3110.6272,-0.032638919782075844,0.012091934791371281,-2.6992305487263084,0.006950001077547579,0.00798009542258142
RALBP1,4502.534,-0.020867593951664817,0.01416412259482066,-1.473271204196961,0.14067792203008259,0.15216564736002822
RALB,3393.7048,0.0566164858578276,0.013599595126621875,4.163100837244636,3.1395463311127995e-05,3.869598241622805e-05
RALGAPA1,1048.8566,0.3688693208800547,0.015179963172681688,24.299750709796374,1.972251795794488e-130,7.930688190910523e-130
RALGAPA2,1282.0206,0.07017420001128205,0.027902516600439457,2.514977448671308,0.011903999790413356,0.013553690047146441
RALGAPB,3857.0374,0.15156104644167395,0.011657488869602679,13.001174449917324,1.204787141379682e-38,2.3124598294851463e-38
RALGDS,4346.4297,0.04669390415895401,0.0158851860854669,2.939462207601931,0.0032878236408777103,0.0038195036521899745
RALGPS1,714.6829,0.24825317758650334,0.02256232277024627,11.00299734714741,3.6963736961929746e-28,6.354341980983937e-28
RALGPS2,1245.3623,-0.005173376667156499,0.02306732874069201,-0.2242728980590797,0.8225449633141031,0.8317370074556385
RALYL,75.61629,0.798721185980697,0.09953651360524719,8.024403880051024,1.0202013453768107e-15,1.5108954092184834e-15
RALY,8432.213,-0.4696044064932112,0.012209590794710783,-38.46192836345053,0.0,0.0
RAMP1,2206.9146,0.12072318555954083,0.044894911070271534,2.689017144294583,0.007166273860396279,0.008222858001679979
RAMP2,934.4645,0.7276693472462603,0.024603404746830176,29.575961324621584,3.0456078371546752e-192,1.904931795902674e-191
RAMP3,1055.1412,0.5923515671002897,0.030871379482258886,19.187725881854465,4.687058839239572e-82,1.2968718525153364e-81
RANBP10,1580.2638,-0.1422097753468672,0.012819012129934533,-11.09366103295773,1.346613774072618e-28,2.3286936062468723e-28
RANBP17,194.64029,-0.2997057265560432,0.030601530975651593,-9.793814786407484,1.1969286715771462e-22,1.934603907958012e-22
RANBP1,2783.9495,-0.49965572992447055,0.01533809400011292,-32.57612907580251,8.934521860177403e-233,7.642770191233267e-232
RANBP2,5960.826,0.16712524395419498,0.013404843482189122,12.46752669482882,1.1225641706024867e-35,2.0934582714386763e-35
RANBP3L,163.432,2.444079039423029,0.05750204442717477,42.5042111766723,0.0,0.0
RANBP3,3051.8914,-0.045720035417947315,0.009031980339393477,-5.062016711721224,4.1484465093852697e-07,5.320873337401544e-07
RANBP6,1298.535,0.3136241685012679,0.01361334380729822,23.03799661131981,1.9406061667208835e-117,7.053883404440362e-117
RANBP9,2441.2163,0.08991338175934004,0.011531885275499587,7.796936893776442,6.342793920943404e-15,9.274126790899653e-15
RANGAP1,6516.668,-0.6178272559263641,0.014925646159033301,-41.3936689469516,0.0,0.0
RANGRF,1063.5684,-0.30523420749969016,0.016828172918052605,-18.138285658584294,1.5891120577006335e-73,4.1088052302168145e-73
RAN,10160.527,-0.4669141703969453,0.012701898552618851,-36.75940005840134,8.227787792614787e-296,1.0991439085947798e-294
RAP1A,2791.7554,0.3742746159485611,0.012089048641566466,30.959807264044855,1.8748241347791118e-210,1.359798523689631e-209
RAP1B,4811.0806,0.04392732843099936,0.013424208209705232,3.2722472524853603,0.0010669622265320469,0.0012609440976354526
RAP1GAP2,1517.3684,-0.2231228661627787,0.0267748643046191,-8.333295871243179,7.862235327885752e-17,1.181656939616315e-16
RAP1GAP,3045.3574,0.14667657804845763,0.034923430173581634,4.199947637429195,2.6697671531749447e-05,3.2959668589830025e-05
RAP1GDS1,1917.3658,0.14401377468810064,0.013302442577252842,10.826115117712591,2.589081795808681e-27,4.417996503299718e-27
RAP2A,2480.9768,0.9572606407886715,0.018761810246890623,51.02176326227995,0.0,0.0
RAP2B,2588.721,-0.49021182600880936,0.019228853988958204,-25.493553921117922,2.3239603425354304e-143,1.017494808896319e-142
RAP2C,1766.0665,0.016375229278877634,0.015604830984303654,1.0493692174781577,0.2940082200669838,0.3104301085127955
RAPGEF1,4701.2163,0.26813189322293435,0.013520323311200516,19.831766375054677,1.5837909580529065e-87,4.571728358854264e-87
RAPGEF2,1944.2684,0.7450698640639244,0.016600525528038666,44.88230585263607,0.0,0.0
RAPGEF3,1334.2421,0.7009036963482564,0.02977310370207104,23.541505896125337,1.5338465507763134e-122,5.807621708620972e-122
RAPGEF4,646.20825,1.4336351622958718,0.03370824851148165,42.530692800830316,0.0,0.0
RAPGEF5,1568.0,0.653915387472569,0.023675339479515032,27.62010606176803,6.382272850187992e-168,3.3627508529238442e-167
RAPGEF6,578.72034,0.382705811960527,0.0235886702152344,16.22413677704316,3.404705189020812e-59,7.817344416744639e-59
RAPGEFL1,1868.9929,-1.6645904808765808,0.035029131258317595,-47.520175953017024,0.0,0.0
RAPH1,2549.674,0.35776863613515375,0.019858732143973053,18.015683657011976,1.4675673502647645e-72,3.762050325363931e-72
RAPSN,17.727076,-0.6915604429688225,0.049869967874312,-13.867272678253418,1.000076059696547e-43,2.01131566722928e-43
RARA,3008.8823,0.08971161723303978,0.01835917818301266,4.886472386658785,1.0265871787919012e-06,1.3074937987503483e-06
RARB,408.1961,0.719117350103638,0.02602790490408638,27.628706680526427,5.0310401992155155e-168,2.6542354862873458e-167
RARG,2402.5156,-0.5864796227416051,0.02439057045315125,-24.045342599431997,9.338883556183954e-128,3.6797044768792167e-127
RARRES1,1732.8262,-0.4152130933141392,0.04413331319000199,-9.408155955266057,5.0491720738823964e-21,7.994718793915983e-21
RARRES2,5979.272,-0.1356425482759184,0.042060930931712315,-3.224905994024235,0.0012601403963904184,0.0014855355141929665
RARRES3,2895.1956,-0.30646658542219196,0.030084497432947437,-10.186860728029348,2.2697546156612845e-24,3.751110822327144e-24
RARS2,1333.7357,0.04891106035774379,0.01069900802362481,4.571550955914957,4.841275270822244e-06,6.075167852482128e-06
RARS,2827.911,-0.18963176385606795,0.009970702847435847,-19.01889633636362,1.1896134252135045e-80,3.2592302144962645e-80
RASA1,1906.7245,0.3939620851373205,0.015254616628647378,25.82576112712529,4.5557136551509766e-147,2.0579049102555743e-146
RASA2,251.5627,0.15064091540745914,0.023074305500171113,6.528513519349133,6.642561739082382e-11,9.101279658521988e-11
RASA3,1551.63,0.7296520281301624,0.0223109176227434,32.70381077407442,1.3786109297474327e-234,1.1953637103376484e-233
RASA4P,358.04904,-0.10140754236883612,0.020283308837486018,-4.999556195753558,5.746242338041939e-07,7.347092115819621e-07
RASA4,789.72394,0.4674999559721065,0.022839935033595386,20.4685326505727,4.108041390806011e-93,1.2324729542502149e-92
RASAL1,600.13385,-0.14852119319847396,0.044695059982636905,-3.3229890116753698,0.0008905842252687722,0.0010552557468424474
RASAL2,1682.5349,0.41633073702664636,0.017153726798195646,24.270570583556164,4.010907434184701e-130,1.6112483120080178e-129
RASAL3,529.0196,-0.5519780484512817,0.028154030890773705,-19.605649030958805,1.3837565988742623e-85,3.931877263988989e-85
RASD1,2309.8127,0.6368381391084262,0.0391903724788272,16.24986186218264,2.2386826974864433e-59,5.147074086744947e-59
RASD2,558.4708,0.5591445994583543,0.03533721265989318,15.82310989946779,2.1557612900171142e-56,4.825103793256203e-56
RASEF,460.2318,0.11139324437096138,0.042589518974418476,2.6155083939283292,0.008909473130548566,0.010194344037814773
RASGEF1A,324.20596,-0.15096410580060152,0.03446395085548044,-4.380348220482542,1.1848980259855983e-05,1.475072698486046e-05
RASGEF1B,523.7858,0.25540043458805506,0.023999901991681363,10.641728231914435,1.9056152488978827e-26,3.225240739239504e-26
RASGEF1C,78.88552,1.7880792646188313,0.0582136696893472,30.715797065548,3.502209280714577e-207,2.4714550691878016e-206
RASGRF1,343.9986,1.0584647954277773,0.04715859174177527,22.444792270803543,1.4387433091977928e-111,5.0096417020622314e-111
RASGRF2,246.92218,1.3040889763445243,0.027867472709055756,46.796097728688196,0.0,0.0
RASGRP1,509.6082,0.32117033673192585,0.03280658386386459,9.789813473559642,1.2452539375125586e-22,2.0120734058585857e-22
RASGRP2,487.57144,-0.46563697728195436,0.038116686212268,-12.216092833696738,2.550510053127884e-34,4.6928001962612376e-34
RASGRP3,736.4814,0.26957099276337787,0.028269509811873487,9.535750515566255,1.4880528103373267e-21,2.3703362151363453e-21
RASGRP4,154.32564,-0.3331971357324922,0.03610248237018642,-9.229202920618217,2.726532302422253e-20,4.2837992857705387e-20
RASIP1,785.6214,0.11183168712439859,0.026935475275485156,4.151836415753919,3.298179866623174e-05,4.0633975131365326e-05
RASL10A,97.11537,2.155823732104945,0.04393005699648899,49.074002619146256,0.0,0.0
RASL10B,310.3053,0.8686666651742625,0.037840323459255386,22.956110988575464,1.2802952615279756e-116,4.6199098244324805e-116
RASL11A,479.83432,0.07231706110485892,0.031078207040487277,2.3269380054855655,0.01996856505014697,0.022519249756602345
RASL11B,283.37112,0.6916330989155024,0.038974629941711254,17.745725872186046,1.8598138858757053e-70,4.6901958259065386e-70
RASL12,770.64514,1.9280400518695833,0.030450772270662268,63.31662247289371,0.0,0.0
RASSF10,140.65881,-0.9392455518366916,0.049757545706047616,-18.8764445373867,1.7818460646714234e-79,4.8375255408248444e-79
RASSF1,1300.8146,-0.11566887469470506,0.014063244868958723,-8.224906539885163,1.9534311741588422e-16,2.922109131131511e-16
RASSF2,2741.068,1.649854482624153,0.032686889752995774,50.474502012628555,0.0,0.0
RASSF3,577.3617,0.3522247798069063,0.027752823288016676,12.691493623965552,6.5916593420821866e-37,1.2448941794568761e-36
RASSF4,3238.496,0.9123255554478656,0.029881575493395648,30.531373944774284,9.993456359701335e-205,6.920298572352364e-204
RASSF5,1491.8417,-0.38469835069131464,0.024598207552365775,-15.639283873524176,3.9312412953554716e-55,8.709046956707514e-55
RASSF6,497.6292,-0.09374143549966299,0.04622735223114278,-2.0278348418257575,0.042577107057223514,0.047362437033002594
RASSF7,2137.686,-0.992930687874612,0.025016964129174975,-39.69029506328663,0.0,0.0
RASSF8,1113.467,1.1046902284459605,0.025449697467003103,43.40681180506175,0.0,0.0
RASSF9,149.07745,-0.3876949216744024,0.041042800434462005,-9.446112779109253,3.516477437231295e-21,5.576566766209062e-21
RAVER1,4069.6396,-0.32133706035745413,0.01312432239978387,-24.484087678518616,2.182522974394207e-132,8.885020043129706e-132
RAVER2,1088.8146,0.0797324394291054,0.019132578715664577,4.167365027685755,3.0814085251890555e-05,3.7986313148243405e-05
RAX2,1.5169437,-0.33717804871005175,0.11633691172957233,-2.8982894912478803,0.0037520408988797683,0.004350350285340463
RAX,3.8470423,-0.6353646001250497,0.08867390338715331,-7.165181365153467,7.768364004004483e-13,1.099986943646733e-12
RB1CC1,3136.2815,0.22185925154987618,0.013960734265870656,15.891660662308295,7.238427024072892e-57,1.627107604980678e-56
RB1,2799.7363,0.2067328036303732,0.01681235813903147,12.296478692684017,9.46094411358966e-35,1.748822963578826e-34
RBAK,1063.0317,0.10815025253083954,0.01209952869475806,8.938385556926198,3.948971610831101e-19,6.119898989488497e-19
RBBP4,7473.548,0.11618818708864934,0.01227890158076741,9.462425146450908,3.0088244786267204e-21,4.773370027301598e-21
RBBP5,1036.0853,0.20864410043556791,0.014045036851658584,14.855361551502732,6.422052991647548e-50,1.3619435089265877e-49
RBBP6,2799.089,0.10330751246888625,0.01098972907088819,9.400369363294681,5.437186175504724e-21,8.605743088478635e-21
RBBP7,6665.8867,-0.1673022915262671,0.013842933358210265,-12.085754312111881,1.2561202416220552e-33,2.2917243479866853e-33
RBBP8,1959.8528,-0.050481648119764924,0.019981252700290775,-2.526450612329741,0.011522158751776063,0.01313288713623384
RBBP9,1605.4742,0.37821503935708795,0.01479063910987876,25.571243848717515,3.187427327183618e-144,1.404302812251272e-143
RBCK1,4910.333,-0.4010277591881883,0.012562707143510933,-31.922081332233613,1.3188619153066125e-223,1.0542092553485404e-222
RBKS,332.58533,0.009974156545186956,0.025553692350776775,0.3903215397708959,0.6962987975297055,0.7095778966316585
RBL1,412.98672,-0.17199052818452473,0.023248387447324118,-7.39795517320152,1.382975164394671e-13,1.9808633299501272e-13
RBL2,3913.9165,0.34475989459890594,0.01391937483670642,24.7683461824556,1.967020460603414e-135,8.171101725652908e-135
RBM10,3530.298,-0.18873807672431436,0.009828010272167764,-19.20409843880682,3.4201033032792904e-82,9.473453489994976e-82
RBM11,76.74504,0.10469047695791417,0.037357202545933485,2.8024174676674294,0.005072119235079153,0.005850942008441072
RBM12B,879.82275,0.08439297680827997,0.013283945415250386,6.353005388850377,2.1114831663185644e-10,2.871780732385574e-10
RBM12,3814.8232,0.06923413627047706,0.009054286934157952,7.6465586714825955,2.0642929576554947e-14,2.9950784154010986e-14
RBM14,2792.6853,-0.26631542092343047,0.009291069765491928,-28.663590700024205,1.085421426050353e-180,6.2547678496912355e-180
RBM15B,4056.8613,-0.07077752615355648,0.008814281368377043,-8.029869162956913,9.757666981151978e-16,1.4452989601256683e-15
RBM15,429.4439,-0.3110434044263374,0.01459480199670696,-21.31193040484677,8.799171138071915e-101,2.801287336982113e-100
RBM16,2313.0781,0.22565029708402373,0.010536862577599195,21.415321251673543,9.617849078035176e-102,3.085076246726298e-101
RBM17,3300.813,-0.036982679972343224,0.010065721418539628,-3.6741211518358123,0.00023866947568114844,0.0002878426547830402
RBM18,1363.0103,0.21810619785516497,0.011003334493196909,19.821827464212298,1.9297237323894046e-87,5.562402020064546e-87
RBM19,1612.4412,-0.27598295532881184,0.011379202302301517,-24.25327786579491,6.106064553777263e-130,2.4490419277058967e-129
RBM20,126.82981,0.5718235221427601,0.03897128691268799,14.672944299321818,9.608361218522488e-49,2.0168741730889712e-48
RBM22,2310.1777,0.12177083433244305,0.00839644826251143,14.502659996861652,1.1654452209562008e-47,2.4214000666851e-47
RBM23,2983.6892,0.13113055584280406,0.008524711278469878,15.382404348870923,2.1481995059734717e-53,4.689598299604751e-53
RBM24,211.06319,0.7265376044174116,0.04651185229909822,15.620483135037341,5.2803997176553875e-55,1.1690262924287303e-54
RBM25,4026.4802,-0.04280970552343503,0.012669720810582727,-3.3788988852601283,0.0007277677020732646,0.000864497499650481
RBM26,1650.4373,0.0380861139554045,0.013045047920743458,2.919584058778522,0.0035049885336064365,0.004066913345246406
RBM27,1752.7014,0.16834804188371338,0.010843575821170046,15.525140844687547,2.3448868785371347e-54,5.162148784616947e-54
RBM28,988.6592,-0.17554033550213258,0.011987768425388226,-14.643287163469516,1.4870156092076086e-48,3.115586167320953e-48
RBM33,2389.4983,-0.07897851052044966,0.011663481501662984,-6.771435313648749,1.2751097109727114e-11,1.768751012175065e-11
RBM34,1684.4282,-0.21485264406348564,0.01104189161908409,-19.457956252001992,2.4953915466346727e-84,7.019021345390342e-84
RBM38,2408.0361,-0.3595074595847602,0.023348463256220513,-15.397478439570536,1.7017707121885755e-53,3.719015664388923e-53
RBM39,8394.773,-0.0750599759469905,0.009848585041161727,-7.621396945173407,2.509449439076681e-14,3.6370670698485194e-14
RBM3,9051.46,-0.15150687707497226,0.013632636475925414,-11.113541928777034,1.0779714882291732e-28,1.8653991949730334e-28
RBM41,335.87057,-0.031700298428279775,0.015024213882426939,-2.109947227612222,0.034862901669348745,0.03893651956148286
RBM42,3865.421,-0.4035646361410964,0.013599180947987502,-29.67565750353653,1.5830415661826858e-193,9.978062924431362e-193
RBM43,498.29288,0.7491394882920489,0.01846551439380411,40.56965174733578,0.0,0.0
RBM44,15.186362,-0.030982036024589047,0.02685643744467961,-1.1536167478805621,0.24865732899269888,0.2642316697615928
RBM45,347.1102,-0.02791730903874735,0.006470229241722754,-4.314732600001994,1.5979620633967196e-05,1.983834968515996e-05
RBM46,12.120977,-0.40105244249781136,0.07388861992173026,-5.4277971752976795,5.705382131275479e-08,7.42969648270676e-08
RBM47,5041.8174,-0.08095042263222825,0.02827500118803393,-2.862967965726796,0.004196929929378844,0.004857054140076392
RBM4B,760.37524,-0.004549128469232091,0.013478140593251269,-0.3375189951282981,0.7357256953259899,0.748109051600331
RBM4,5126.875,-0.19038654237811178,0.009298684233420241,-20.47456797100893,3.629520613489343e-93,1.0897125817730354e-92
RBM5,4124.2046,0.06605647294721136,0.01314145547374913,5.026572062673214,4.993249005108754e-07,6.393557012264725e-07
RBM6,2858.8682,-0.04861761782307598,0.013931999399112969,-3.48963680160447,0.00048367742426394105,0.0005777849369588439
RBM7,1068.3018,0.2393537836266909,0.013745598449359974,17.413122062927407,6.560650157130643e-68,1.6221554110884476e-67
RBM8A,4382.6064,-0.04003674708132791,0.010078313608682556,-3.972564124898425,7.110308645082927e-05,8.69108871909482e-05
RBM9,4155.6934,0.6168228126976288,0.014614098424692678,42.20738048783191,0.0,0.0
RBMS1,2709.8103,0.30694764968307164,0.01843037713799709,16.65444214108084,2.809516955099731e-62,6.627920705547558e-62
RBMS2,2365.9739,0.5249725873026561,0.01794309197023715,29.25764345261379,3.589634034919055e-188,2.184794000505741e-187
RBMS3,113.11923,1.360968023991186,0.03056112044416664,44.532661244459085,0.0,0.0
RBMX2,982.8632,-0.22448465075086274,0.010194635580101665,-22.01987986593868,1.857555557815742e-107,6.258145557102547e-107
RBMXL1,1427.7509,0.10123381319992768,0.011994272840783657,8.440179287543494,3.168512771218672e-17,4.7865067529302475e-17
RBMXL2,5.8430567,-1.8032712550019436,0.07579175924126538,-23.79244489182063,3.998828402066617e-125,1.5439436267338187e-124
RBMXL3,1.1624683,-2.7814620466371958,0.19993357796502592,-13.911930526866042,5.361258385354071e-44,1.0807986876663386e-43
RBMX,7531.213,-0.030544876245903154,0.008734498678046938,-3.4970382813925944,0.00047045431684792814,0.0005622199716310735
RBMY1A1,2.1518488,-0.4855381077864201,0.2532100953282513,-1.9175306069727913,0.055170556439631216,0.0610742949570144
RBMY1A3P,0.030965744,-0.5101539315378644,0.5929914688565875,-0.8603056845346336,0.38962056018202507,0.4072014879232982
RBMY1B,0.24957052,-0.5195053603773447,0.6862653908399857,-0.7570035839072002,0.44904771531791376,0.46641306240280633
RBMY1E,0.09879339,-0.4301559415108371,0.5302118003354076,-0.8112907733074292,0.41719870742578513,0.43470743049703464
RBMY1F,0.109864205,-0.5161274254851362,0.8293847246056794,-0.6223015811275312,0.5337435817195637,0.5505641982179965
RBMY1J,0.5290607,-1.1193802107659532,0.40672170662925117,-2.752201794300418,0.005919603182657037,0.006811575266812559
RBMY2EP,0.16447718,-0.5751695753232963,0.2885504613845563,-1.9933067254976855,0.046227870405373156,0.05137860102538444
RBMY2FP,0.58359635,-1.406691464797367,0.3747887944472458,-3.7532911486108187,0.00017452794822003548,0.00021114894805156301
RBMY3AP,0.021046776,-0.4444798149835329,0.8928166703253727,-0.49783995948636284,0.6185968486313634,0.6340119432785908
RBP1,3059.7146,-0.8995299023684153,0.04037492984053283,-22.279417101682924,5.851440439715229e-110,2.0075745856447988e-109
RBP2,37.562122,-1.327059797056221,0.09125832177497571,-14.541794887796403,6.584330277748176e-48,1.3714996943388082e-47
RBP3,6.5244193,0.34955521146838886,0.07877377840937058,4.437456454758647,9.102812918986698e-06,1.1355647562356016e-05
RBP4,12707.08,-0.4529811079537407,0.07625000149295579,-5.940735725698162,2.837457233660422e-09,3.783833878305662e-09
RBP5,1221.0797,0.7078980003279898,0.05271336411911493,13.429194136203721,4.0782531389197454e-41,7.999725951947885e-41
RBP7,416.5141,0.7612674586459514,0.03564706705054402,21.355682855101357,3.4528821161012206e-101,1.1023557629246471e-100
RBPJL,4.329939,-0.7901841216244702,0.09377817589791598,-8.426098226570755,3.5738220746538335e-17,5.394383423626734e-17
RBPJ,1550.1523,0.17742050588455036,0.014543105962779015,12.199629593474226,3.1224107192501328e-34,5.739878991712276e-34
RBPMS2,470.54886,0.8569411666490278,0.033912957280513994,25.26884221746762,7.031366721686763e-141,3.0251816375067796e-140
RBPMS,3281.5098,0.5245566039129275,0.027073405081459504,19.375346482447306,1.2461988079929168e-83,3.493234411665674e-83
RBX1,2390.016,-0.28852801248315674,0.012324012288950739,-23.411856927620924,3.236277380340021e-121,1.2100527306949952e-120
RC3H1,1699.7384,0.021719555616731195,0.013726710714166373,1.5822840641870575,0.11358473700554128,0.12361531302163976
RC3H2,859.46765,0.2833209223631664,0.018395681991279528,15.401490550743086,1.5993966709931888e-53,3.497166450945154e-53
RCAN1,3303.0193,1.0984520067103667,0.025012022816860567,43.916960045706574,0.0,0.0
RCAN2,1194.8396,1.3529429844756031,0.03288602707485147,41.14035974598533,0.0,0.0
RCAN3,328.87747,-0.10958594857539783,0.025237929256893943,-4.342113311275867,1.4111871551254797e-05,1.7536690039186743e-05
RCBTB1,1550.6489,0.5322136265202813,0.016916195806319,31.46177974136917,2.8967817823745576e-217,2.2146293769194e-216
RCBTB2,1007.04877,0.85867447539406,0.019961194387243565,43.01718918897989,0.0,0.0
RCC1,1801.6962,-0.7996847566284649,0.02250177286754677,-35.538744495186506,1.2399864697235768e-276,1.44256483069156e-275
RCC2,9553.155,-0.6242256414200059,0.016617620671315978,-37.564080548396134,8.299314610082786e-309,1.2217335223910012e-307
RCCD1,628.0332,-0.46782020409394354,0.013817033658735777,-33.858222802994014,2.7466692452993534e-251,2.6936146033260855e-250
RCE1,873.7913,-0.48167266060898745,0.01270343673779718,-37.91672053404591,0.0,0.0
RCHY1,979.81506,0.3480367093735333,0.012272973909640864,28.357976798120454,6.6738575656199375e-177,3.733802313230456e-176
RCL1,928.2061,-0.041521309954735595,0.017557897076682174,-2.3648224940262415,0.018038714454467957,0.020381274631140082
RCN1,6692.513,-0.06837250079721396,0.016260979993122197,-4.204697430667343,2.6143164984739866e-05,3.228097379453657e-05
RCN2,3277.0066,0.13289169118541785,0.015431125717901591,8.611924600630445,7.184409289813333e-18,1.0954717550277835e-17
RCN3,1692.4313,0.268687399883086,0.030498308876992525,8.809911427114566,1.2524478036465544e-18,1.926602556436736e-18
RCOR1,2219.9656,-0.2014597437049546,0.015514288767983964,-12.985432121174428,1.4800048785615012e-38,2.8377678774377095e-38
RCOR2,437.71756,0.6762014709353646,0.04223239692985274,16.01143956045221,1.0632112028379591e-57,2.4107269048421884e-57
RCOR3,1856.6383,0.26071685237106584,0.013469889407131338,19.355530286168126,1.8310053422297576e-83,5.123342188352891e-83
RCSD1,872.587,0.08206104827950245,0.029452283756139393,2.786237188224721,0.005332383824694875,0.006145851838619497
RCVRN,6.365482,0.5816097708459597,0.045118827991464494,12.890622313061582,5.083196212427211e-38,9.69540862739419e-38
RD3,14.064472,-0.8718046339549892,0.06571796989589984,-13.265848524170272,3.6526285306332994e-40,7.109356047338751e-40
RDBP,3442.7197,-0.23561461618436003,0.011758391552005129,-20.037997131009067,2.5689875629060365e-89,7.508185155498707e-89
RDH10,2792.6943,-0.3446517180606128,0.02953379295210305,-11.669741120605735,1.8197614974694548e-31,3.252723821508396e-31
RDH11,8037.1157,0.25512126497566073,0.029149493524752428,8.752168018254702,2.0929248403486244e-18,3.211717556693875e-18
RDH12,114.411644,-1.0239636757311041,0.048300218968154784,-21.199979991937965,9.553705856771648e-100,3.0188405639921467e-99
RDH13,679.3024,-0.5549966234891016,0.01809726918736707,-30.667423783281134,1.5481112088451376e-206,1.088704528527743e-205
RDH14,860.79944,-0.01728032502313994,0.009301157812057575,-1.8578681678466475,0.06318773779383491,0.06971058598378048
RDH16,401.13098,-0.19494566868786553,0.05587403004741438,-3.489021080499039,0.0004847929153061226,0.0005790495137997858
RDH5,426.10904,0.5718203348839781,0.038415893798710556,14.88499364039713,4.1252570466259233e-50,8.76224394494076e-50
RDH8,4.1187463,-0.44183741444379143,0.09295076105303238,-4.753456662842216,1.9996798277161213e-06,2.529606164562726e-06
RDM1,35.238037,-1.0362635891168517,0.03474283989813561,-29.826680609735075,1.7618060503978652e-195,1.1307884419940146e-194
RDX,3941.725,0.8455821982957065,0.01939017990533868,43.60878560300996,0.0,0.0
REC8,1012.6526,-0.2619478963076475,0.03939272244536558,-6.649652018109369,2.937867734275671e-11,4.0490149744190625e-11
RECK,560.658,1.1860214338592276,0.02134687409261529,55.55948982101873,0.0,0.0
RECQL4,1204.0334,-1.0520730526618425,0.025300484260289406,-41.58311919401214,0.0,0.0
RECQL5,1478.298,-0.2367272286168721,0.013028811507617128,-18.169518261774876,8.99848953015838e-74,2.332869582891818e-73
RECQL,1758.8612,0.28564650001669006,0.015759486562022508,18.125368418095935,2.009923605120405e-73,5.1915801416704293e-73
REEP1,525.25964,0.9261195667287379,0.03996216426594283,23.174910161660332,8.155402852807296e-119,2.997036943687793e-118
REEP2,768.1316,1.2949311754462685,0.046090409283289335,28.095458373717722,1.1131215894392125e-173,6.1067212178369515e-173
REEP3,1213.377,0.2582467968977289,0.016879306400289038,15.299609520288508,7.691671706009718e-53,1.6710569230888042e-52
REEP4,1601.44,-1.022796259585398,0.018854831292451576,-54.245845201217406,0.0,0.0
REEP5,8916.707,0.35029600290514484,0.015636882510823423,22.40190796744041,3.770790765758215e-111,1.3096132582748465e-110
REEP6,2240.6746,-0.4924315139354889,0.04040268501653314,-12.188088829590944,3.5975963368815e-34,6.611017584851562e-34
REG1A,3126.8552,-1.536728916616398,0.1225678705613628,-12.537779350968203,4.638108713501237e-36,8.67977344408233e-36
REG1B,221.73773,-2.6044651079707393,0.1784801955544089,-14.592459963866299,3.1367963101155314e-48,6.556004114325234e-48
REG1P,2.4673362,-1.6412863167902623,0.26623389329631775,-6.1648285891365235,7.055953165404156e-10,9.51969188167417e-10
REG3A,1038.458,-1.7433204182859496,0.18645263096318854,-9.349937350200944,8.769965764995847e-21,1.3863477988162935e-20
REG3G,37.13074,-0.7584406563708146,0.15281554176502288,-4.963112047444967,6.937253352142421e-07,8.859336406741158e-07
REG4,2466.225,-2.9113067857420853,0.09948888035898963,-29.26263493203565,3.101322647460586e-188,1.8898481825695918e-187
RELA,4782.7837,-0.07363421337141657,0.00878766944005974,-8.379265273195802,5.3259115730092716e-17,8.023548447158188e-17
RELB,1275.1588,-0.4922577132942748,0.019679317426861288,-25.013962761857155,4.309228548339205e-138,1.8197797970470415e-137
RELL1,1273.5167,0.1963014424413013,0.018807769407127684,10.437252722106846,1.6759068205738617e-25,2.8059035328999384e-25
RELL2,208.94968,-0.5270710181872434,0.024025527332334616,-21.937958359727155,1.1285509663604014e-106,3.785824538495866e-106
RELN,627.2592,0.4653006115552328,0.05634236551709954,8.258450054142953,1.4757619311396016e-16,2.211144918757076e-16
RELT,600.5096,-0.3491159988829903,0.021933506971920973,-15.917016796717673,4.8285655849823775e-57,1.0872015786845414e-56
REL,234.15086,-0.2601245817774452,0.02928412211497621,-8.882785721085854,6.520649305125932e-19,1.0071610591234267e-18
REM1,81.02547,0.7269303071332309,0.031893759450882124,22.792242734906733,5.473913725253103e-115,1.951381711301487e-114
REM2,41.05575,-0.5956217054742594,0.027965968572903264,-21.298089637823885,1.1824599032377487e-100,3.761515807815207e-100
RENBP,869.6636,-0.3471906486786823,0.03263119265882795,-10.639839380334584,1.9446427579842477e-26,3.290473895428964e-26
REN,182.43405,1.8757031785800797,0.06900051875037676,27.18389966553459,1.0068429348438268e-162,5.102891538582393e-162
REP15,72.52508,-0.4667788946662139,0.032634223045700995,-14.30335552994586,2.0850846870743832e-46,4.28920270224789e-46
REPIN1,5775.615,-0.27042166715574556,0.015506706028770315,-17.439014233843064,4.172080244471817e-68,1.0337030752975748e-67
REPS1,1775.4421,-0.04599981398339577,0.011891056053784006,-3.8684380744095117,0.00010953474573829516,0.00013321492762759563
REPS2,1613.8844,0.31936107954910514,0.031103785675296685,10.267595169379938,9.863266244260188e-25,1.6368294544089758e-24
RER1,6071.7544,-0.1754862844047772,0.009906465511926102,-17.714318410891803,3.251419723795016e-70,8.183416263659628e-70
RERE,7128.3633,0.27812038509046055,0.015287776858467519,18.192336771086282,5.935477450396761e-74,1.5419214675593678e-73
RERGL,68.75934,1.7498978379752304,0.05253079571167339,33.31184716066214,2.601253314268634e-243,2.3985016406338367e-242
RERG,919.4961,0.6607888513449593,0.04145006415445148,15.941805273997257,3.248325018702318e-57,7.329341577719216e-57
RESP18,0.58139944,1.4596986895117587,0.1812057506785737,8.055476628338361,7.916969631606922e-16,1.1739372522205778e-15
REST,689.88806,0.24741560327696677,0.02552689113374174,9.692351566851396,3.24958959027155e-22,5.222069182124752e-22
RETNLB,21.311623,-4.091981352815536,0.1579301068611044,-25.910077781523523,5.127514417263072e-148,2.3338042928919936e-147
RETN,18.45594,0.19176555961776923,0.07065226494280533,2.7142167313816192,0.006643268797946176,0.0076330667338668215
RETSAT,4310.16,0.19813153127888217,0.01879587038436508,10.541226728382496,5.576666565322171e-26,9.379211450094512e-26
RET,1033.1718,-0.8576075661519997,0.052716469869433485,-16.268304161414743,1.6568312355871745e-59,3.814477793205845e-59
REV1,1526.3447,0.11383221991301926,0.010383579516854707,10.96271471010993,5.774086150694708e-28,9.908514829905054e-28
REV3L,1565.5968,0.6725576214771727,0.018540583329527988,36.274890035743816,4.026943265419252e-288,5.0858894504138057e-287
REXO1L1,3.000966,-3.6151733940554256,0.12314082110906405,-29.3580419676877,1.886557492196653e-189,1.1582757534267688e-188
REXO1,1897.7771,-0.35669839371386464,0.012573289358421634,-28.36953668571596,4.806213919442449e-177,2.6926172037955095e-176
REXO2,1933.0999,-0.0952606288848539,0.01551049855043834,-6.141687101486609,8.164957519106852e-10,1.1002804483154382e-09
REXO4,1553.0455,-0.2548884491407384,0.011044037711650126,-23.079280947389545,7.47707106830633e-118,2.7270815098468032e-117
RFC1,2714.8486,0.26849307409546086,0.010416128208341684,25.77666756064312,1.61990551036301e-146,7.277064493707087e-146
RFC2,1625.5238,-0.38773706410080633,0.013534203342970416,-28.648680256617734,1.6648966880264273e-180,9.572333146436044e-180
RFC3,869.2785,-0.4052920042962713,0.018763384017426,-21.60015506370637,1.7901356386234668e-103,5.834993830729292e-103
RFC4,1014.70685,-0.5990698134845434,0.020536089886622914,-29.171561713643154,4.4515334248062056e-187,2.690079222191438e-186
RFC5,882.8178,-0.28223881903514814,0.013665198044820815,-20.6538403694865,9.015989060458387e-95,2.7404676214074693e-94
RFESD,57.27059,0.012978514154189328,0.018258649699456567,0.7108145655796008,0.4771991534049115,0.4944675063197574
RFFL,1925.7802,0.06440539108178427,0.01560350351514131,4.127623710872795,3.665312526375652e-05,4.511341377454924e-05
RFK,1624.1843,0.06115829728012129,0.017562530786851414,3.4823168723444367,0.0004970950907581872,0.000593639075125876
RFNG,2108.949,-0.26343857634463785,0.014483601169891168,-18.188748312973424,6.33708933229853e-74,1.6456224708707368e-73
RFPL1S,102.35288,1.2317423287045015,0.04833091760252214,25.485597828587952,2.8473290415729304e-143,1.2455688001156702e-142
RFPL1,8.583825,0.19976230215385402,0.05939754174779408,3.3631409023972414,0.0007706102052027316,0.0009146952639763532
RFPL2,39.36438,0.6104089291586278,0.05796152570833983,10.531277803662071,6.198724547659127e-26,1.0420265301444321e-25
RFPL3S,18.025515,-0.25029162548729417,0.03062748654695194,-8.172124248707025,3.030062320696156e-16,4.520999544672263e-16
RFPL3,1.202706,-0.12920596682567037,0.06759685722639455,-1.911419733508251,0.05595066274868033,0.06191767912705239
RFPL4A,5.463424,-0.6461455268334775,0.07058998442343854,-9.153501479155063,5.511743736991373e-20,8.619879454709431e-20
RFPL4B,7.921645,0.0329463952327226,0.0752330850281048,0.4379242885017254,0.6614411680546808,0.6759841745105791
RFT1,1186.9808,-0.16632412529021778,0.009184290124192994,-18.109633193325585,2.6752503322419535e-73,6.89959735420749e-73
RFTN1,2090.5173,0.5747507128461606,0.023941938161685966,24.006022777467876,2.4058857655213893e-127,9.461353737734204e-127
RFTN2,394.718,2.544452232475794,0.0347231449156947,73.27827702973165,0.0,0.0
RFWD2,2170.0889,-0.2018918098120362,0.010174094041741084,-19.843713748245108,1.2488375988879227e-87,3.6079302789497964e-87
RFWD3,1853.0934,-0.4031838895695958,0.01532157583458498,-26.314779492818204,1.2992188917860254e-152,6.121452769699535e-152
RFX1,1076.767,-0.10156525156781646,0.01234085993599914,-8.229997917044955,1.8721669854484116e-16,2.80178239170422e-16
RFX2,556.54285,0.4889994497324299,0.024476532882839904,19.97829725611422,8.507641994220546e-89,2.476863768916575e-88
RFX3,154.39583,0.3712363558128048,0.023311170616462408,15.925255832096083,4.232789162378167e-57,9.535836511769072e-57
RFX4,288.09927,3.8458991079833704,0.09547942389873441,40.27987341086531,0.0,0.0
RFX5,2516.8037,-0.07310325346896641,0.012149998617535612,-6.016729365175349,1.7797625892768111e-09,2.382574076478603e-09
RFX6,22.025692,-1.0704248964536176,0.09833692873166106,-10.885278910576533,1.354832522855102e-27,2.318291757674149e-27
RFX7,1225.4897,0.17282061572419874,0.015699385896935522,11.008113110840396,3.4924132712365796e-28,6.0062545860031705e-28
RFX8,33.847538,-0.4150647935920441,0.049038821059088085,-8.464004326121998,2.5835023332558666e-17,3.9082719574049774e-17
RFXANK,2372.5737,-0.5202944485712675,0.016072012838618855,-32.372699909812845,6.650306194857965e-230,5.558028892492336e-229
RFXAP,264.76282,0.2873296930239235,0.016798949045048615,17.10402789206698,1.3849321171841996e-65,3.35026532482808e-65
RG9MTD1,1224.0522,-0.23348616365726696,0.012062859882278228,-19.355788422966416,1.821855539956429e-83,5.098440816216211e-83
RG9MTD2,292.45355,-0.009974221457669762,0.013354781631539534,-0.7468651852841969,0.455144942976485,0.47252911239460776
RG9MTD3,346.0745,0.12153214509239067,0.012012268172746062,10.117335322909948,4.628449752895208e-24,7.616441037762168e-24
RGAG1,20.72279,0.7951901443705127,0.039568178965196286,20.09670814191254,7.885385139748771e-90,2.3125692316356273e-89
RGAG4,743.59705,0.9775688512701984,0.030841832498339335,31.696198704238316,1.7528329193033878e-220,1.3678008970524213e-219
RGL1,1607.9307,1.1100260779670035,0.02257787542543237,49.16432822180594,0.0,0.0
RGL2,3497.0898,-0.11836011041920157,0.014561864109312922,-8.128087827952283,4.3611519494510194e-16,6.490401501379628e-16
RGL3,915.4725,0.08811334747332826,0.04084794281633049,2.157106120852227,0.030997396810884204,0.034695475379228735
RGL4,36.015503,-0.9131630615688197,0.0327886738413177,-27.84995410269151,1.0785162082267563e-170,5.802725022010711e-170
RGMA,1914.2103,1.7653771401748108,0.042861305696294295,41.18813254742825,0.0,0.0
RGMB,1845.6669,0.6878590831098513,0.023407506425922944,29.386260569304937,8.227969633551205e-190,5.06235218402747e-189
RGNEF,1054.2444,0.2769232026469374,0.029832495515561292,9.282602674070231,1.6538829257113016e-20,2.6049359805474542e-20
RGN,803.7399,0.4542699081387353,0.05286590737663395,8.592870730513871,8.482294933510413e-18,1.2924041502120827e-17
RGP1,352.82114,0.3147687649785039,0.019279876538593217,16.326285303146005,6.41747540292241e-60,1.4820029687851334e-59
RGPD1,749.65546,-0.2508080452675634,0.023298370457245327,-10.765046668298947,5.033604553857467e-27,8.568491230099011e-27
RGPD3,537.2284,0.16707143199851746,0.016427170364002784,10.170432782789222,2.687120540610706e-24,4.433313378143709e-24
RGPD4,367.27145,-0.19593044751119087,0.018746922979676946,-10.451339012999306,1.444709080626152e-25,2.421606468999492e-25
RGPD5,283.0828,-0.8547038428222156,0.035971478630364845,-23.760597989450694,8.538152975309402e-125,3.287221188054541e-124
RGPD6,1483.7166,-0.08535203728642785,0.018859116345147198,-4.525770758521807,6.017578258249026e-06,7.540120369257257e-06
RGPD8,8.621638,0.2565943777758474,0.17695347691650595,1.4500668890327562,0.14703986737238575,0.1588192827117832
RGR,29.798864,2.639477003671766,0.11561503743012409,22.82987630624627,2.3161091785964804e-115,8.284200064484495e-115
RGS10,1540.5005,-0.4068902016912695,0.023128623593891465,-17.592495292228886,2.8121715687889015e-69,7.03008361603306e-69
RGS11,301.02368,0.4756747443967511,0.04296233381022598,11.071901878001096,1.7171701513165065e-28,2.964459180077398e-28
RGS12,2328.0134,-0.0985766310750635,0.02017722473167574,-4.8855396312412775,1.0314595485203198e-06,1.3134528989445328e-06
RGS13,30.104383,-0.3304262948455005,0.05057317737455984,-6.533627349499245,6.419555842685584e-11,8.798689740220534e-11
RGS14,1117.789,-0.5696966396663282,0.022824570756311842,-24.959796429415256,1.671601808395714e-137,7.032887211640492e-137
RGS16,1270.5653,0.37758278765946907,0.031807338544224247,11.870933090943335,1.675879340122661e-32,3.0226105143123004e-32
RGS17,40.388737,0.2835973259298705,0.03826244236009237,7.411898154877374,1.2450435931008166e-13,1.784682286273289e-13
RGS18,142.33942,-0.3308530897231268,0.03716361824216193,-8.902607048841539,5.455002450541424e-19,8.433320289359317e-19
RGS19,823.61536,-0.29972856314843743,0.01819265415357174,-16.475252078025793,5.525775586721533e-61,1.288061199565648e-60
RGS1,2622.5344,0.2325854178222605,0.030945084882683275,7.5160697960280665,5.6447426371581524e-14,8.137174491956583e-14
RGS20,175.10703,-0.4040472739712489,0.05425800593672959,-7.446777060742143,9.564804691013285e-14,1.3736587098218077e-13
RGS21,0.39921707,-1.6176740930143938,0.22302245875151433,-7.25341340988785,4.0639722897707967e-13,5.771776201426135e-13
RGS22,75.67357,0.23445589787610635,0.05869811260404431,3.9942663822542106,6.489487147641538e-05,7.938440716146973e-05
RGS2,2187.3513,0.6112926852962367,0.030276111004688133,20.190594663944143,1.1843043196718338e-90,3.4964112013049395e-90
RGS3,2434.8906,0.1777282661289652,0.01710122729926294,10.392719950376033,2.6761067234512884e-25,4.469104813612073e-25
RGS4,888.37744,0.6633241046728804,0.04569881907501133,14.51512573189433,9.717934087274424e-48,2.0211198292248442e-47
RGS5,18233.426,0.9591449253191251,0.04268981577077916,22.4677691388786,8.579374084809502e-112,2.991906080723478e-111
RGS6,121.26232,1.476603348906706,0.04747634485644998,31.10187512057596,2.271933258456357e-212,1.6746665173393545e-211
RGS7BP,81.92207,1.9569152394799314,0.047660504134440285,41.059474191877705,0.0,0.0
RGS7,72.54873,1.2583086540750943,0.07286056700373975,17.270091433827417,7.901712047207393e-67,1.9339213457352626e-66
RGS8,2.7984009,2.250610502474521,0.10412621974048357,21.614253432841174,1.3191865970171986e-103,4.305437628835067e-103
RGS9BP,20.407825,-0.05248364700694486,0.03156490696062874,-1.66272142263585,0.09636821193542607,0.10532319233376311
RGS9,147.36295,1.2947512230861609,0.038939792232898986,33.250080414971166,2.0358586868364214e-242,1.8670291443830046e-241
RGSL1,1.875667,-0.14707112133851805,0.11962889445558424,-1.2293946375398674,0.21892387984164918,0.2334522978051611
RHAG,8.521356,-2.8901490016125537,0.12685929594668272,-22.78231941967615,6.8658032418248875e-115,2.4450041665263753e-114
RHBDD1,650.4027,0.22526039309580861,0.011866571543013361,18.98276956232016,2.3677926190327978e-80,6.467116974897871e-80
RHBDD2,6418.677,-0.10197265433274233,0.017735590712404093,-5.749605749608536,8.945178966442951e-09,1.1814135489965102e-08
RHBDD3,992.6392,-0.4873410407783719,0.016088479522421168,-30.291305035954796,1.4922489583505208e-201,1.008320495952813e-200
RHBDF1,1652.6298,-0.16991689229924528,0.019204277338918354,-8.847867029856982,8.920785101083787e-19,1.3750625671787161e-18
RHBDF2,1968.9594,-0.4402785858624986,0.019728450962608318,-22.316936423288702,2.5304558824877004e-110,8.712591123214458e-110
RHBDL1,163.27142,-0.7109731076107741,0.030797413021787234,-23.085481469102792,6.4782519573698545e-118,2.3644806669073657e-117
RHBDL2,268.87436,-1.234392601492238,0.03518760543054627,-35.08032406265034,1.345249017291002e-269,1.5040046536533504e-268
RHBDL3,297.66867,1.7941156070463435,0.04853100810298616,36.9684388842512,3.682602721601187e-299,5.048761535964886e-298
RHBG,110.779755,-0.4396016857617096,0.07000471925404167,-6.279600724722991,3.39443626595554e-10,4.6010205019033847e-10
RHCE,44.500587,-0.16213570203516253,0.034681095075010916,-4.675045631762293,2.9388826550766216e-06,3.705500215191982e-06
RHCG,3338.1086,-3.0844913055329157,0.07647135402758481,-40.33525160833787,0.0,0.0
RHD,14.104815,-0.7110206408016955,0.035805880997457365,-19.85764966520964,9.463689526520539e-88,2.7360303190916165e-87
RHEBL1,70.436966,-0.6010023925508138,0.027010398116295093,-22.250778754284088,1.1085130057236362e-109,3.794890917021609e-109
RHEB,2906.1353,0.06113535055941321,0.01260226721927995,4.851139044717564,1.2275444785935334e-06,1.5597315134298037e-06
RHOA,22819.23,0.15506850791910895,0.00855907713600971,18.11743315955238,2.3217703613615155e-73,5.99479046125036e-73
RHOBTB1,1116.9883,0.6015566984669433,0.02509209838086888,23.973949461540126,5.200157332257089e-127,2.0387060105415382e-126
RHOBTB2,2119.4558,0.3975821936997792,0.0239418659430998,16.606149021328264,6.290400359132961e-62,1.4774603243145818e-61
RHOBTB3,3632.0842,0.8689018352155244,0.026996533091430654,32.185682223445745,2.7995815283540787e-227,2.2973268978541185e-226
RHOB,17300.19,0.8726914638699032,0.023973862751432845,36.401787768545766,3.9885912861333246e-290,5.110366897066606e-289
RHOC,11573.616,-0.024665526588878,0.015791888066256938,-1.56191118410861,0.11830891337747612,0.12863290613896056
RHOD,1352.0854,-0.9979027291409223,0.03414950539413456,-29.2215865976296,1.0314690063432884e-187,6.255489276182009e-187
RHOF,1185.2986,-0.622508332872582,0.034734007187773024,-17.92215708102104,7.919681019409976e-72,2.018487554759235e-71
RHOG,2952.1548,-0.3322818042211503,0.013892904043399105,-23.91737560290905,2.0201196447462687e-126,7.878853610610973e-126
RHOH,392.66672,-0.6935326538692259,0.035955876403604696,-19.288436918747916,6.717366309312118e-83,1.8695674735650772e-82
RHOJ,413.77774,1.33431322042491,0.02630077846636115,50.73284131614219,0.0,0.0
RHOQ,3542.3545,0.40435076107752027,0.01638830771287374,24.673124776628697,2.078647450952545e-134,8.577053800961261e-134
RHOT1,1733.5021,0.26999423887689405,0.011153621188039975,24.206868273992377,1.883466714883152e-129,7.52462693255614e-129
RHOT2,3503.9043,-0.4673077550074491,0.01227720113539321,-38.06305279631491,0.0,0.0
RHOU,2616.1123,0.5765910935361508,0.028772093900900974,20.039942018891274,2.4705523521553808e-89,7.222569692350862e-89
RHOV,1168.5814,-1.851253166449443,0.04701404207446566,-39.3766007933808,0.0,0.0
RHOXF1,7.825967,-0.3736433497594474,0.048732223097410994,-7.667274875036391,1.756890093996103e-14,2.5508861377597107e-14
RHOXF2B,7.762238,-0.6705755367927073,0.0992648463689958,-6.755418069151958,1.4242397296931199e-11,1.9731947367691206e-11
RHO,2.2564454,-0.17126818379180628,0.061874728094434644,-2.767982810856361,0.005640443048975473,0.006495490697103437
RHPN1,1300.7765,-0.5849130805999833,0.028135707984409435,-20.78899457316288,5.443953534388854e-96,1.6709399970846177e-95
RHPN2,2185.4692,-0.1341991102031764,0.030524809214344036,-4.396394724724908,1.1006370435072334e-05,1.3711828153692183e-05
RIBC1,120.56168,-0.2367451725055588,0.02869918473915769,-8.249195043597854,1.5946498799736933e-16,2.3878697342148004e-16
RIBC2,93.94995,-0.9222552459442588,0.034106498166494886,-27.040455500361286,4.9460767850525605e-161,2.475348507052239e-160
RIC3,298.23315,1.099941994190367,0.04430533412735073,24.82640106107104,4.6513751202905e-136,1.9409171156793253e-135
RIC8A,4105.852,0.047519983644847434,0.008424836962249665,5.640463294159497,1.695932205843698e-08,2.227579598630442e-08
RIC8B,817.8144,0.4365264500795437,0.012215349475107025,35.735895315080136,1.0957131477752915e-279,1.3014949810710127e-278
RICH2,646.9723,0.5443394785748028,0.0311122771126479,17.495970372207683,1.5377098479958643e-68,3.82156186466648e-68
RICTOR,1798.4703,0.31139568526778066,0.016441217789782688,18.939940413738448,5.3457571701746356e-80,1.456366522515528e-79
RIF1,1602.288,0.2448796970678487,0.02046792762585864,11.964068934779414,5.480892030397405e-33,9.931952011291569e-33
RILPL1,795.653,0.42582262942334026,0.017120710891979245,24.871784361642995,1.5032186388371284e-136,6.293240441720151e-136
RILPL2,1048.2463,0.11508780001446559,0.017854330034506934,6.445932151586547,1.1489205485666831e-10,1.5683836293596018e-10
RILP,522.2239,-0.07312014372023608,0.023366498311754674,-3.12927263403659,0.0017523963202812866,0.002055484051656779
RIMBP2,312.22864,-0.25063298464099687,0.0579259012075413,-4.3267861080487995,1.5130075382858456e-05,1.879282561891375e-05
RIMBP3C,15.7614765,-0.6940529467484813,0.03284444110375524,-21.13151947253343,4.081981249487565e-99,1.282485436085144e-98
RIMBP3,102.69439,0.030538763720809305,0.026243905818243235,1.1636516276316056,0.24456521996102798,0.26007329920013417
RIMKLA,438.63333,0.45453485946957145,0.03615076317203564,12.573312970088999,2.9605272731234162e-36,5.550545607654446e-36
RIMKLB,1246.0673,0.5157982958584493,0.024354260500427657,21.17897588593963,1.4924170091156612e-99,4.7056090891413576e-99
RIMS1,107.09318,1.335952763159548,0.06296614772159821,21.2170001103831,6.65360710354501e-100,2.106699642629438e-99
RIMS2,178.84462,0.5439465278315402,0.05441432241649598,9.996385210277655,1.5806168479120433e-23,2.5803687279802174e-23
RIMS3,630.97784,0.7813858427660036,0.035635892487884076,21.926933443063586,1.437978740338031e-106,4.82065028396871e-106
RIMS4,550.75494,0.815826963928202,0.05602616462640614,14.56153512146159,4.933730110787765e-48,1.0288416606117803e-47
RIN1,783.49756,-0.8934697084784629,0.027246529604893113,-32.7920554079668,7.64252141593982e-236,6.683595081920911e-235
RIN2,2962.083,0.4245674035897769,0.019632572047378137,21.625663849096963,1.0302454417739843e-103,3.365115826901419e-103
RIN3,1573.5707,-0.09051416255191592,0.02104628087056661,-4.300720070618306,1.702440064870197e-05,2.1113533918550403e-05
RING1,2405.4805,0.04437472426779682,0.012892593706692839,3.4418771953358682,0.0005776924446630999,0.0006885165952989142
RINL,499.54254,-0.1567264123804609,0.021463121129554317,-7.302125885347195,2.832560551829358e-13,4.0330163140565005e-13
RINT1,1016.1093,-0.07392322656564947,0.010648632548133532,-6.942039386888841,3.86479418250267e-12,5.412626041244538e-12
RIOK1,1092.329,-0.19052640809713792,0.013019117965247975,-14.634356075865618,1.6957350309464486e-48,3.550336229436317e-48
RIOK2,980.54175,0.14243731509521407,0.009451600335161552,15.070179656806175,2.5442026835540133e-51,5.456380747337633e-51
RIOK3,3566.3972,-0.15526028284266752,0.01482372238967537,-10.473771618308595,1.1400806545832245e-25,1.912881329047294e-25
RIPK1,2052.143,0.07344043670088886,0.009698398759258856,7.572429070394413,3.663092318483247e-14,5.2966545818182124e-14
RIPK2,1163.6257,-0.17087782222688247,0.016357311256064027,-10.446571539288534,1.5191809739591613e-25,2.545387659355984e-25
RIPK3,427.5035,-0.624904924367037,0.027692836271801094,-22.56558043508753,9.44262411045665e-113,3.312810344042511e-112
RIPK4,1683.6312,-0.6085448476406428,0.036441282704112996,-16.69932566813732,1.3255438768468787e-62,3.1387238647040714e-62
RIPPLY1,10.184556,0.7153320828752449,0.06405378689145155,11.16767825277027,5.86950549758382e-29,1.0184715113381827e-28
RIPPLY2,14.217038,0.46773345823721274,0.0963162339950184,4.856226607255061,1.1964377580962302e-06,1.5208713984191527e-06
RIT1,1695.5277,0.11081096923269113,0.01634968391838127,6.7775603360815415,1.2222211606783154e-11,1.6960807450241855e-11
RIT2,13.090131,2.0169400010405143,0.12935898349760117,15.591804654818707,8.276210041852304e-55,1.829482738784702e-54
RLBP1,47.154533,0.7524357772357608,0.09844960013342799,7.642852548065106,2.1246125715368387e-14,3.081717536614313e-14
RLF,1311.4164,0.18130262994832536,0.013865235555470251,13.076058406868972,4.512391180160854e-39,8.697128849464624e-39
RLIM,3195.817,0.12397192952700561,0.010803475188706573,11.47518991450083,1.757912854021317e-30,3.1067142183177077e-30
RLN1,48.032265,-0.12449494499830523,0.06711300691438819,-1.8550047259410614,0.06359555171148192,0.07015289538871154
RLN2,35.712025,-0.23037895715397053,0.042707845394292704,-5.394300626197298,6.879096145666214e-08,8.944977864828413e-08
RLN3,0.60017276,-0.9377515761526392,0.1114792824221232,-8.411891032826933,4.034526189119209e-17,6.085716728478771e-17
RLTPR,297.46582,-1.1372998705517503,0.039176215806191364,-29.030365673348495,2.7233420958426367e-185,1.624034028390751e-184
RMI1,722.32947,-0.15350201039795539,0.01596098115744775,-9.61732921577493,6.756260700489178e-22,1.0808636775205028e-21
RMND1,1057.4735,-0.04679836234906026,0.01760440281164558,-2.6583328528532895,0.007852829284491294,0.008998972835920199
RMND5A,3672.2769,0.007722984948658023,0.012077152357022742,0.6394706898077,0.5225167752016311,0.5393935212620428
RMND5B,1528.775,-0.06069705939705917,0.011443866571658426,-5.303894362713026,1.1335792698283438e-07,1.4691285476118945e-07
RMRP,172.33043,-0.8828912085884528,0.04314373485677942,-20.46394943597979,4.5130374803602865e-93,1.3535788164798922e-92
RMST,56.350147,1.1611460962922577,0.08378266297789472,13.859025901320605,1.121863555691454e-43,2.2551362687916973e-43
RNASE10,15.757884,-2.107300256659117,0.05697638416712333,-36.985503511033215,1.9584644644604353e-299,2.692260501819717e-298
RNASE11,0.98591465,0.04478246898885061,0.16236598143485723,0.27581189478916657,0.7826925472371049,0.7933700557231874
RNASE12,0.23780045,0.543886457881774,0.2172386200141263,2.50363612992205,0.012292438196605977,0.01398813645099218
RNASE13,1.8718821,0.44570471753927676,0.045622571079846415,9.769390610608637,1.523657527163802e-22,2.4595737072254873e-22
RNASE1,7686.3306,0.24535623340941737,0.0319151218308025,7.687773673876899,1.4971734951248947e-14,2.1762783940630966e-14
RNASE2,145.77557,-1.7652848754143367,0.04893220011429838,-36.076139460128346,5.3690039452676766e-285,6.604685880465536e-284
RNASE3,21.76036,-2.1290543792127106,0.06851510536168709,-31.074233455141922,5.3700865781297e-212,3.9412254017354924e-211
RNASE4,2485.7297,0.4074326578513168,0.03375857179673565,12.069013473215543,1.539689975034748e-33,2.80706977717672e-33
RNASE6,600.0006,0.19719715594371967,0.025377083861768276,7.770678341840769,7.806691215470897e-15,1.139901215346568e-14
RNASE7,118.676186,-2.7405210471247043,0.06834216501149523,-40.100003367814665,0.0,0.0
RNASE8,0.09434336,-0.392095311948335,0.18106424092259557,-2.1655038562581477,0.030349120402152558,0.03398480514093966
RNASE9,0.056250617,-0.4712166142658957,0.2920425310404109,-1.6135205121910543,0.10663147051200117,0.1162468598743685
RNASEH1,645.035,-0.21470520435460697,0.01253757730402835,-17.124935635341743,9.6716370774397e-66,2.341875110128388e-65
RNASEH2A,1437.8823,-0.682749813024036,0.01918360233759215,-35.59028179426556,1.9804810528560655e-277,2.315945649345011e-276
RNASEH2B,1052.6405,-0.30114466991748906,0.01497188098726176,-20.114017081334417,5.5630796929135365e-90,1.6333824555527358e-89
RNASEH2C,1898.4381,-0.155894735845178,0.016295900309424443,-9.566500339660218,1.105856889668545e-21,1.76429279968356e-21
RNASEK,5616.7617,-0.2623615074192195,0.015245959474416905,-17.20859273301025,2.2892751431256922e-66,5.573042286128897e-66
RNASEL,751.9695,0.21862862969477886,0.015651201891977762,13.968807712258824,2.4163802867822885e-44,4.889681568293471e-44
RNASEN,2836.8613,-0.03414632241227085,0.01087642832841572,-3.1394793751419554,0.0016924832816097308,0.001986353094500058
RNASET2,4328.7524,-0.32498763207897696,0.02352253046833849,-13.816014927323097,2.040577918325554e-43,4.089391262839842e-43
RND1,657.4593,0.3838699740131867,0.03873459038117181,9.910262900308842,3.75656374422905e-23,6.104228690937763e-23
RND2,1209.6586,2.2640047469247264,0.047290587960498884,47.8743201250916,0.0,0.0
RND3,2513.5469,0.09512374181846299,0.027703435482097135,3.433644245311563,0.0005955252452673526,0.0007093437000789187
RNF103,2496.4905,0.17430006726787547,0.014701510001698096,11.8559295778286,2.0048685057764157e-32,3.612454014435087e-32
RNF10,7965.9585,-0.049847184647798214,0.007680607734321138,-6.490005266777764,8.583337353073909e-11,1.1744617593335016e-10
RNF111,1381.6444,0.28838956585624226,0.011464334499842655,25.15536910234086,1.2344108079501165e-139,5.265319429930111e-139
RNF112,231.25325,1.9063881600829253,0.04849445630942689,39.31146578732424,0.0,0.0
RNF113A,759.58765,-0.3610498972129359,0.0109062279170129,-33.10492866646634,2.5241071513582193e-240,2.2829097065527313e-239
RNF113B,1.3549962,-0.37602137299591243,0.06387332289065495,-5.886986240556565,3.933014433766597e-09,5.231086487035615e-09
RNF114,4254.393,-0.12088332367113762,0.009729555918205892,-12.424341325274815,1.9280790326840685e-35,3.5877672083369847e-35
RNF115,1031.4486,0.24463960522571587,0.01142186585281967,21.418532521577696,8.977269974951708e-102,2.881870694103466e-101
RNF11,4666.4897,0.5116834210310215,0.012885930631523367,39.70868970683964,0.0,0.0
RNF121,1123.5322,0.11394695490506646,0.010794779667311155,10.555746241872969,4.778274789201102e-26,8.045062556512177e-26
RNF122,511.3234,0.20817663689862223,0.020378977404612298,10.215264130549867,1.6941711017282722e-24,2.803513733242778e-24
RNF123,1886.9036,-0.07771154077017378,0.011601846991295532,-6.698204245279056,2.1099623132988418e-11,2.9146914599301885e-11
RNF125,538.37335,0.06563815863932405,0.027327599011959344,2.401899947763391,0.016310168745705098,0.018468227224349838
RNF126P1,10.557866,-0.3939423342348533,0.039148068893950776,-10.06288037609247,8.060487110374951e-24,1.3210711405580713e-23
RNF126,1663.7511,-0.6253423631428613,0.013824380114188394,-45.23474889850959,0.0,0.0
RNF128,1735.4343,-0.07905659296200851,0.04794555026597373,-1.6488827956598473,0.09917164839279402,0.10831735995863162
RNF130,3790.5798,0.24930160616425015,0.015247873366263221,16.349926325847115,4.355062351391806e-60,1.0072102057478788e-59
RNF133,2.8875172,0.20551270237868138,0.035795090942422954,5.741365560692449,9.391610304452138e-09,1.2398592315431049e-08
RNF135,1170.4187,-0.10330287650061624,0.015144421085752226,-6.821183584085821,9.029346330844629e-12,1.2572046365043482e-11
RNF138P1,40.362793,-0.052332197836328115,0.024249314849617072,-2.158089750612253,0.030920854479846913,0.034613607321449566
RNF138,1189.4554,-0.04272520576501567,0.014104811657041066,-3.0291227422159457,0.0024526501357505365,0.002863980734943801
RNF139,2086.6738,0.16572360346246276,0.011801297402720687,14.04282917438015,8.524054454836448e-45,1.730394103559829e-44
RNF13,3230.609,0.4093502856834137,0.013109260080754227,31.226040460085386,4.722516470569236e-214,3.532171668784683e-213
RNF141,2602.2488,0.3988886775815248,0.01606951142936711,24.822701009599694,5.099607548474329e-136,2.1275186491678045e-135
RNF144A,1545.3584,0.6391274295737372,0.02181209238725256,29.30151854423909,9.919435741521936e-189,6.068202892477316e-188
RNF144B,1934.6985,0.3803425803259448,0.026168542043736368,14.534343552279886,7.341391907046973e-48,1.5285681922230448e-47
RNF145,4393.1084,0.04898725334491901,0.018584432831507444,2.635929424860769,0.008390718112960247,0.009607256625710459
RNF146,1457.5374,0.5585568178753118,0.012973392401794716,43.054029399283564,0.0,0.0
RNF148,5.655174,-0.12958386496783839,0.03291390443171171,-3.93705539361619,8.248757093076643e-05,0.00010067528664825093
RNF149,2557.4182,-0.30131693817309096,0.014619233194178825,-20.61099471982369,2.1869126038859307e-94,6.625499062874057e-94
RNF14,2477.6538,0.23909833471553588,0.013163899857804712,18.163183957509176,1.0099384992318533e-73,2.6166121030620135e-73
RNF150,234.40251,1.2978709969369513,0.03712917672541354,34.95555547959691,1.066204222901715e-267,1.1689203970951004e-266
RNF151,0.7061557,-0.5769116653049332,0.05083276289252631,-11.349209298827109,7.483637880894824e-30,1.3123116590623404e-29
RNF152,170.1771,0.6441925569935367,0.03353796864411533,19.207858526833245,3.181204367337665e-82,8.816517793986866e-82
RNF157,1054.8407,0.7440680141658778,0.03654133324387695,20.362366342792313,3.607336951071263e-92,1.0757546944025171e-91
RNF160,1481.3333,0.31857337678073483,0.014667382543545692,21.71985191188195,1.3320771147890131e-104,4.384053989652363e-104
RNF165,160.88113,1.2001977024808954,0.03989459037658611,30.084221724088287,7.793897680695572e-199,5.1334831084206134e-198
RNF166,702.76294,-0.08466294149739925,0.014692030247396978,-5.762507976894425,8.287312485789185e-09,1.0955223355508216e-08
RNF167,4872.596,-0.0328201288709246,0.009550796243831655,-3.4363761966046913,0.0005895517287287228,0.0007024453470584694
RNF168,444.53067,-0.18738373987531584,0.023046045810018616,-8.13084124799648,4.263213653217439e-16,6.346966491104485e-16
RNF169,1142.1664,0.19993328437698438,0.01844224081441932,10.841051604784589,2.1992831070449004e-27,3.756624278574304e-27
RNF170,1223.5975,0.2798172765886795,0.013749815495942591,20.35062046259823,4.584353091009694e-92,1.3657132657282172e-91
RNF175,70.90435,0.3656931170577854,0.041221783087075636,8.87135610522491,7.22604769697404e-19,1.1150151967765234e-18
RNF17,8.099947,-0.9917507300325916,0.10297197176045143,-9.631268713973432,5.899650018413944e-22,9.447886000541925e-22
RNF180,407.60858,1.5786135091277615,0.033424376284358716,47.2294081330843,0.0,0.0
RNF181,2921.6455,-0.36320669082139806,0.01409073501276923,-25.77627714184213,1.6363146378395315e-146,7.347536328137411e-146
RNF182,213.88615,1.2676701441131513,0.04757641363476017,26.644928595184588,2.0490387437265388e-156,9.894776988502988e-156
RNF183,128.42058,-1.1187041948442942,0.051032047210603004,-21.92160134645469,1.616693461873069e-106,5.417093843033872e-106
RNF185,2550.804,0.37298123299767016,0.011086972841367362,33.64139502588249,4.165944887155091e-248,3.9931483972500235e-247
RNF186,183.1905,-0.05103182860551991,0.08512719697889956,-0.599477375229084,0.5488545929630073,0.5654066011300848
RNF187,7844.02,-0.08654829545937101,0.012919955763591201,-6.698807414129586,2.1012729726992735e-11,2.9028850139909417e-11
RNF19A,3382.3262,0.34901263689693823,0.016858398524518342,20.70259736649035,3.2819728407214545e-95,1.0010140084531548e-94
RNF19B,1990.9481,-0.2565285640606978,0.017445847872014142,-14.704276108712927,6.0514578217907946e-49,1.2731386772123466e-48
RNF207,457.59793,-0.52408119087904,0.025188849706864296,-20.806078760167477,3.8128572656135214e-96,1.1720664513155018e-95
RNF208,484.7654,-0.2557219451525337,0.02483162659562153,-10.29823576670665,7.176535968992627e-25,1.1933929248772433e-24
RNF20,2585.1685,0.3223340648984416,0.010084237678817706,31.96414792716712,3.435978870567323e-224,2.7584027533864404e-223
RNF212,176.04597,-0.1062836409352153,0.0471841332237139,-2.2525292651089552,0.0242888454769794,0.02730366103836473
RNF213,10316.808,-0.20885694452888365,0.018151626671265894,-11.506238438646667,1.2271506231654815e-30,2.1730503206946192e-30
RNF214,732.2221,0.10997046261221972,0.009626653256038235,11.423540423380443,3.189696918160644e-30,5.6219409191267035e-30
RNF215,629.5034,0.22860557473276907,0.016466538524182405,13.883037676500365,8.026869949779089e-44,1.6154512189358687e-43
RNF216L,669.12384,0.05100256426105137,0.011832879025025759,4.3102413329152025,1.6307647968393617e-05,2.023941751941756e-05
RNF216,2934.946,0.22278761121514212,0.010743568523048634,20.73683532033015,1.611876779729992e-95,4.927357261039475e-95
RNF217,207.3401,0.06576457673071487,0.02653755266975444,2.478170370460292,0.013205807080368682,0.015007369598058944
RNF219,749.9403,0.10554603633580913,0.012778873183873387,8.259416524221052,1.4638626466235775e-16,2.1934775610958573e-16
RNF220,3135.0762,-0.14626160824573542,0.009448767911294575,-15.479437067228814,4.7763396195382766e-54,1.0487650810416283e-53
RNF222,27.729633,-3.085940604329837,0.05961452761264234,-51.76490912385268,0.0,0.0
RNF24,835.6775,0.11828283181733552,0.02324594533218698,5.088321000805153,3.61247528704027e-07,4.640443205808118e-07
RNF25,1072.0459,-0.11848761120526986,0.011453208407084373,-10.34536411054735,4.392433979938693e-25,7.32156241997477e-25
RNF26,2442.9512,-0.09850617453651415,0.010777137741431624,-9.140290947365093,6.22845334377365e-20,9.733273075367497e-20
RNF2,1155.725,0.08694913579844224,0.012834212306745028,6.774793319629446,1.2458423094413276e-11,1.7285064452716363e-11
RNF31,2313.513,-0.20057739104227357,0.009779216770566892,-20.510578275139952,1.7322269243853713e-93,5.216924253485469e-93
RNF32,109.25684,-0.29774987841170364,0.020027725190685082,-14.866884560119061,5.40716262435154e-50,1.1473103060883065e-49
RNF34,1397.4852,-0.12989007218393755,0.008947192732251044,-14.517410775754938,9.399408774019894e-48,1.9550731837992545e-47
RNF38,2186.2542,0.5878587217356988,0.013295969906997707,44.2133011617533,0.0,0.0
RNF39,243.43382,-0.8610244576875147,0.03587826784114313,-23.9984957328442,2.8831883042357305e-127,1.133619750597436e-126
RNF40,5755.179,-0.0044608308885912855,0.008910857600684208,-0.500606236626289,0.6166482723757426,0.6322376077603739
RNF41,2181.718,0.22888054285186604,0.011586999442948538,19.753219457618524,7.526342043809448e-87,2.159672976320177e-86
RNF43,1984.3942,-1.3044331185757263,0.03680437251282446,-35.44234093710462,3.806240640844483e-275,4.395419920984278e-274
RNF44,3093.1135,-0.2987480105331768,0.013206660831306508,-22.621010287853533,2.69243779364353e-113,9.490190623405233e-113
RNF4,3082.0857,0.039033668147245945,0.008079868562073662,4.830978109033512,1.3586394357109726e-06,1.7246876338470938e-06
RNF5P1,471.06757,0.04379591884583791,0.016573570937660313,2.6425155454169476,0.008229268752843561,0.009423989342959955
RNF5,2715.458,0.04133798684777665,0.014617935291743853,2.827895049660273,0.004685516455049203,0.0054135650365102275
RNF6,1832.781,-0.08742351272315078,0.012844732340753846,-6.806176291098953,1.002268845772174e-11,1.3938924401308621e-11
RNF7,3003.568,-0.2879517086667912,0.010896963144683372,-26.4249502217765,7.082168922245001e-154,3.3641128578624815e-153
RNF8,957.5854,-0.12982068287411158,0.01080196442044426,-12.018247591003671,2.8495057760403913e-33,5.1802025265118604e-33
RNFT1,639.1774,-0.017017848650570055,0.01571997601884671,-1.082561998196901,0.27900288262123984,0.2951990275067988
RNFT2,279.1295,-0.01662987992990109,0.029978853716701837,-0.5547203401121452,0.5790859614095365,0.5952545232927776
RNGTT,898.4954,0.10426736128101503,0.011459605583390162,9.098686732477317,9.143065290321875e-20,1.426497557250847e-19
RNH1,7879.4653,-0.1441245452541519,0.012630986108954646,-11.410395357174513,3.710390173588524e-30,6.534022449968754e-30
RNLS,330.54895,0.157844964130146,0.026922126537956885,5.8630199181184315,4.545236747529649e-09,6.039845632984539e-09
RNMTL1,753.09216,-0.2073190931019995,0.01261467219221204,-16.434758663803628,1.0785320232058182e-60,2.5088932198865693e-60
RNMT,2173.9863,0.27376637246008284,0.011343417781328349,24.134381518655832,1.0893355676365851e-128,4.3197862916854764e-128
RNPC3,387.09265,0.1193904897327676,0.017995221796886406,6.634566168749581,3.254583290309554e-11,4.480664133582108e-11
RNPEPL1,4989.2456,-0.483730454449347,0.014209283660344482,-34.04326819087653,5.105275411403006e-254,5.10502466113722e-253
RNPEP,4468.486,-0.40591216254611767,0.01238716018302084,-32.768782880720636,1.6400624469551172e-235,1.431819526481957e-234
RNPS1,6698.431,-0.31497195640267195,0.009290022520242483,-33.90432646598694,5.752099037197818e-252,5.6546105407199604e-251
RNU11,3.4388745,-0.9605836839205734,0.09316167160805383,-10.310932246491925,6.288829303771515e-25,1.0467157929650448e-24
RNU4ATAC,0.32687637,-0.7255926892323654,0.11045417606735884,-6.569173887910526,5.059517245939682e-11,6.945365222175577e-11
RNU5E,0.0,,,,,
RNU6ATAC,0.29645067,-0.6629751387996838,0.11994412434544192,-5.527366533522723,3.2507335276822125e-08,4.249771006876142e-08
RNY4,0.0,,,,,
RNY5,0.0,,,,,
ROBLD3,2278.7231,-0.5904409453369697,0.01607273997762097,-36.735550140117724,1.9778382000923817e-295,2.6266671830189693e-294
ROBO1,2278.4023,0.58978130128576,0.027516376208453715,21.433828961262876,6.463950777452218e-102,2.0770134766122116e-101
ROBO2,363.13727,0.6180582951272211,0.04669328604066365,13.236555991989393,5.3967363436720866e-40,1.0488988565233414e-39
ROBO3,311.90897,0.585956886059151,0.029168129707416238,20.088942689738747,9.220465516947321e-90,2.702943951901087e-89
ROBO4,1249.8942,1.1949834479522432,0.02445886861624409,48.85685706486881,0.0,0.0
ROCK1,2817.8955,0.4503489106293245,0.0152933265896908,29.44741341840589,1.3587182952829648e-190,8.392641314825814e-190
ROCK2,1833.8446,0.5171368197820666,0.02029341208187684,25.482990129782017,3.043288738193714e-143,1.3310057018450232e-142
ROD1,6134.497,-0.4412502306906486,0.018426327508332938,-23.946726795727585,9.99500422227762e-127,3.906475157637744e-126
ROGDI,1524.5471,-0.20293506468331482,0.017893871990957544,-11.341037020152243,8.216497983024286e-30,1.4402038952767236e-29
ROM1,267.5116,1.1594848529155124,0.02741249243352221,42.29768072813403,0.0,0.0
ROMO1,2923.1963,-0.805187454792842,0.01933897469414032,-41.635477967547715,0.0,0.0
ROPN1B,72.5986,-0.2532193334898938,0.06100734198866094,-4.150637041963869,3.315511814121952e-05,4.084256369801466e-05
ROPN1L,74.00534,-1.0941306682481118,0.050949199606013205,-21.474933398541136,2.671026289022781e-102,8.626177699589911e-102
ROPN1,56.477386,-0.3194746300412569,0.0649652591009376,-4.917622656516829,8.760156769693403e-07,1.1171188955476855e-06
ROR1,168.5632,1.2846224141431555,0.03619430538630471,35.49239032030806,6.441094045198772e-276,7.467780960489852e-275
ROR2,782.4142,0.4408761486125644,0.03656786267138693,12.056382747180205,1.794945904710484e-33,3.269216646448447e-33
RORA,1079.6722,0.7752337746314713,0.025081359805555745,30.908761751416286,9.108590394773247e-210,6.543464779364451e-209
RORB,58.67679,1.0212884262337278,0.05224590507719715,19.547721964519507,4.313569172878215e-85,1.2200605000087187e-84
RORC,1585.5686,0.13609309046297674,0.043559435706024954,3.1243079313847244,0.0017822383445670275,0.0020902465843101624
ROS1,254.71388,0.11584674114586849,0.08576892366559948,1.3506843294144395,0.17679657420033845,0.18997210398188052
RP1-177G6.2,7.6910415,1.421225299758358,0.10060288171946821,14.127083394305286,2.5863615007343242e-45,5.2724275351406937e-45
RP1L1,22.962776,-0.567870039190924,0.037116300474329116,-15.299747871792396,7.675338879837628e-53,1.6676864915113582e-52
RP1,42.233845,-0.203436944731626,0.055792799887833464,-3.646293879149606,0.00026604969727850585,0.0003204653761030115
RP2,1020.2947,0.19243854520361503,0.01574791981301402,12.219934282659006,2.4328128848961555e-34,4.477457740336362e-34
RP9P,460.7358,-0.06275335914229942,0.015603873014336805,-4.021652770734661,5.779120717011615e-05,7.077545637490343e-05
RP9,423.6402,-0.2881431508999505,0.01363364421994952,-21.134712498828684,3.815048791004461e-99,1.1991752097585273e-98
RPA1,4471.643,0.0521640255021613,0.01064870104984613,4.898628035286524,9.650814327660082e-07,1.2300045630201052e-06
RPA2,2359.963,0.03774277472207769,0.011771983653420944,3.20615249164992,0.0013452267916094424,0.0015840064922138023
RPA3,877.52124,-0.45774488135037905,0.014766956107953234,-30.99791710654881,5.750419197882928e-211,4.1826646820185256e-210
RPA4,5.251458,-0.889292766088979,0.040227113452929376,-22.106800358160424,2.7187345844695166e-108,9.214369469821023e-108
RPAIN,1334.4651,-0.05965795353674939,0.012230767808252892,-4.877694881632395,1.0733278366640653e-06,1.3662549347657688e-06
RPAP1,1498.5531,-0.0687048493131801,0.010909235078408458,-6.297861290858113,3.017803686869207e-10,4.0935082457838753e-10
RPAP2,503.27634,-0.05518181845832211,0.011662608145956072,-4.7315161212422305,2.2284911569414657e-06,2.8162539704637676e-06
RPAP3,1226.7294,-0.0620482412871094,0.010732144548933434,-5.781532386579324,7.4023226560773855e-09,9.794234545725578e-09
RPE65,54.760586,4.650225674019174,0.07940298709601619,58.56487071948563,0.0,0.0
RPE,1481.8094,0.05084055049757747,0.010487379548270356,4.847783973448583,1.2484824498089365e-06,1.5862365324301135e-06
RPF1,1419.1267,-0.09695619873489995,0.009681011475015322,-10.01508974399253,1.3084310548035294e-23,2.138424006160798e-23
RPF2,917.33594,-0.29770602148769676,0.013877203370377282,-21.45288308761039,4.292080306451149e-102,1.3828527133888105e-101
RPGRIP1L,365.45184,0.40492399312309374,0.017014207305127014,23.79916888640913,3.4066076114757284e-125,1.3165361496210013e-124
RPGRIP1,20.539766,-0.2502357451590994,0.031455797035608815,-7.955155130096552,1.7890719730365794e-15,2.6397823089615684e-15
RPGR,408.28622,0.15893545602502135,0.016303669802545183,9.748446696351134,1.8731226949140305e-22,3.019629815959676e-22
RPH3AL,612.2934,-0.046492728801805945,0.02663881383902527,-1.745300263095616,0.08093261617595526,0.08872951710965392
RPH3A,236.86554,2.2228314804157474,0.06975174323183911,31.86775523340765,7.472245929857327e-223,5.949450719044401e-222
RPIA,1125.7959,-0.5809160160991543,0.01464716905509911,-39.660634346056135,0.0,0.0
RPL10A,24439.535,-0.28694627158696495,0.014161152033079265,-20.262918646497297,2.7327341686206366e-91,8.093647794435196e-91
RPL10L,5.5417733,-1.7960629733978566,0.11400696001649523,-15.753976539134024,6.44950407216744e-56,1.4391215848888307e-55
RPL10,34581.81,-0.3677686658909696,0.014691328589414425,-25.033043380158198,2.6712189255087224e-138,1.129222302832892e-137
RPL11,35349.54,-0.30270993710332367,0.014116559333326282,-21.44360604844326,5.239250277616619e-102,1.6850852512163784e-101
RPL12,23385.38,-0.48413952810725347,0.018322340740014938,-26.423454021347865,7.36819356463509e-154,3.499161483144525e-153
RPL13AP17,6.80796,0.990761863940745,0.13321315006303688,7.437417878579655,1.0267236950691942e-13,1.4736036452529945e-13
RPL13AP20,882.6402,-4.213269172098094,0.04436458198554305,-94.96920704608598,0.0,0.0
RPL13AP3,41.15805,-0.7415055076978196,0.027268480186360813,-27.19276991714071,7.908293156961e-163,4.01008568823335e-162
RPL13AP6,146.34108,-2.5644133324747207,0.04137390962802633,-61.981411849403976,0.0,0.0
RPL13A,38041.402,-0.463740475295642,0.018040422083936254,-25.705633334852553,1.0110978434119722e-145,4.515231628432626e-145
RPL13P5,52.74546,0.024996010169818415,0.02244723955343834,1.1135449465985525,0.26547445580300444,0.28144107715545547
RPL13,51201.71,-0.6686262664141753,0.017934248401056976,-37.282090192013236,3.2018256428531165e-304,4.571246021237489e-303
RPL14,18605.959,-0.4717864546665816,0.016290294879855317,-28.9611979492155,2.0283583738778584e-184,1.2028939159271575e-183
RPL15,41234.375,-0.0945905955826142,0.013026701071005956,-7.261285498686098,3.834286750022878e-13,5.448230314329688e-13
RPL17,11844.975,-0.2541115696466779,0.02032006256379623,-12.505452128844448,6.970211145705177e-36,1.3026117928714126e-35
RPL18A,6781.3154,-1.1359873244727317,0.02352304592105888,-48.292526753763006,0.0,0.0
RPL18,38151.453,-0.710841059296428,0.01638201365787704,-43.39155577218257,0.0,0.0
RPL19P12,242.16998,-0.351335270795276,0.028620064598632453,-12.275837798495528,1.2212108108729811e-34,2.254704896940512e-34
RPL19,50222.883,-0.4439841339782025,0.015155484606830583,-29.295277946974966,1.1912020908420458e-188,7.278416376786679e-188
RPL21P44,10.931257,-0.7167113488693827,0.03974438288847188,-18.03302244950115,1.0726470982321269e-72,2.751420218332855e-72
RPL21,675.8875,-5.886898353369002,0.059331779356487445,-99.21998661119403,0.0,0.0
RPL22L1,1737.9135,-0.759452397777227,0.022312075599300825,-34.03772967679552,6.165508446099518e-254,6.16217901100344e-253
RPL22,15416.223,-0.12190356271042965,0.012207428950633105,-9.986014516521717,1.7549651736833585e-23,2.862239523433429e-23
RPL23AP32,3.21297,0.34948203628627345,0.041393279516933466,8.442965630285583,3.0938609397558286e-17,4.674427819850755e-17
RPL23AP53,341.75302,0.3780788214265782,0.015359921835612075,24.614631862904414,8.807251727152844e-134,3.620166321685943e-133
RPL23AP64,11.526707,-0.16506294190163073,0.030177126488688463,-5.4698031624549355,4.505356606403457e-08,5.8775185921932575e-08
RPL23AP7,225.14336,0.016813038141684764,0.014855422202617865,1.1317778729117454,0.25772783261382737,0.2735989646566332
RPL23AP82,287.7867,0.11059880142344633,0.0151204747863059,7.314505859539008,2.583302361707501e-13,3.6806951348591936e-13
RPL23A,10934.697,-0.5627728713855615,0.016245386750315942,-34.64201130050761,5.892709630109892e-263,6.238672665595804e-262
RPL23P8,383.8936,-0.9234535323457066,0.029271777840492518,-31.547572456233457,1.9359459581454958e-218,1.4918214898517848e-217
RPL23,27586.564,-0.33578319714517757,0.015285129054876558,-21.96796611527788,5.832228362420246e-107,1.9590552257138063e-106
RPL24,21113.436,-0.3740048090110297,0.016428936122440358,-22.765004758900663,1.0192260529674588e-114,3.62516128797423e-114
RPL26L1,622.6111,-0.2852515050198102,0.013209065079409782,-21.59513207823154,1.995725467382284e-103,6.504077923873207e-103
RPL26,22920.08,-0.1974967833730145,0.01569831173438027,-12.580765799196378,2.6940551570025902e-36,5.0528115100336927e-36
RPL27A,30011.35,-0.5542743913205337,0.01663779114830032,-33.31418133453113,2.4064799142301605e-243,2.2219285521003103e-242
RPL27,23670.668,-0.4336422112004829,0.01593122528857887,-27.219639628808835,3.803433139710466e-163,1.933918463820314e-162
RPL28,43243.57,-0.8192774843172911,0.01879148654858117,-43.59833279816544,0.0,0.0
RPL29P2,1.4408872,-1.0933616351748834,0.05107051001449867,-21.408864623918642,1.1047131533844215e-101,3.541866943268258e-101
RPL29,26060.012,-0.6331641715589169,0.016710024808014947,-37.891276574001274,0.0,0.0
RPL30,35664.395,-0.4485022380702655,0.014774684292758888,-30.35613006567441,2.085482845107867e-202,1.4209620228765417e-201
RPL31P11,10.1800585,-0.43117706128746325,0.026110845029052546,-16.513332326384262,2.9418094356499137e-61,6.870746621589606e-61
RPL31,29514.436,-0.34087735152865273,0.015155876965233609,-22.491430374540425,5.035019571347667e-112,1.758585751467956e-111
RPL32P3,331.0348,-0.14947305159877491,0.01816947027261988,-8.226604813241051,1.9259455809812423e-16,2.88162902059213e-16
RPL32,36708.688,-0.45877608908249096,0.015912672158436676,-28.8308641386327,8.804572903095673e-183,5.15685557347885e-182
RPL34,17553.348,-0.36344798719241983,0.016655011219252277,-21.82214003988745,1.4300814178928282e-105,4.747273371413679e-105
RPL35A,23165.246,-0.45043792005963684,0.015285360895321839,-29.468582596404094,7.277652413072369e-191,4.510372160661806e-190
RPL35,21927.697,-0.710308917830738,0.01718976606791635,-41.32161630497616,0.0,0.0
RPL36AL,7169.039,-0.22937444276809746,0.013328649178805402,-17.20912897406273,2.268176454485453e-66,5.523000171853766e-66
RPL36A,545.572,-2.2315761505400964,0.03304902066756052,-67.52321567974674,0.0,0.0
RPL36,21907.979,-0.7279423867165747,0.018176511717126826,-40.04851965246284,0.0,0.0
RPL37A,37132.043,-0.4560431347423908,0.016381982763516986,-27.8380914768149,1.5012744594006933e-170,8.060244387905779e-170
RPL37,32825.055,-0.6204894439170232,0.016243656717254445,-38.19887693501445,0.0,0.0
RPL38,15777.018,-0.5435464957069802,0.015547669726271082,-34.95999756082696,9.127372205289847e-268,1.0022878680015966e-266
RPL39L,549.0614,-0.719918097977462,0.033138553392756065,-21.724487772445517,1.2042127006584642e-104,3.9657985073933473e-104
RPL39,2707.8608,-1.7209001326634803,0.02925204715967807,-58.830075148915476,0.0,0.0
RPL3L,10.754006,-0.9121872553720788,0.11261237362316519,-8.100240018246406,5.485086208938487e-16,8.153538998815614e-16
RPL3,83956.445,-0.22102879494331126,0.014566632502957626,-15.173637070780313,5.286444268952467e-52,1.1392687506256302e-51
RPL41,40453.902,-0.3649639430498717,0.01490050708808341,-24.493390788139646,1.7372119019652053e-132,7.076409986416489e-132
RPL4,60361.008,-0.2607234210789963,0.013591214329990203,-19.18323225200616,5.110262018932117e-82,1.4133925342132723e-81
RPL5,40689.92,-0.13962557396236014,0.013985229021484894,-9.983788878098421,1.7947943218687785e-23,2.926260719061941e-23
RPL6,20746.227,-0.3724324830585444,0.013364982950261546,-27.8662894254763,6.838134926563816e-171,3.683004999204041e-170
RPL7A,34515.55,-0.42243256736922735,0.015723563726872454,-26.86621014848347,5.454083102545552e-159,2.6834141586448744e-158
RPL7L1,2080.587,0.006272031008766956,0.011463619832727683,0.5471248262142145,0.5842929772859684,0.6003947269250003
RPL7,4601.378,-1.0329356020168379,0.026693027217628,-38.69683245723026,0.0,0.0
RPL8,82000.82,-0.7172709389127057,0.017140259972932784,-41.847144678399935,0.0,0.0
RPL9,3751.812,-0.7194263949659764,0.0338030555317745,-21.28288060497145,1.6357736298283851e-100,5.196242054872225e-100
RPLP0P2,189.31323,-0.500938303137918,0.03422346022771697,-14.637278048588936,1.6244235457950563e-48,3.402431992679172e-48
RPLP0,62130.223,-0.6140173845762175,0.01537105485165507,-39.94634008544335,0.0,0.0
RPLP1,59773.336,-0.6654453793090733,0.016094011884604454,-41.34738958069486,0.0,0.0
RPLP2,30530.227,-0.6965855272873572,0.01716565368070849,-40.5801922981943,0.0,0.0
RPN1,17068.953,-0.26931200991315446,0.01058317758431689,-25.44717857822261,7.5858519730325765e-143,3.3077824013486876e-142
RPN2,19165.41,-0.2313279136065021,0.011967692572143704,-19.329366309504525,3.0413031294870538e-83,8.492372845045526e-83
RPP14,1058.6002,0.09281138336502953,0.009555259545305615,9.713120080618497,2.650955273202164e-22,4.266129033841029e-22
RPP21,1009.8432,-0.6675098658216573,0.015401539196831371,-43.34046469582645,0.0,0.0
RPP25,1028.8961,-0.8166223234937396,0.02495585804371953,-32.72267064763391,7.434404483901944e-235,6.459967600843349e-234
RPP30,984.57056,-0.15934362097335147,0.010370128655830398,-15.365635881842577,2.7829470703554027e-53,6.068768145390492e-53
RPP38,713.9497,-0.32364812332103127,0.010727377401223882,-30.170293373299835,5.812279014931828e-200,3.872126585896502e-199
RPP40,308.56293,-0.4881417824546867,0.016905369764589093,-28.87495448204718,2.463571425887162e-183,1.4491722236242917e-182
RPPH1,267.87973,-0.723566844766142,0.04346196301272409,-16.64827804842381,3.114350599330808e-62,7.343648813038675e-62
RPRD1A,2731.5205,0.34371826292334606,0.013372852847483201,25.702687888922263,1.0907452469661809e-145,4.866640912334972e-145
RPRD1B,2050.8079,0.007468393757852832,0.01146629959140462,0.651334259873281,0.5148307373712766,0.5318637530898574
RPRD2,3549.4033,0.16488649850798315,0.012707388807785585,12.975639685075206,1.681863065385137e-38,3.22329381042794e-38
RPRML,12.376694,0.30673077904438495,0.06846580008504916,4.480058345383531,7.462263791146485e-06,9.328517040645418e-06
RPRM,177.29794,1.1485875815021884,0.05749835411727892,19.976007994236216,8.906771039612073e-89,2.592693045402662e-88
RPS10P7,203.75853,-1.2586505479052805,0.02578466689512386,-48.813915379426675,0.0,0.0
RPS10,14939.537,-0.5030120376378977,0.016710770020844475,-30.101068772441767,4.691771452409557e-199,3.098273597132863e-198
RPS11,53395.727,-0.4188075076748665,0.014663203139225192,-28.561802199583823,2.0044616475259062e-179,1.1424645767631557e-178
RPS12,29140.92,-0.31219686384602885,0.017384996211192376,-17.957833297946767,4.167612366155411e-72,1.0641969166255864e-71
RPS13,16696.914,-0.2798572394648662,0.013533436488351525,-20.678948743413724,5.359607192657543e-95,1.632499144753365e-94
RPS14,34976.062,-0.4093614564355575,0.015328228542317569,-26.70637740723976,3.968830858020467e-157,1.9275149675200067e-156
RPS15AP10,13.000408,-0.7779468597754483,0.03627462511884201,-21.446034444925576,4.972830191970821e-102,1.6004086291232052e-101
RPS15A,22506.777,-0.35071349393783996,0.014858991969509513,-23.602778348457296,3.6090721504048455e-123,1.3721213802071383e-122
RPS15,13948.869,-0.7657149239884413,0.017435413909946528,-43.91722088981309,0.0,0.0
RPS16,34878.723,-0.5462414552722643,0.016060793461219445,-34.010863572290155,1.53921735942138e-253,1.5338681458864354e-252
RPS17,29691.533,-0.4883175167602536,0.016015547631753436,-30.49021663124928,3.512871694421725e-204,2.4218948468246498e-203
RPS18,53271.977,-0.43878925117751516,0.019796631014585345,-22.164844657367873,7.502840928406355e-109,2.5539264079823605e-108
RPS19BP1,2823.9697,-0.40261288722440663,0.015337701241916208,-26.249884573583362,7.169350720875558e-152,3.356192488533122e-151
RPS19,41279.105,-0.7816581033467268,0.01812215058812714,-43.13274517533453,0.0,0.0
RPS20,40682.08,-0.4521459596367821,0.016060659305757216,-28.1523909466595,2.240203592654496e-174,1.232656890347375e-173
RPS21,19040.139,-0.7396872548101675,0.018036926372410618,-41.00960660024633,0.0,0.0
RPS23,28580.36,-0.1920955236043253,0.01396204322866242,-13.75841060354089,4.533849629307168e-43,9.043268796224615e-43
RPS24,39607.355,-0.4042715803898282,0.015590559398435653,-25.930537196144005,3.0147584687899644e-148,1.3737123470477815e-147
RPS25,17661.547,-0.13816795174117116,0.014901381825134787,-9.272156996079213,1.8241889961836588e-20,2.871176171109633e-20
RPS26P11,350.5538,-7.604344532024296,0.06844737284023406,-111.09768302976246,0.0,0.0
RPS26,2358.9187,-0.893858136074862,0.023341986752649098,-38.29400408572408,0.0,0.0
RPS27A,18542.611,-0.2631789140506157,0.015763587265141533,-16.69536950086169,1.4163959931126313e-62,3.3519012000209303e-62
RPS27L,2743.9634,0.05095309010913677,0.016860275187125358,3.022079387413852,0.0025104469970097716,0.0029297902213884747
RPS27,1856.8494,-0.5908164394257475,0.032540675179925115,-18.15624402871124,1.1460215660008938e-73,2.9684291427750885e-73
RPS28,1600.7758,-1.234320379969419,0.042456904377582476,-29.072312220227438,8.039775053948017e-186,4.811339809621625e-185
RPS29,13243.801,-0.39057307679697795,0.015934927205184947,-24.51050273200447,1.1414614917265837e-132,4.657117136284873e-132
RPS2P32,51.841812,-0.13621379215700605,0.030682997025841756,-4.439390064871577,9.021418200918608e-06,1.1257557655685072e-05
RPS2,34667.125,-0.861105301576544,0.01798535716627941,-47.878131838884066,0.0,0.0
RPS3A,13609.803,-0.46697877520408704,0.0187395539019878,-24.91941791392122,4.583305833331893e-137,1.9243457096474328e-136
RPS3,55750.566,-0.5603122479035504,0.016521052494403096,-33.91504555132729,3.9978969505623356e-252,3.9358406197533165e-251
RPS4X,67486.445,-0.3114072942971108,0.01515532021182076,-20.547721192602783,8.066176737264056e-94,2.4332388827079406e-93
RPS4Y1,4302.704,-0.14385138175984305,0.08300600011036519,-1.7330238966891256,0.08309142149346715,0.09102767166301645
RPS4Y2,2.5572715,-0.053417607025435986,0.1432322467207448,-0.3729440000308208,0.7091901233070095,0.7222089696082136
RPS5,30599.43,-0.47592701171430585,0.016243686193792874,-29.299200072959405,1.0617536541143509e-188,6.491364157391612e-188
RPS6KA1,3242.4827,-0.5925216114744011,0.0178409194617214,-33.21138312101494,7.374436469533522e-242,6.732562873687577e-241
RPS6KA2,2789.2986,0.8570451381630143,0.024027630494449337,35.66914924719696,1.1896865807399598e-278,1.4024799708908418e-277
RPS6KA3,3613.331,0.06221421286799142,0.0185794502440202,3.3485497176115353,0.0008123570404866902,0.0009635174475542397
RPS6KA4,2395.32,-0.584609285791782,0.015801950143411812,-36.996021407871524,1.3268553999740775e-299,1.8289403580279108e-298
RPS6KA5,373.56754,0.30023961288755757,0.023246661064568564,12.915386517385425,3.685885277677581e-38,7.038167170159246e-38
RPS6KA6,92.02295,0.8157182016996041,0.04762015724586989,17.1296830770199,8.913895579431164e-66,2.1594240849790464e-65
RPS6KB1,1625.5596,0.08565667960855097,0.012054606116617708,7.1057219771345475,1.1969515372257997e-12,1.6902778904335198e-12
RPS6KB2,2161.0898,-0.6471562416172512,0.013819753827998727,-46.82834800617917,0.0,0.0
RPS6KC1,1227.1969,0.25082982795657843,0.015052923591026727,16.66319678298918,2.426982612144651e-62,5.72747641134264e-62
RPS6KL1,269.099,0.27334046403434675,0.02945203617960526,9.280868133104756,1.681032406862428e-20,2.6472879618898647e-20
RPS6,67862.11,-0.4329166681012281,0.01638164390747446,-26.42693679257067,6.719462975064637e-154,3.1933134152507224e-153
RPS7,13851.829,-0.5470884555815199,0.01763372247826508,-31.025125650913946,2.470989918553976e-211,1.80311411296919e-210
RPS8,46040.504,-0.40979687388920927,0.015241536634683918,-26.886847678905816,3.1296888328615556e-159,1.54241914665283e-158
RPS9,36674.19,-0.5274013622363906,0.01606074925686087,-32.837905243498774,1.6951504301799088e-236,1.4914247021621766e-235
RPSAP52,18.117315,-0.15302754274819366,0.054113449504041816,-2.827902197156435,0.00468541184697682,0.0054135650365102275
RPSAP58,22627.662,-0.6233839444024003,0.016900363407581238,-36.88583075809838,7.797084421076364e-298,1.0575672333690452e-296
RPSAP9,885.11725,-4.457364774934034,0.046042469272326234,-96.80985501820442,0.0,0.0
RPSA,16289.018,-0.7450736288105755,0.018952644193248092,-39.31238413033729,0.0,0.0
RPTN,76.572876,-4.045892185233887,0.12016469592017055,-33.66955788679987,1.6132863072839093e-248,1.552216253780393e-247
RPTOR,2273.6414,-0.00485536395132682,0.01218565541666822,-0.3984491424798851,0.690299139726873,0.7038866165330766
RPUSD1,1334.9147,-0.623864105854827,0.013790478575817874,-45.238756757056734,0.0,0.0
RPUSD2,505.36575,-0.37515513749217966,0.011690522430649261,-32.09053656221799,5.975342086730499e-226,4.858306291683156e-225
RPUSD3,1227.1047,-0.42072782757773547,0.013389166641155305,-31.423003302125778,9.816406773228868e-217,7.479499457191861e-216
RPUSD4,1051.1731,-0.09703724572353692,0.010528519033493385,-9.216609232014633,3.0664363932374173e-20,4.813383078636899e-20
RQCD1,505.1337,-0.09716523800826994,0.014378828755069111,-6.757521051498392,1.4037265223276545e-11,1.9453044903729303e-11
RRAD,1002.8399,-0.10067335771146442,0.04543456078637249,-2.2157880690168374,0.026706019952942972,0.029971217695935505
RRAGA,3902.6155,0.3467140431777067,0.010974961451347945,31.591367743266495,4.851086330375716e-219,3.7552572851756347e-218
RRAGB,674.70734,0.5385993594644576,0.015452404290957695,34.85537585756998,3.529659781979425e-266,3.826429366417418e-265
RRAGC,726.64496,0.3884421938718322,0.01661028996287416,23.385635936521496,5.983936285530089e-121,2.2324896250157063e-120
RRAGD,1715.5465,0.727349313219313,0.02802435033924609,25.954189996001887,1.630686559719346e-148,7.447094587107708e-148
RRAS2,1052.4733,0.05560994889584776,0.019619228950465126,2.8344614885861446,0.004590299026339229,0.005305057781405561
RRAS,2321.0212,0.1285810410670109,0.02102131970055,6.116696900986987,9.553482585263233e-10,1.2853512553091075e-09
RRBP1,16700.756,-0.16443177336582648,0.018088018849968624,-9.090645842958732,9.84524748184478e-20,1.5358163625996313e-19
RREB1,2706.4214,-0.3041537437331978,0.019393266025268873,-15.683471950361229,1.9622860345671023e-55,4.3566173803436895e-55
RRH,5.3173394,0.31589225878412286,0.029760814881902235,10.614368592985645,2.5551606320912685e-26,4.315622640513202e-26
RRM1,3376.2212,-0.2603351318035354,0.014834631199649338,-17.549147552093455,6.037944795264868e-69,1.506637064429433e-68
RRM2B,2330.4194,0.4751867562820127,0.016624916868599685,28.582804957029396,1.0991587053560432e-179,6.27179710828018e-179
RRM2,2576.5195,-0.9573209643277636,0.03160205772303584,-30.29299461186475,1.4177169673630092e-201,9.582768837497843e-201
RRN3P1,149.44174,-0.05635826458470432,0.027095524263809012,-2.079984282126661,0.03752697457061823,0.041859066145256224
RRN3P2,67.26393,-1.1861895566358167,0.03330297722466095,-35.618123527930116,7.343836473231064e-278,8.612509605905026e-277
RRN3P3,135.36855,-0.25483027260548435,0.01766347734436106,-14.426959518638448,3.5018127346808303e-47,7.251160035126833e-47
RRN3,2568.011,0.14158091654373564,0.010476065244908418,13.514703587069281,1.280704920355912e-41,2.5211633604260305e-41
RRP12,2277.3755,-0.5280029878662008,0.013722992608643469,-38.4757904433787,0.0,0.0
RRP15,1147.5339,0.014298815454809786,0.011133686613571938,1.2842839888612962,0.19904260697365306,0.21306632501060008
RRP1B,2334.8948,-0.16276277386782534,0.012151285726806791,-13.394695633628015,6.494171925329768e-41,1.2715411254836387e-40
RRP1,1780.5254,-0.6379758064210996,0.015002068669405498,-42.52585563230736,0.0,0.0
RRP7A,2225.514,-0.589401064654057,0.01593740021420211,-36.98225913463796,2.2083330557944384e-299,3.033701260655801e-298
RRP7B,329.59805,-0.5570967513019716,0.0200115795420969,-27.838719583831335,1.4752188982551535e-170,7.922443036026555e-170
RRP8,695.10406,-0.1334868645620646,0.010387054991247873,-12.851271575488967,8.460793672233417e-38,1.6102953947181465e-37
RRP9,1187.071,-0.5598869276962248,0.015196859806141192,-36.84227760461206,3.887982204065538e-297,5.249033799242061e-296
RRS1,1439.1482,-0.5533877424663074,0.01559488338160838,-35.485211971443015,8.311593561420532e-276,9.619996209036988e-275
RS1,10.268595,1.1172218795963043,0.0401619753032238,27.817901663482793,2.6349918868599336e-170,1.4124749822164662e-169
RSAD1,1749.3796,0.05060892764270568,0.013229288878688506,3.8255213947465654,0.00013049560003795701,0.00015836670965502903
RSAD2,1032.7023,-0.06030166415083333,0.032608095987345216,-1.8492850417956213,0.0644166645073621,0.07102788522017899
RSBN1L,897.33307,0.14664054537565732,0.01273391995964673,11.515742665287295,1.0990852069897787e-30,1.947456547354648e-30
RSBN1,1144.9352,0.3055704947975322,0.012233777318691772,24.977608046752362,1.0707274489498143e-137,4.510436609387392e-137
RSC1A1,433.56293,0.019676896508317013,0.019097350706459296,1.03034692145344,0.30284718019258305,0.31941489620995694
RSF1,1616.6857,0.40124190822607664,0.0163395746625961,24.556447552125306,3.690794968703592e-133,1.510673397021239e-132
RSL1D1,7988.206,-0.12343749272646762,0.010412014482535988,-11.85529399075545,2.020139609539114e-32,3.6393259278476966e-32
RSL24D1,4048.4922,0.0530912379642124,0.011756390463233958,4.515947146383569,6.303438612478128e-06,7.891022979243818e-06
RSPH10B2,36.525654,-1.2533655791072986,0.045908256185378186,-27.301528815344035,4.067978653016626e-164,2.0882495561463813e-163
RSPH1,320.86856,-0.4972383214515311,0.040547215413542885,-12.263192832853623,1.4276186496996857e-34,2.633166161373066e-34
RSPH3,326.19235,0.11301431926809304,0.015475480066928568,7.302798929618155,2.818422172080093e-13,4.0131666667630864e-13
RSPH4A,89.64709,-0.3379159331857772,0.04256368142289389,-7.939067343080456,2.0370715778992775e-15,3.0030948772231275e-15
RSPH6A,11.012605,0.8356274249994743,0.08209138490342767,10.179234105777443,2.454858547067715e-24,4.053732270236971e-24
RSPH9,43.1132,-0.136695137793972,0.04232129527209324,-3.2299374798225773,0.0012381729059619193,0.0014600615228774233
RSPO1,123.4467,0.8098875501009425,0.06346289686302647,12.761591262512686,2.6865626376334477e-37,5.09129002509349e-37
RSPO2,66.77872,1.980902674146945,0.06583485757127064,30.088964223891356,6.756453590722271e-199,4.4559325770493916e-198
RSPO3,276.9569,1.3948773614550782,0.04370201115500033,31.917921500403953,1.5063373122267553e-223,1.203591889310224e-222
RSPO4,144.82507,0.36369083212298786,0.053203391699644546,6.835858025296115,8.151564371784498e-12,1.135996297112469e-11
RSPRY1,873.69214,0.4232038679667339,0.015184889676298984,27.870065373427295,6.1543003974112435e-171,3.3155703040723865e-170
RSRC1,525.25446,-0.027062139125237902,0.015928824414209702,-1.6989413921278742,0.08933022694819781,0.09777817690528813
RSRC2,2878.202,0.10569829292947065,0.008501346393092246,12.433123889100157,1.7274913721974975e-35,3.216866079444695e-35
RSU1,2997.096,0.3611016751034028,0.012014399311711249,30.05574109322407,1.836961940992662e-198,1.2064099405377293e-197
RTBDN,64.12567,-1.2850928154773018,0.06512515045118049,-19.732665591930434,1.1304927899841903e-86,3.2375443397507564e-86
RTCD1,1411.5094,-0.10017493650904057,0.009100716107880066,-11.007368576446613,3.521387841435517e-28,6.055573533557369e-28
RTDR1,43.202755,0.012669939556770522,0.045512885438197606,0.27838137342390995,0.7807196164753725,0.7915672645329735
RTEL1,1319.306,-0.5134960587543569,0.01591854622246031,-32.2577232605474,2.7415916753256795e-228,2.269868439119785e-227
RTF1,3347.29,0.1373540631311821,0.00934912672287736,14.691646311208512,7.292037438850665e-49,1.5328713496908693e-48
RTKN2,494.56265,0.43085697025471886,0.03383435047380852,12.734305941183921,3.8122105778725666e-37,7.213085051571337e-37
RTKN,2584.9922,-0.02822922707855149,0.018906027275750692,-1.4931337327942475,0.13540218410145194,0.14663048224050318
RTL1,57.03098,-1.9896424575350298,0.10366855319990555,-19.192343252812393,4.2885918574069096e-82,1.1869418382945523e-81
RTN1,1497.4125,2.159531449875204,0.043728016630517515,49.385533950059845,0.0,0.0
RTN2,569.0169,0.044030142072279066,0.022713081832165527,1.9385366722857051,0.05255778119715723,0.058241325914665784
RTN3,10226.568,0.5751615015592241,0.01568012739989205,36.68092017946128,1.471488980507674e-294,1.946591562973082e-293
RTN4IP1,391.62372,-0.29483269439751864,0.01439963515963335,-20.475011424180124,3.5966376048307807e-93,1.0799991887426233e-92
RTN4RL1,381.44296,-0.059208288866867104,0.040310675849245685,-1.468799210618421,0.14188725824510412,0.1534003871601123
RTN4RL2,204.05544,0.4797491605188503,0.03590785089656719,13.360564571262453,1.0278162328710717e-40,2.0095371828504896e-40
RTN4R,454.16907,-0.3287309230106993,0.026378067559251348,-12.462282245365104,1.198897705668967e-35,2.235607106586783e-35
RTN4,13319.426,0.41503060037174605,0.01389297590498128,29.873412522290366,4.359741268076924e-196,2.811529061665445e-195
RTP1,5.396322,0.9398474479506923,0.0749190178654816,12.544844750076741,4.242449774387873e-36,7.94225608797818e-36
RTP2,1.2264632,-0.08677264657853023,0.09922412466927008,-0.8745115854411151,0.3818397137326832,0.39945916098266776
RTP3,64.129005,-0.3595809438037796,0.13319666723169352,-2.6996241818745674,0.006941784333597642,0.007971110391862064
RTP4,469.65222,-0.4215633961949371,0.02622309707190159,-16.07603385058007,3.7567327274854294e-58,8.549443505351649e-58
RTTN,587.61206,-0.08577683405009277,0.020789801329058125,-4.12590927120605,3.6927283826477993e-05,4.5442611909046514e-05
RUFY1,2465.2073,0.013913453206102528,0.010142549958850148,1.3717904533427494,0.17012868003373527,0.18304882130889
RUFY2,657.3028,0.5335286888339571,0.013886371875400223,38.42102844581786,0.0,0.0
RUFY3,2226.142,0.8139451225707449,0.021746960792107445,37.4279942080986,1.3699035963594624e-306,1.9907114431322126e-305
RUFY4,45.807205,-0.863577638811936,0.04101161302853926,-21.056904984717075,1.9767472716257867e-98,6.189572085978067e-98
RUNDC1,1448.7053,-0.008704059591971158,0.012455458208246267,-0.6988148847232728,0.4846677251630668,0.5018487547856209
RUNDC2A,123.22391,0.7913482529148997,0.026101609002281343,30.31798740245224,6.641854402157058e-202,4.504380871869272e-201
RUNDC2C,98.20636,-1.0681535207704562,0.033317784435960694,-32.05956034752335,1.6154017978953693e-225,1.3092342835729227e-224
RUNDC3A,717.39417,0.8655568417271513,0.05500257886859488,15.736659253651158,8.480424802672628e-56,1.8902229971273488e-55
RUNDC3B,143.47292,0.7843846674044604,0.035097648725040176,22.348638609652692,1.244815574025754e-110,4.29691425425404e-110
RUNX1T1,98.71714,1.5571175779672566,0.03645301812273291,42.71573817906187,0.0,0.0
RUNX1,4377.1855,-0.1473952773396903,0.027257747202960002,-5.40746365582568,6.392350882907069e-08,8.315774544735145e-08
RUNX2,702.02136,-0.020336514355739924,0.03071335701493819,-0.6621390929636498,0.5078820839231548,0.5249249338304147
RUNX3,1181.6132,-0.6214091329360267,0.032160022711226706,-19.3224096424254,3.4801935748714535e-83,9.71257861423001e-83
RUSC1,2446.9224,-0.36200686098711976,0.014991203173469652,-24.147952422376168,7.845776368217521e-129,3.1185505872811504e-128
RUSC2,1825.0945,0.8359512352164099,0.01945113643248165,42.976986877766514,0.0,0.0
RUVBL1,2713.0928,-0.46331884208357144,0.013374375421389086,-34.64227879700496,5.83831115711733e-263,6.184296402068248e-262
RUVBL2,4659.0376,-0.576301998335772,0.013294020044448563,-43.35046858729759,0.0,0.0
RWDD1,1863.7056,0.08912989275001099,0.011838380217736486,7.5288925605274,5.1172466405228774e-14,7.384082809157648e-14
RWDD2A,300.5714,0.3420639622893118,0.018601040046647838,18.38950733031492,1.5942205577068357e-75,4.19717267998881e-75
RWDD2B,823.37036,0.03752275844087092,0.012245986645433277,3.0640861800109636,0.0021833600437831478,0.002553629409512329
RWDD3,488.25482,0.054396680967588096,0.011302046433347588,4.812993937724973,1.486858013257725e-06,1.8854526497610727e-06
RWDD4A,1020.7386,0.06964720009699502,0.011186410288953933,6.226054498087598,4.783277403195923e-10,6.469754494530016e-10
RXFP1,46.291523,0.3855194465998675,0.05442135021598177,7.083974305485957,1.4007789145192705e-12,1.975920315990981e-12
RXFP2,2.56608,-2.190129536721343,0.14572065037088638,-15.029644262134795,4.695203986565861e-51,1.0043040340669718e-50
RXFP3,1.854325,-0.2607317569665785,0.06911080771242327,-3.772662563162457,0.0001615146630662908,0.00019562597568960764
RXFP4,13.654717,-2.1998806978569556,0.06087066855604831,-36.140242091005724,5.295327846533331e-286,6.581659317922594e-285
RXRA,5028.372,-0.046623168144029344,0.017438150560302516,-2.673630324661019,0.007503511476158669,0.008603998318395626
RXRB,2423.1172,0.12256778124358118,0.009425648658575904,13.003644171699863,1.1664941664906849e-38,2.2395939961885943e-38
RXRG,359.13452,0.794649556212667,0.0676263370913742,11.750592896063052,7.012508807677343e-32,1.257421761630289e-31
RYBP,2531.7822,0.26437824309142416,0.011887602475198248,22.239828732750013,1.4149529898570466e-109,4.839890443632327e-109
RYK,2594.2468,0.07491636328696129,0.012497267126870666,5.994619665757313,2.039622283878289e-09,2.726683963325109e-09
RYR1,878.65906,0.17565633667837305,0.0431641986580539,4.069491433628127,4.7115871901832165e-05,5.783383793858682e-05
RYR2,262.72742,1.1615894516358038,0.04499319904493526,25.81700070883402,5.714041410897544e-147,2.57942725242712e-146
RYR3,135.91663,1.282393994657723,0.04163107756448426,30.80376655327657,2.3331119142665657e-208,1.662577020040357e-207
S100A10,14201.458,-0.442974148583592,0.02587198422725476,-17.121769427987758,1.0212345584680924e-65,2.4722133621702604e-65
S100A11,24566.012,-1.0531256604607104,0.02556818279005796,-41.18891315460293,0.0,0.0
S100A12,130.34566,-2.932898346420733,0.061696800884018486,-47.53728401467978,0.0,0.0
S100A13,4133.772,-0.09663493816805532,0.025916069368303783,-3.7287652226399373,0.0001924203191858718,0.0002324917079112857
S100A14,7107.442,-1.6777973352744167,0.052267754809300716,-32.10004603021255,4.402341188638886e-226,3.5822247905475253e-225
S100A16,9724.805,-0.842097166789912,0.029077049136063304,-28.960888116582872,2.0466627343809634e-184,1.2133956496581838e-183
S100A1,3861.0562,-0.051124248955413655,0.05437549355408943,-0.9402075386140333,0.3471111156673634,0.3644765178127728
S100A2,10670.448,-2.906293050351308,0.06132373623356105,-47.39262851308074,0.0,0.0
S100A3,112.96505,-0.43644584008796145,0.03801133563135738,-11.481991696390596,1.6249360557200423e-30,2.873953015237976e-30
S100A4,4921.8813,-0.19778833632726875,0.03437415821810734,-5.7539834160383725,8.716471111882719e-09,1.1515062965856874e-08
S100A5,28.813772,0.38261261018056814,0.059285421506897876,6.453738549131359,1.0912401018373519e-10,1.490343948031572e-10
S100A6,41359.37,-0.6506886061371163,0.030971066507972857,-21.009564070698374,5.362476784131263e-98,1.6731749402012015e-97
S100A7A,363.66525,-3.9387626661729374,0.13132647876005782,-29.99214403189259,1.2424385861252899e-197,8.094338295975928e-197
S100A7L2,0.012680881,-0.42883756275601886,1.0318134522654623,-0.4156154020035869,0.6776914544630402,0.6915503143407867
S100A7,2902.439,-4.130966172400899,0.10790473842936521,-38.28345476324974,0.0,0.0
S100A8,15035.557,-4.132425950295041,0.06114695546679195,-67.58187580638098,0.0,0.0
S100A9,26481.459,-3.286371741086519,0.057744438701349696,-56.91235060892028,0.0,0.0
S100B,2978.418,1.073326169146491,0.057973288948618265,18.514150026881865,1.587830154290801e-76,4.2146850210177855e-76
S100G,3.0072963,-0.9754323893431436,0.1682440198360112,-5.797723986230865,6.72209672884945e-09,8.902886241389926e-09
S100PBP,1095.3153,0.159841132513535,0.01259912353902585,12.68668665867322,7.008862295908895e-37,1.322950375323653e-36
S100P,4188.43,-2.036299343778373,0.06280522302064531,-32.422452239505645,1.3248182010712977e-230,1.1150051159822467e-229
S100Z,18.8045,-2.1527740250684295,0.053583914550020526,-40.175751307956745,0.0,0.0
S1PR1,1521.3256,1.711437499247162,0.025392095904282094,67.40040308994529,0.0,0.0
S1PR2,721.4689,0.08083495896422879,0.022258939659712856,3.631572761326744,0.0002816992080656757,0.0003391150766916445
S1PR3,1457.7302,1.179379805269227,0.027428035080370266,42.9990628863271,0.0,0.0
S1PR4,194.07513,-0.8555851742312182,0.03297973453782179,-25.94275503491445,2.1949522276274362e-148,1.000829393107883e-147
S1PR5,253.84367,-0.9198411373285011,0.039902462952948685,-23.052239617718318,1.3967566546549705e-117,5.083405207744109e-117
SAA1,2627.3892,-0.338209433725735,0.06547098160734104,-5.165791399831597,2.3942369652676277e-07,3.086447817126805e-07
SAA2,1286.8904,-0.525698414111356,0.06644435470673604,-7.911859727310459,2.5357201591311723e-15,3.731728113325975e-15
SAA3P,0.07890003,-0.4064110339947752,0.23203283241664402,-1.7515238242879922,0.07985572116388967,0.08759604672282488
SAA4,476.9183,-0.42694657886832804,0.08576120690221914,-4.978318219741383,6.413914242278674e-07,8.196653070023948e-07
SAAL1,496.08917,-0.3187638214696322,0.012590017354531387,-25.318775383173165,1.9845916012260305e-141,8.563861892615674e-141
SAC3D1,637.2825,-0.8142246764740139,0.018885605904175026,-43.113505629915416,0.0,0.0
SACM1L,2136.0525,0.2384698450489888,0.012359377908899705,19.29464790272916,5.9569371752711174e-83,1.6592869606149226e-82
SACS,1275.441,0.8900615540357149,0.02463808544857086,36.12543498534473,9.045404353083623e-286,1.1201665889563837e-284
SAE1,4789.9517,-0.1539044364603598,0.012143606777529405,-12.673700596526677,8.271806579755941e-37,1.559745393695019e-36
SAFB2,3437.89,0.098564119610235,0.010109178251974705,9.74996356315922,1.8453449189438054e-22,2.975085302880657e-22
SAFB,4386.312,-0.2055540169730337,0.009825643120709637,-20.92015906213658,3.509416643034448e-97,1.0878229816616675e-96
SAGE1,22.83989,-1.3765223241251547,0.10854390692026605,-12.681709763186594,7.468475957750352e-37,1.4090510798242927e-36
SAG,1.4199644,-0.7564160932391398,0.09844116897745678,-7.683940581936412,1.5426823708489646e-14,2.2419494887653702e-14
SALL1,1213.1648,1.5881997365519471,0.05427718531155231,29.26090819624569,3.2622426950615925e-188,1.9867184872497447e-187
SALL2,1142.6239,1.5393144274016668,0.03266986102338632,47.11726279765216,0.0,0.0
SALL3,85.704216,2.6373493249202014,0.09961184191304744,26.476263005179447,1.8191903076165084e-154,8.673746012357024e-154
SALL4,164.61095,-0.4113652893725853,0.043116200169079216,-9.540852110330354,1.4166347776902588e-21,2.257103415166378e-21
SAMD10,537.754,-0.6351068895220179,0.01970580636600163,-32.229429119823585,6.832692207741403e-228,5.636417368614555e-227
SAMD11,445.91232,0.0667849140809084,0.041461848626012765,1.610755822378074,0.10723295343582133,0.11688380442230895
SAMD12,953.5197,-0.10310265489304536,0.03205792088848498,-3.216136668740712,0.0012992894011538496,0.001530711933226736
SAMD13,128.04922,-0.11338274201282554,0.03227043101630292,-3.5135180548268767,0.000442214359487473,0.0005289062474918025
SAMD14,146.18747,1.4212266722183382,0.032624626672822156,43.563001853513526,0.0,0.0
SAMD1,962.6328,-0.23687550889297518,0.01604248136060379,-14.765515606250323,2.4444567894810338e-49,5.1587743108784455e-49
SAMD3,67.58975,-0.05456835909949567,0.03384056709561599,-1.6125131397861519,0.10685032295252712,0.11647920994808843
SAMD4A,1279.3322,1.2093158329382614,0.02373071746946526,50.95993555585961,0.0,0.0
SAMD4B,4198.5605,0.10372229068200403,0.01404481408717324,7.385095312634354,1.523442162522347e-13,2.180829629221802e-13
SAMD5,567.0371,0.05331003320127221,0.03842315570462586,1.3874454667671683,0.16530596899434447,0.17798213669447666
SAMD7,0.59016275,-1.2018594798060476,0.0999942797746988,-12.019282328089231,2.8140489811423926e-33,5.1162013937379866e-33
SAMD8,239.90326,0.4884460619482753,0.01970405769369426,24.789110422904873,1.17488843001116e-135,4.888525147475415e-135
SAMD9L,1692.7346,0.13413987084046838,0.026481168083432628,5.0654816440816335,4.073690330594649e-07,5.225977406463546e-07
SAMD9,2165.2727,-0.6596367066511934,0.031801989716176184,-20.741994841777686,1.4479461584524405e-95,4.42690131249936e-95
SAMHD1,2228.4917,0.19505963267311138,0.024732972068505204,7.886623254691617,3.104728996081089e-15,4.561204909165456e-15
SAMM50,2516.9895,-0.22481541279483572,0.012892567530457996,-17.437598233534278,4.276727409233651e-68,1.0593733218711266e-67
SAMSN1,430.9659,0.2018556616782809,0.029044357650722726,6.949909655628347,3.655202161948461e-12,5.120150049202472e-12
SAP130,1674.4122,-0.007687364040718483,0.009868577821871592,-0.7789738480534738,0.4359951202099813,0.4534803643790237
SAP18,6036.9272,-0.058953604932928325,0.011045008432915508,-5.337578987919938,9.41958709688468e-08,1.2221870735165074e-07
SAP30BP,2705.324,-0.03996023011112461,0.01050524288745501,-3.803836859292773,0.00014247202764685167,0.0001727774607375657
SAP30L,1930.8552,0.4912129335296346,0.011437982420048277,42.94576748681183,0.0,0.0
SAP30,479.90082,0.30549033218072097,0.017992389959110185,16.97886344587815,1.1774418363474935e-64,2.8285000998464448e-64
SAPS1,5585.122,-0.4300163991559255,0.011720379870128552,-36.689629851665295,1.0687834247971073e-294,1.4157034317140082e-293
SAPS2,3046.5854,-0.07156006510762074,0.013465239556922056,-5.314429409526098,1.0699204715134251e-07,1.3875978391859994e-07
SAPS3,4522.9385,-0.00796641118477046,0.009797325458850084,-0.8131210112627494,0.4161486809459376,0.43370212415553333
SAR1A,4940.8447,0.18334395919476415,0.009497654324014337,19.304130571607377,4.9582754690309196e-83,1.3824367334155094e-82
SAR1B,1384.7528,0.012089112961211065,0.01632853620332835,0.7403672203480717,0.45907720317017076,0.4765629603988123
SARDH,603.3672,0.23617673169582082,0.04241281326711374,5.568523130224627,2.5690752965213934e-08,3.365536578204687e-08
SARM1,1097.5388,0.5539475977423725,0.02200259879556168,25.176462239274827,7.253725715081037e-140,3.097935847143588e-139
SARNP,2023.5586,-0.21691687334899243,0.0112466038917789,-19.287322238454173,6.863746734744789e-83,1.910046743748895e-82
SARS2,1100.6918,-0.545836447610032,0.014412081534490405,-37.8735331398007,0.0,0.0
SARS,6409.7256,0.06657567141652229,0.010360760514747134,6.425751403264353,1.312196997964138e-10,1.7897111731461036e-10
SART1,3818.1094,-0.2548989794274018,0.012224731146965725,-20.851090822612466,1.4898717832565245e-96,4.596499414353627e-96
SART3,2837.8267,0.030146944150566693,0.007606507926794203,3.9633093714887186,7.391789100255196e-05,9.032437086135019e-05
SASH1,2628.9087,1.1405010978358103,0.0229421114659653,49.7121243407673,0.0,0.0
SASH3,1069.373,-0.5414548267203982,0.03132917425191438,-17.282767249676635,6.343037433294913e-67,1.5540060060704109e-66
SASS6,349.2152,-0.36983004808508024,0.018054679067178617,-20.48388934020931,2.9974235676706572e-93,9.007313123868179e-93
SAT1,16934.973,-0.29924572858598103,0.020572979311265244,-14.545570870336782,6.230887020702317e-48,1.298143971085535e-47
SAT2,2146.9219,0.15900707784071194,0.022161058460046547,7.175066936779245,7.227181685830839e-13,1.0237836901045787e-12
SATB1,1679.545,0.4326196369034271,0.027894702579263006,15.50902490084399,3.014215924583832e-54,6.63134017815023e-54
SATB2,785.1516,-0.05903214231667691,0.03473787205354945,-1.6993597715391757,0.08925141685975324,0.09769716629107565
SATL1,58.533566,0.1617094047804862,0.015268939877122491,10.590742126293653,3.289732973706862e-26,5.548477641595394e-26
SAV1,1652.9843,0.42918159355018803,0.014396931317918728,29.810630062256354,2.8447701092905256e-195,1.8212790772026985e-194
SBDSP1,1023.37506,0.33450012875731633,0.013203776635234194,25.333670660915672,1.3601373775989553e-141,5.876705617686148e-141
SBDS,4539.499,0.44789009731204404,0.0132555732130521,33.78881396626659,2.879174102404409e-250,2.803304904392701e-249
SBF1P1,3.8700514,-0.022792479243115674,0.03382173954513238,-0.6739002650263141,0.5003747236225327,0.5175334788778267
SBF1,5075.946,0.06518636902526097,0.01629798360801712,3.999658521756963,6.343394633598488e-05,7.762994190035562e-05
SBF2,1944.1276,0.7323006451834394,0.015168384787722039,48.27808995036808,0.0,0.0
SBK1,1068.2148,-0.025716494937547015,0.035029666440744484,-0.734134736368345,0.4628666246818438,0.48034976103056676
SBK2,3.5824063,0.44091420518937097,0.09689738132063407,4.550321166372732,5.356409510111093e-06,6.715798818595378e-06
SBNO1,1060.2722,0.13078886567187337,0.0213303790069669,6.131577204003515,8.701209140478152e-10,1.1719232395540795e-09
SBNO2,4118.114,-0.4624061837817585,0.016021452074631282,-28.861690040813627,3.614641371847111e-183,2.1232107238729178e-182
SBSN,2725.0479,-4.590926856389996,0.08348065846259975,-54.99389847825388,0.0,0.0
SC4MOL,3820.6602,-0.12482534137583519,0.02478420411078401,-5.036487789475622,4.741513418453154e-07,6.073898677800777e-07
SC5DL,3421.8804,0.2031210203718853,0.022367893052264883,9.080918792720984,1.0766212922084506e-19,1.6788398351770715e-19
SC65,1697.776,-0.1456164100562791,0.020394666020350272,-7.139926190062621,9.33810482442486e-13,1.3204228095601175e-12
SCAF1,4480.084,-0.2383583487680746,0.011525699027703217,-20.680598044001975,5.17947727715693e-95,1.5778688895052812e-94
SCAI,624.8756,0.25099818727572404,0.017225857092572596,14.571012979316356,4.294750933963424e-48,8.965121938332959e-48
SCAMP1,2880.4167,0.303986617596474,0.014412010711065489,21.09258893091678,9.302861017154182e-99,2.9155934028362375e-98
SCAMP2,5754.683,-0.2339419535022626,0.009719356058647521,-24.069696808166565,5.192815267373372e-128,2.049641838473332e-127
SCAMP3,3961.3845,-0.2941693778883332,0.011862092681880302,-24.799113088846934,9.164606438077806e-136,3.816367814948375e-135
SCAMP4,4070.3013,-0.08624042948470743,0.01199901392661504,-7.187293056925065,6.608846070046815e-13,9.367132911451065e-13
SCAMP5,1929.1115,0.7762094548014928,0.031672901791890515,24.507052113558863,1.2423692192166812e-132,5.066785844157134e-132
SCAND1,2772.1282,-0.6296292802337116,0.018379568691209335,-34.257021522754975,3.428332109714683e-257,3.5109362888169635e-256
SCAND2,592.83545,0.13621825942081686,0.011872137815515117,11.473776798884519,1.7868661799020055e-30,3.157334538849586e-30
SCAND3,151.1233,0.26408965508758153,0.03956068222390178,6.675558666883247,2.4629211208017988e-11,3.3988077745817e-11
SCAPER,801.5442,0.604280862575101,0.016833154106870953,35.89825523717185,3.2523478668683953e-282,3.938997633645072e-281
SCAP,4826.1426,-0.16364875455704933,0.01273937501210677,-12.845901341433704,9.068945063004244e-38,1.7253962483665396e-37
SCARA3,3283.8809,1.234680702747776,0.034530279721138424,35.75646397072019,5.249669645040417e-280,6.250176859846658e-279
SCARA5,343.16147,2.2353137772017555,0.055489502837604,40.28354306477824,0.0,0.0
SCARB1,5805.785,-0.329529756077131,0.030299009088715825,-10.87592518660476,1.5012494381424657e-27,2.567535056379575e-27
SCARB2,13255.13,0.491577361391082,0.013449447956495523,36.55000286860626,1.7829557619775615e-292,2.322405397191374e-291
SCARF1,555.85205,0.6751062187399142,0.021588040903275502,31.272231777061435,1.1134105867117517e-214,8.3552989807831e-214
SCARF2,825.82806,0.6034939937530951,0.028504804585812536,21.17165869130242,1.7431344596042746e-99,5.492721631803656e-99
SCARNA10,12.300015,-0.6015580388547972,0.04234883991075472,-14.204829226078239,8.551085658381882e-46,1.7507195587187926e-45
SCARNA11,0.049014598,-0.45922465249708405,0.31379756265742137,-1.4634423817957698,0.14334636887085234,0.15494498135607554
SCARNA12,15.548422,-0.8420531474825925,0.02703696651053653,-31.144512723142867,6.018455688559568e-213,4.460492878171979e-212
SCARNA14,0.03004153,-0.4428302512991228,0.44373881894442635,-0.9979524720251771,0.31830240594828896,0.3351426708058138
SCARNA15,0.20407791,-0.7059310068916949,0.13724283732584586,-5.143663747024213,2.694315980878394e-07,3.4702080758336955e-07
SCARNA16,4.020778,-0.6346426354084765,0.038896429447701865,-16.316218337258547,7.568103752509798e-60,1.7467296712090124e-59
SCARNA17,29.171534,-0.1436031459952636,0.031774441974255836,-4.519454538701677,6.199915848029912e-06,7.763813922379195e-06
SCARNA18,0.044539895,-0.42944113393710603,0.3975777956706905,-1.0801436564450586,0.2800782139198146,0.29627519262150603
SCARNA1,0.23075815,-0.6096461878172325,0.1416740981802173,-4.303159121166444,1.6837982875897527e-05,2.0889975220621437e-05
SCARNA20,0.06485586,-0.49378561521540043,0.26717705855821056,-1.8481587374307369,0.06457938265378814,0.07120344714045343
SCARNA21,0.42622837,-1.086975410070449,0.12201438167718866,-8.908584341690482,5.168830627811255e-19,7.9945470448689e-19
SCARNA22,0.26410735,-0.8894115754244516,0.1378813272470317,-6.450558557729569,1.1143866280082685e-10,1.5216497223085406e-10
SCARNA23,0.02557946,-0.446746258060738,0.49473955225415167,-0.9029928090957257,0.36652971140006696,0.3840780451987184
SCARNA27,0.043684587,-0.46639691062043065,0.34218240344505235,-1.3630067061450302,0.17288039711501113,0.18592108208042427
SCARNA2,36.744587,-0.8402728335134595,0.038107602964596976,-22.050004937180027,9.551332892620834e-108,3.227478611798632e-107
SCARNA3,0.2077276,-0.616847495781235,0.18424385311445055,-3.3479949824869064,0.0008139848506608327,0.0009653919127696548
SCARNA4,0.12727906,-0.5056142679342991,0.18065942750618413,-2.798715101192222,0.005130638398540897,0.005916435409566363
SCARNA5,5.2268167,-0.3234904611159633,0.048190148802610605,-6.7127923269338154,1.909347702714914e-11,2.6393542829693737e-11
SCARNA6,3.1327083,-0.46175150406387827,0.042880754636541014,-10.768269074966204,4.860529816362378e-27,8.275257278083431e-27
SCARNA7,27.54333,-0.8883656016946144,0.050509836064970816,-17.587972381298357,3.045824196254898e-69,7.611382694433959e-69
SCARNA8,0.14834052,-0.591124794736385,0.17278530521968577,-3.4211520128103867,0.0006235646796285308,0.0007423198054354612
SCARNA9L,1.9625036,-1.6262776211815682,0.06253378546769167,-26.0063837335066,4.193664283015638e-149,1.924246363261559e-148
SCARNA9,33.41694,-1.2995386460862555,0.038318927085797094,-33.91375346122176,4.1771406320531923e-252,4.110314457610969e-251
SCCPDH,3600.9192,0.016046978278418157,0.02205365637846699,0.727633459188486,0.4668379929674086,0.4842736522380246
SCD5,4744.662,2.229460080451549,0.0404004538638698,55.1840355052387,0.0,0.0
SCD,27030.69,0.3083516124627254,0.03304789969972691,9.330445058972188,1.0542727071388892e-20,1.6652911819877917e-20
SCEL,931.7881,-0.5252248550259425,0.07556952859170078,-6.950220079626431,3.647167917671677e-12,5.109361357926457e-12
SCFD1,2037.9192,0.1335829235215709,0.009758386829874663,13.689037527454385,1.1806273202520582e-42,2.346845500196412e-42
SCFD2,764.27454,0.1079960128244815,0.012145933864233066,8.89153638013002,6.026969344107178e-19,9.315447075362741e-19
SCG2,2544.357,-0.45101535191679704,0.06208472864671411,-7.264513540572065,3.743831221286963e-13,5.320442540428681e-13
SCG3,2015.1454,2.388772022348713,0.07646929930511252,31.238314513874542,3.2174984844421946e-214,2.4073888880837428e-213
SCG5,1435.7118,-0.003436841076779747,0.05211952777918581,-0.06594152370951194,0.9474243813662411,0.9496633833998968
SCGB1A1,507.60556,0.38111052783334515,0.12458565808263065,3.059024077880425,0.0022205930190440544,0.002596579936518173
SCGB1C1,1.37287,-1.0271901775749348,0.1315343304162881,-7.809293393778027,5.750948624958044e-15,8.414197848043177e-15
SCGB1D1,5.271237,-2.692536087450385,0.24280519131312406,-11.089285500399631,1.414127249565501e-28,2.4444062382326405e-28
SCGB1D2,780.16205,-0.4558241977096281,0.09978747912345547,-4.567949824102578,4.925178896225318e-06,6.179694142009814e-06
SCGB1D4,9.351929,-4.337713351092585,0.2365936003594154,-18.334026552294965,4.428734736082395e-75,1.1607184666825628e-74
SCGB2A1,1008.7458,-3.1180934940752114,0.08420516184610737,-37.029719149210976,3.808508478740805e-300,5.285441316883712e-299
SCGB2A2,2488.8606,0.21117932405778808,0.17870185186447654,1.1817411059508311,0.23730844260712702,0.25256744121692193
SCGB3A1,778.02124,-1.0476389944781936,0.06936377060596792,-15.1035473609051,1.534509260263923e-51,3.296167338015743e-51
SCGB3A2,545.8427,-0.7059935001333236,0.13977853324594197,-5.050800603917626,4.3996214706428677e-07,5.639837143988045e-07
SCGBL,1.6219089,0.22854622141864886,0.046415352140046585,4.923935958280968,8.482060554090339e-07,1.0817908339330026e-06
SCGN,231.59898,0.946091287703549,0.08547933178562366,11.068070701304515,1.7921739937886813e-28,3.092893984872744e-28
SCHIP1,1156.9271,1.4145617122778789,0.03098308122972185,45.65594047246986,0.0,0.0
SCIN,1347.6643,0.5759224265094893,0.045053718304940184,12.783016545081448,2.0400102020176115e-37,3.8710567343533e-37
SCLT1,403.42447,-0.12273826303960339,0.013996106809106519,-8.769457443675991,1.7952925363727106e-18,2.7564374621426857e-18
SCLY,783.7375,-0.22194974705921555,0.01737328054018775,-12.775350432280362,2.2513144151946015e-37,4.270428601411245e-37
SCMH1,2000.2062,0.14848684629550551,0.014598990052560455,10.171035514163053,2.670542943602822e-24,4.406677240136963e-24
SCML1,560.2753,-0.19854519044681365,0.024272158010671546,-8.179956242849148,2.8394696508803507e-16,4.2378683837162273e-16
SCML2,167.83624,-0.025039913900911075,0.03131505533405342,-0.7996126346831498,0.42393526486003197,0.4414781614979739
SCML4,112.337975,-0.6607312029914439,0.03848109266770006,-17.17028174582067,4.432631659778587e-66,1.077282415679029e-65
SCN10A,0.7328819,-0.07701240941361634,0.08309368492955971,-0.9268142275661672,0.35402299662533276,0.37137026938866186
SCN11A,22.613554,0.746962435739632,0.03699800689283661,20.189261489225125,1.2166947288596456e-90,3.5909956487175304e-90
SCN1A,130.60672,2.558809163868215,0.08439798385276558,30.318368366857232,6.565499019536933e-202,4.454081790694849e-201
SCN1B,510.34088,0.7590614268736378,0.029978395644603233,25.320281841376172,1.9102058769931105e-141,8.244621888849424e-141
SCN2A,262.51654,1.517956740793375,0.053471327589722485,28.388237382853678,2.825110098958752e-177,1.5840379097962336e-176
SCN2B,183.83022,2.2300363564469357,0.05276249808269274,42.265556739786675,0.0,0.0
SCN3A,371.8983,1.980244191302958,0.05522132272361921,35.86013687527934,1.2782717971297832e-281,1.5399015099269383e-280
SCN3B,549.9421,1.194440402099452,0.05332126457124392,22.400826606494473,3.863435358703257e-111,1.3413315223028582e-110
SCN4A,130.39185,1.1101723971660897,0.04958945035379921,22.387269656055704,5.237031179071555e-111,1.8148207280803027e-110
SCN4B,674.61536,1.5207625970045244,0.03739411217913731,40.66850390027387,0.0,0.0
SCN5A,73.46471,0.1497729005842155,0.04453841756821889,3.3627800169328057,0.0007716182552430862,0.0009158383990260591
SCN7A,159.58614,1.9078894657979604,0.05882499490546074,32.433312894700315,9.312317645426053e-231,7.863520321162547e-230
SCN8A,148.90019,0.7620256139859473,0.0356929627306805,21.349463751041746,3.9443853902903055e-101,1.2584820899689756e-100
SCN9A,319.7245,0.01705413451897749,0.045751824817518286,0.37275309972876747,0.7093322120678216,0.7223175364121833
SCNM1,1273.3247,-0.3140245648945159,0.013463251036805665,-23.324571757299893,2.4974216143248357e-120,9.271518352669463e-120
SCNN1A,6411.9155,-0.4594804686221626,0.0454946614064237,-10.099656848029326,5.543582686738702e-24,9.109839367125129e-24
SCNN1B,921.3418,-0.6627761283449896,0.054561145209791315,-12.147401338380458,5.921803963161827e-34,1.08565517231888e-33
SCNN1D,251.81374,-0.10123129627710165,0.0320391967637152,-3.1596078086373054,0.0015798164024287478,0.0018561566330244042
SCNN1G,564.21924,0.3715239318184897,0.06184870479513546,6.006979985257685,1.890108384252115e-09,2.5291302395654818e-09
SCO1,1011.35376,-0.03608097869373544,0.011075851532031049,-3.257625708451424,0.0011234848470720049,0.0013271266609538117
SCO2,1484.9651,-0.7962607465696399,0.016401619095085095,-48.547691661017,0.0,0.0
SCOC,3296.6753,0.16781238901392034,0.014823998874942826,11.320318520637203,1.0409301905363875e-29,1.8215830968824407e-29
SCP2,6988.384,0.26722104608172365,0.018218170152705795,14.667831282827025,1.03603806118116e-48,2.174505039957447e-48
SCPEP1,4868.9463,-0.164480611820221,0.023566626620575265,-6.979387184613782,2.9647038637013545e-12,4.160926924106981e-12
SCRG1,576.56244,2.768752662787693,0.07320450018800523,37.82216469857629,0.0,0.0
SCRIB,5357.027,-0.4234957340922357,0.016429629632384517,-25.776340889479417,1.6336240601001014e-146,7.3370730729269725e-146
SCRN1,5146.3745,0.7590376538226902,0.025129317493409895,30.205263394907007,2.0201052231480568e-200,1.3533176123090256e-199
SCRN2,1638.3335,-0.10267929153947483,0.019516808408010154,-5.261069811872153,1.4321963883618287e-07,1.8529541351460646e-07
SCRN3,682.2386,0.3071156439615504,0.012961051504744315,23.695272243084023,4.033958316501452e-124,1.5466545643249164e-123
SCRT1,97.29991,1.969317441135912,0.07480251515884337,26.326888032495436,9.44214091898486e-153,4.456016387798163e-152
SCRT2,21.15094,1.889180912104222,0.12725015962305392,14.846196796141063,7.362895418394344e-50,1.5606578638531021e-49
SCTR,125.76418,-0.5041071375696143,0.07565308993761209,-6.663404468810596,2.6755598741799384e-11,3.689746222206148e-11
SCT,17.359426,-0.5507175486616397,0.04896278506701449,-11.247676126018614,2.377742762778606e-29,4.1427868983662507e-29
SCUBE1,241.46228,0.3694759571838003,0.04822724267030701,7.661146205467861,1.842809214955528e-14,2.6746811725443496e-14
SCUBE2,2535.1846,0.004630392708305959,0.05153063979437352,0.0898570777848471,0.9284007900790778,0.931420277200017
SCUBE3,324.94333,0.9130417827278563,0.045459324704237386,20.08480743319861,1.0021119021528436e-89,2.93722951568237e-89
SCXB,59.69135,0.1341125716947193,0.04743388364928056,2.8273580271505643,0.00469338216517836,0.005422345221930895
SCYL1,4717.1577,-0.13462457257129248,0.010106286434768732,-13.320874431991417,1.750451908211711e-40,3.416821706546714e-40
SCYL2,1998.7927,0.07824656637060044,0.014812478701508442,5.282476211265852,1.2744938894676499e-07,1.6500744734926474e-07
SCYL3,742.0489,-0.018508564452904164,0.012599801494918428,-1.4689568292301094,0.14184449899302942,0.15337044744803685
SDAD1,1959.084,0.03812280831969502,0.009403559978268309,4.054082539782496,5.033144418636511e-05,6.171020007167764e-05
SDC1,20438.273,-1.0800016871531568,0.03633140902624641,-29.726391464006962,3.5021540589580835e-194,2.224660046375277e-193
SDC2,5824.959,0.8844753467719717,0.032032843868042817,27.611514931846497,8.093696751917855e-168,4.262275534720528e-167
SDC3,8475.265,0.9349759101093829,0.02741570617386648,34.10365956579413,6.510047893166347e-255,6.558043793021952e-254
SDC4P,0.11410326,-0.39671161025158364,0.1883004958888928,-2.1068006665562065,0.03513486170437955,0.03923595246774523
SDC4,15411.148,0.008573773607870405,0.026867327518658685,0.3191152377145116,0.7496391292501274,0.7614580168838669
SDCBP2,1104.1215,-1.2330475795168043,0.03716388899292933,-33.178647685429254,2.1881841777054006e-241,1.9923632233409772e-240
SDCBP,10488.596,0.10917726525610885,0.019966893012424276,5.46791457179512,4.553612400310641e-08,5.939710075469268e-08
SDCCAG1,1743.4425,0.22515343304551125,0.012189677385849846,18.470827891382612,3.546040745219464e-76,9.383135369368739e-76
SDCCAG3,1554.763,-0.31517964192777154,0.011606963401395299,-27.154358209648795,2.2490763999860603e-162,1.1367662966066584e-161
SDCCAG8,1095.0336,0.2535383592065822,0.011950410369845963,21.215870531636835,6.815352380258762e-100,2.157241279690425e-99
SDF2L1,1441.0938,-0.8027943910053773,0.0203832625939566,-39.38498006905905,0.0,0.0
SDF2,1990.1141,-0.09917334873397779,0.010780762565252046,-9.199103322582005,3.6094910678894574e-20,5.661450589457741e-20
SDF4,7589.7266,-0.16688761207416208,0.01107508179467703,-15.06874758743295,2.5999495550795566e-51,5.575350009676079e-51
SDHAF1,632.43616,-0.30886833432298155,0.013396518623232765,-23.055865707328618,1.284539274544772e-117,4.679179654760604e-117
SDHAF2,1589.8678,-0.20045711330640592,0.008806463039576877,-22.76249981468579,1.0791515359606614e-114,3.836292320695496e-114
SDHAP1,425.76724,-0.34143416765615914,0.01667661260544164,-20.473832170494138,3.684744811351964e-93,1.105966675723347e-92
SDHAP2,477.48907,-0.40613486629594653,0.018596239277981756,-21.839623604801464,9.75555917128024e-106,3.244787276067545e-105
SDHAP3,385.26685,-0.30463211356118436,0.022550499198506768,-13.50888558517393,1.3860365704366987e-41,2.727989031082826e-41
SDHA,7138.3457,-0.13258137359878283,0.01615478045651909,-8.206943694198024,2.268899019255625e-16,3.3915209348770386e-16
SDHB,3322.0925,-0.13386361253657125,0.012575711695223925,-10.644615253656834,1.8474590127377067e-26,3.127331673761284e-26
SDHC,4857.1597,-0.0723957043788004,0.012574617287464514,-5.7572888879068165,8.547556287405519e-09,1.1295579544027584e-08
SDHD,3955.7341,0.12948578189987733,0.014864606397755652,8.711013156690639,3.011707023760188e-18,4.614339501560331e-18
SDK1,1223.1456,-0.0288906401180696,0.03578534449991074,-0.8073316191811891,0.4194754517938736,0.4370126252723095
SDK2,635.0742,-0.3313190186408458,0.0402582979815417,-8.229831742831117,1.8747659226635132e-16,2.8054655949655614e-16
SDPR,1674.5923,1.793742213956658,0.03463252891166026,51.793567213416274,0.0,0.0
SDR16C5,637.7979,-0.9680274152349793,0.06505273261154411,-14.88065722028094,4.401543668298526e-50,9.348114702992874e-50
SDR39U1,1587.9382,0.021430110184635174,0.014950748364702407,1.4333804343353174,0.15174914674161893,0.1637581298904177
SDR42E1,324.57837,-0.4699543219180267,0.03675454159315965,-12.78629256541971,1.9558381404454523e-37,3.7123726180616225e-37
SDR9C7,30.684034,-3.9114541400896816,0.0976610970045547,-40.05130251513824,0.0,0.0
SDSL,952.7251,-0.22929078368904093,0.025316108904694583,-9.057110022406388,1.3395246367500472e-19,2.0865632807646682e-19
SDS,1056.9104,-0.3974884054701764,0.04547532361158403,-8.740749353764318,2.3156926328487688e-18,3.551426464193453e-18
SEBOX,0.5864714,-0.5011676728246087,0.08593180819226783,-5.8321555587806655,5.471587125772957e-09,7.260382082618238e-09
SEC11A,5065.397,0.010555031204033678,0.010128360108935084,1.0421263749027043,0.2973530918956566,0.3138316017575777
SEC11C,2885.2666,-0.10631929134440118,0.023573243249663842,-4.510168168986137,6.4776253958499446e-06,8.108083334405719e-06
SEC13,5028.9067,-0.20948768102457782,0.011203635569227667,-18.6981877204186,5.121601691215566e-78,1.3737903666858725e-77
SEC14L1,4859.3457,0.6411522915918217,0.01592935197332134,40.24974102308938,0.0,0.0
SEC14L2,2182.417,0.5846155626473938,0.03512296417680185,16.64482415847814,3.2993385972191016e-62,7.77534836216966e-62
SEC14L3,6.9823375,0.7167113044598833,0.11031136296155794,6.497166612923165,8.184680340486189e-11,1.1200639043621585e-10
SEC14L4,76.241905,0.04574839856791446,0.06094457602135883,0.7506557852150999,0.4528598389437467,0.47022866634649557
SEC14L5,114.30245,1.3206730589497648,0.0428961974490104,30.78764873086046,3.8346761672636552e-208,2.7268659479329636e-207
SEC16A,7438.433,-0.12754047793823928,0.013253240760703009,-9.623342716025176,6.372586571788988e-22,1.0198843645550823e-21
SEC16B,709.56775,-0.06335070315702246,0.0326995752341082,-1.9373555376016858,0.052701897712503276,0.058392268600209754
SEC1,20.205961,-0.2307814883614495,0.026664161310503753,-8.655118969391259,4.9239778140194465e-18,7.520989145143815e-18
SEC22A,742.2703,-0.029567117240985236,0.009521758450185736,-3.10521605811251,0.0019014007956468565,0.0022280775180484836
SEC22B,2976.1892,0.1122237726856338,0.012637583282103647,8.88016088048704,6.676373108254249e-19,1.0308226915740047e-18
SEC22C,1179.0846,0.39392593913424323,0.014324397751448094,27.50034912249069,1.7388370319366658e-166,9.0655526589497e-166
SEC23A,2877.2388,0.5903599169901443,0.015293113643358319,38.602990258071685,0.0,0.0
SEC23B,3927.9429,0.04528029549058783,0.012685382105777358,3.5694861308092274,0.0003576821521985922,0.00042923966617218625
SEC23IP,2161.7815,0.12421858752350236,0.012713217082240899,9.770822500704671,1.5022745953493473e-22,2.425248472501575e-22
SEC24A,1923.9718,0.230758869634939,0.015427972923758313,14.95717362062399,1.3984015910118594e-50,2.9799097751109944e-50
SEC24B,2197.0356,0.2586471237068396,0.011242446716351318,23.006301940542553,4.031148730947378e-117,1.4605829687374563e-116
SEC24C,6275.2446,-0.0854251623090503,0.008444700663309239,-10.115830710282939,4.7001267552072695e-24,7.733140505031906e-24
SEC24D,2895.6138,0.23523956597814163,0.019049226383603828,12.34903513880325,4.929912703722458e-35,9.140992052375731e-35
SEC31A,9146.568,0.22490423348324431,0.010980468254596412,20.482207886635404,3.10271057186863e-93,9.319575764631667e-93
SEC31B,405.5196,-0.17534976766711532,0.030241149019751525,-5.798383108809404,6.695734906249303e-09,8.868549018042389e-09
SEC61A1,19844.957,-0.20084723192543671,0.010330679679057606,-19.44182165792973,3.418107141732246e-84,9.605140551901559e-84
SEC61A2,383.1207,0.4849228884248581,0.020038271124216862,24.199836673474987,2.2335492676573438e-129,8.909253436566587e-129
SEC61B,3568.4116,-0.37819247377277204,0.013676912911093412,-27.65188871430323,2.6486019217390353e-168,1.4020511316870782e-167
SEC61G,3417.4778,0.07080464583920695,0.022453752300064345,3.1533547218744395,0.0016140554510206124,0.0018957283331792229
SEC62,7963.606,0.3848386267722576,0.01329027026504977,28.95641842470962,2.3298427378104423e-184,1.3804792869348893e-183
SEC63,5060.897,0.32003044901692873,0.012211671640904193,26.20693205874905,2.2154133646039408e-151,1.0340119369548747e-150
SECISBP2L,2833.8225,0.8703437497826113,0.018120024579485302,48.03215061683616,0.0,0.0
SECISBP2,2040.6052,0.10759890951927309,0.011056833631758842,9.731439678192663,2.2143644241393184e-22,3.567480043606266e-22
SECTM1,1355.2152,-0.5847165480531991,0.031144848855207977,-18.774101321587374,1.2301179448043419e-78,3.320160577790216e-78
SEH1L,1980.9218,-0.1427197968707262,0.010992702049226788,-12.98314065382723,1.5249671949921232e-38,2.9237034676376907e-38
SEL1L2,2.1203108,1.9153130554847233,0.07474478099113084,25.62470623483388,8.09452708376814e-145,3.58487006522592e-144
SEL1L3,4569.125,-0.3252375302720446,0.02893295760200654,-11.241074443405292,2.5624442431049567e-29,4.463068042208385e-29
SEL1L,6238.6245,0.4222637838948953,0.015338572647478373,27.529535739710077,7.780927495371244e-167,4.064970563979039e-166
SELENBP1,5441.9536,-0.18803065098768887,0.03502079164398217,-5.369114807546028,7.912403985210736e-08,1.0281378142386097e-07
SELE,358.085,1.0891978470880577,0.045201677085263584,24.096403437277605,2.72643189411849e-128,1.0788615535929706e-127
SELK,1443.4713,0.06400773252618285,0.013665932619470472,4.683744191376163,2.8168151555454133e-06,3.5533514933855303e-06
SELL,1227.2413,-0.09162591754742154,0.04052056672989529,-2.261220040632396,0.02374563471522246,0.0267033460653565
SELM,2532.1096,0.12693787977848398,0.02844768777720628,4.462151046251042,8.11409961863123e-06,1.013465976292719e-05
SELO,1312.2156,-0.46544014314655074,0.01701532786119029,-27.354168367696168,9.63386511299866e-165,4.967980238995433e-164
SELPLG,1371.6676,0.04362591526210044,0.027310684873548773,1.5973936744571888,0.11017798159375279,0.1200360425572437
SELP,313.55618,0.934444415619484,0.03842501986728977,24.31864495703104,1.2449524062526448e-130,5.017020197723198e-130
SELS,2613.8613,-0.17985976008695648,0.012289275525824121,-14.635505543757027,1.6673175615532768e-48,3.491557111259326e-48
SELT,4658.5815,0.10290914946664778,0.012673053412023091,8.120312139536674,4.649862085074415e-16,6.919057315453151e-16
SELV,9.3842745,0.9438341749687601,0.09070178622016951,10.405905046651418,2.3303107711000365e-25,3.8938605539088675e-25
SEMA3A,384.43185,0.4111702938072801,0.03998530464405753,10.283035166730604,8.403859874105933e-25,1.3961173657847629e-24
SEMA3B,2003.9373,0.13034912691435074,0.034089595725823686,3.823721699803209,0.00013145228412476357,0.00015951821258246773
SEMA3C,3602.241,0.37933639259177887,0.036532269085220115,10.383597900992338,2.944640899158416e-25,4.915944572854956e-25
SEMA3D,389.78162,1.3259390082454237,0.04332259457221168,30.606177246270423,1.012926166488682e-205,7.074498738779787e-205
SEMA3E,316.6969,0.6143923002148967,0.05508802327823894,11.152919702921997,6.929462181172894e-29,1.2012680564245483e-28
SEMA3F,3349.337,-0.3796683005061901,0.027862462141869854,-13.626516514333808,2.7856294408190264e-42,5.516792780703752e-42
SEMA3G,738.2225,1.39957617923515,0.02911418524423892,48.07196792539803,0.0,0.0
SEMA4A,1691.129,-0.41359329685774887,0.02617671572244902,-15.800045400770172,3.1089259324710884e-56,6.948580860597089e-56
SEMA4B,6890.132,-0.6893282539986486,0.022942449792284957,-30.045974176238783,2.4643833573721527e-198,1.6179419791273673e-197
SEMA4C,2668.263,0.05600203353092976,0.01740271580702408,3.218005405129137,0.0012908538527195844,0.001521037943484085
SEMA4D,2195.4287,-0.07565813771511369,0.019340037161363545,-3.91199546742647,9.153663027157451e-05,0.0001115256885517047
SEMA4F,620.5397,0.024063339199148544,0.018256553737544194,1.3180658050299399,0.18748162023788162,0.20103962427172822
SEMA4G,1131.6578,-0.2756612555529676,0.035029510444816975,-7.869400743902059,3.563439984649816e-15,5.232083848801789e-15
SEMA5A,2344.6985,0.9830218672000829,0.031902089577270594,30.81371409289943,1.7167098709636117e-208,1.2250436825428732e-207
SEMA5B,730.2963,1.6328349182118134,0.04531643736208692,36.03184657181131,2.6544021010344957e-284,3.2594072602509833e-283
SEMA6A,2238.9343,0.635822076156082,0.03389385066680035,18.759216307602415,1.6278184675759893e-78,4.38601855232657e-78
SEMA6B,958.52234,0.7899473889078306,0.02813465046201508,28.077384148573223,1.8504900816865826e-173,1.0141084138104208e-172
SEMA6C,591.226,0.4894668841443849,0.026469768328694944,18.491543940479865,2.415388361430188e-76,6.397149948010563e-76
SEMA6D,669.06213,1.39696178777745,0.03503682176524113,39.871247373337084,0.0,0.0
SEMA7A,903.27216,0.15592826736489038,0.03191078474261361,4.886381473303727,1.027061100460967e-06,1.308015572643865e-06
SEMG1,119.58496,2.30122510667576,0.14132893503631486,16.28275983318245,1.3083300250845797e-59,3.014860326055117e-59
SEMG2,59.13694,2.626988905045444,0.15193795061712068,17.28987981195943,5.606905394611211e-67,1.374981774619244e-66
SENP1,993.4056,0.018309133362936318,0.012239106263405736,1.495953460072459,0.13466578353054154,0.145864050164838
SENP2,1747.0704,0.048526739257570325,0.013278571417273285,3.6545150628511776,0.00025766853638111353,0.0003104985932040894
SENP3,2251.2437,0.018352339897037193,0.010300422672158435,1.7817074581456465,0.07479695003729664,0.0821886391304686
SENP5,1782.2864,-0.15976612733693138,0.01163600383060925,-13.730326120781807,6.683201412262051e-43,1.3310829343792123e-42
SENP6,3081.5369,0.28132940548386876,0.011271130823069896,24.960175682464808,1.65582775280646e-137,6.967961393010897e-137
SENP7,813.688,0.47727146725712016,0.015909905823026378,29.998384186936295,1.030138617594198e-197,6.72845432005142e-197
SENP8,123.80386,0.3573113091772858,0.01479683357849579,24.14782238928237,7.870493254818677e-129,3.127764438314531e-128
SEP15,6745.0137,0.12681740250647466,0.011653635347129732,10.882218185907933,1.4011126422407367e-27,2.3970800238133745e-27
SEPHS1,2541.79,0.08402315698214817,0.011911817945855097,7.053764367796213,1.7414117584967027e-12,2.4521650291350375e-12
SEPHS2,6110.183,-0.20247046190346676,0.021741930672444426,-9.312441703260347,1.2492679129461198e-20,1.9714630989589994e-20
SEPN1,7792.166,0.24405155815859092,0.0146524802099426,16.65598961143705,2.7377785946285778e-62,6.4594314993676225e-62
SEPP1,19348.979,0.5813102126894913,0.03461788070110519,16.792195273552167,2.783554670138879e-63,6.62734060687141e-63
SEPSECS,766.9035,0.23507362939977575,0.01726762483686768,13.613547411446874,3.3269489836882354e-42,6.581804912924768e-42
SEPT10,2759.2075,0.38218598236820317,0.018274544267725103,20.913571182357007,4.0291730231842156e-97,1.2481730611534913e-96
SEPT11,5025.894,0.6631173615453216,0.015289260136248609,43.37144869248231,0.0,0.0
SEPT12,2.5838716,-0.6950163210587899,0.06489587371799974,-10.70971513657297,9.164336670242828e-27,1.5555838775177067e-26
SEPT14,6.1974106,0.45614993400268417,0.12030489979688948,3.7916155931537388,0.0001496704564019939,0.00018143142732290527
SEPT1,527.9142,-1.2303891352227632,0.031173753826320656,-39.46875124752925,0.0,0.0
SEPT2,18159.207,0.49971553298063515,0.010463040907787234,47.760066828059166,0.0,0.0
SEPT3,1476.5426,1.778191868062839,0.046573582717194785,38.18026796135521,0.0,0.0
SEPT4,1161.0294,1.4179187842326453,0.03493021339002784,40.592903581787006,0.0,0.0
SEPT5,1852.1471,0.527350885734232,0.029849119164130973,17.66721767682639,7.500619370449603e-70,1.8815316629248826e-69
SEPT6,2528.99,-0.48999939903686124,0.025298835453882958,-19.368456699521886,1.4246411383928784e-83,3.990131921384043e-83
SEPT7L,2.734722,-0.6499413133550666,0.03787598542939771,-17.159720228707503,5.316914212047986e-66,1.2909607208477632e-65
SEPT7P2,317.69034,0.16160801448895445,0.01511114719310604,10.694622481255609,1.0785798075130461e-26,1.8294431643054325e-26
SEPT7,7231.8916,0.6800280543688962,0.013067037361218408,52.041486954582986,0.0,0.0
SEPT8,3949.2068,0.6970897047348801,0.017145791395601354,40.656607131806936,0.0,0.0
SEPT9,16264.265,-0.18955781437906277,0.012917846991786676,-14.674102774215081,9.445670968051747e-49,1.9829285959843834e-48
SEPW1,7971.5137,-0.06572242576773407,0.0173928764867892,-3.778697894948756,0.00015765054188011856,0.0001910366872291729
SEPX1,2146.6501,-0.41398583935226135,0.022057903058448968,-18.76814120795086,1.3761693534325427e-78,3.711901413160193e-78
SERAC1,511.70456,0.17616450079089338,0.01378330147294036,12.781009044657617,2.0933588795284225e-37,3.9719192384267615e-37
SERBP1,13489.063,-0.1251684549316032,0.01010051410143904,-12.392285548492053,2.87724491074124e-35,5.345180138496295e-35
SERF1A,1187.8779,0.006256102934174889,0.014590150447045622,0.42878947389070243,0.6680764398144494,0.6821831797663945
SERF2,22042.36,-0.5290557759644747,0.015416312317622737,-34.31792020454198,4.241105985579477e-258,4.3674596236930994e-257
SERGEF,859.4674,0.07877877321909232,0.019354806189032344,4.07024345527848,4.696403318268673e-05,5.765788769018387e-05
SERHL2,210.13945,0.0126071681523618,0.038989076671474304,0.3233512878130202,0.7464292162731574,0.7583488404663511
SERHL,349.0306,-0.28766586035356173,0.025198442820640453,-11.41601734683105,3.4781022441015286e-30,6.127081732946528e-30
SERINC1,11169.307,0.8859786837638277,0.016569870392464468,53.46925852641232,0.0,0.0
SERINC2,9316.394,-0.9979413245444192,0.031479839870177745,-31.700965718374363,1.5067810384107632e-220,1.1766994691601354e-219
SERINC3,5038.814,0.2791951769404453,0.012429604958390916,22.462111859151857,9.744492480522496e-112,3.396475302361881e-111
SERINC4,18.943228,-0.4458246568412277,0.026813894125724286,-16.626628521424625,4.470524168452476e-62,1.0524445137086489e-61
SERINC5,623.7379,0.22818594759734248,0.029950862245064724,7.618677076148042,2.5628872862520737e-14,3.71398834513531e-14
SERP1,9681.902,-0.19824243510552367,0.01317754197955834,-15.043961568329452,3.782219999074967e-51,8.100380492443431e-51
SERP2,163.32774,1.104819478265223,0.03340736452670078,33.07113547919046,7.729598459507072e-240,6.9723923366018824e-239
SERPINA10,493.83798,-0.27650018132482473,0.1147724959928338,-2.4091153453880527,0.01599124306748765,0.018115163454873195
SERPINA11,373.3068,-0.06088361517576096,0.10127948476453145,-0.6011445982106999,0.5477436809737527,0.564290739851464
SERPINA12,8.315829,-1.2654639502619687,0.0940960898899014,-13.448634813015554,3.1360879543606333e-41,6.155173494922214e-41
SERPINA13,0.14482254,-0.4516448800465015,0.19070318042093318,-2.368313307882962,0.0178693963275603,0.020192209570561146
SERPINA1,84011.06,0.048011782540358525,0.05858127111807665,0.8195756361036581,0.4124580675397883,0.430120053119016
SERPINA3,21986.07,0.12094184311974464,0.05889977863582821,2.0533497055653926,0.040038673380621816,0.04459230587287087
SERPINA4,662.71533,-0.14764284359716717,0.1029256422695293,-1.4344612318331504,0.15144068473130945,0.1634339199811677
SERPINA5,3437.5403,-0.0012823956521390162,0.06488290383217728,-0.019764769706608593,0.9842310220916334,0.9847630911521311
SERPINA6,1685.2976,-0.15739248740413034,0.09948600032371455,-1.582056640049812,0.11363664090176785,0.12366518987166408
SERPINA7,362.5796,-0.23525363650719464,0.15981102096504654,-1.4720739226029267,0.14100091656566535,0.15249071236974135
SERPINA9,13.627653,-1.2123069043366401,0.0776587365586196,-15.610695693221167,6.1562030971133025e-55,1.362179533247796e-54
SERPINB10,8.358819,-3.4926560361955055,0.10883268869878068,-32.09197602259215,5.70533948928652e-226,4.640631508684948e-225
SERPINB11,52.07317,-0.7788309452285073,0.1321266042114485,-5.894580806618681,3.756337432565593e-09,4.99805723740951e-09
SERPINB12,12.934066,-3.790803415621057,0.1372370072016261,-27.62231188888926,6.004547004106156e-168,3.164550154196149e-167
SERPINB13,944.52765,-4.323688479597316,0.11909330138085102,-36.3050518330204,1.3466324182344737e-288,1.7060416554347013e-287
SERPINB1,4634.433,-1.0045576357421626,0.02666658320568426,-37.67102924262268,1.48107859186127e-310,2.223693145405874e-309
SERPINB2,641.0629,-2.6247373853926503,0.07497538727395256,-35.00798703182583,1.7007086665206743e-268,1.880756531325063e-267
SERPINB3,2339.9846,-3.9545799744839423,0.106372522171514,-37.1767059176017,1.6238025971382847e-302,2.292579547513061e-301
SERPINB4,857.8013,-4.2866647703724094,0.10333413644652187,-41.483530203892215,0.0,0.0
SERPINB5,3278.159,-2.0737472927215883,0.07439620859207474,-27.874367954585523,5.457957533130782e-171,2.941979280302081e-170
SERPINB6,5776.8228,-0.12539974627658562,0.017047482754941824,-7.35590984775943,1.8963097164548702e-13,2.708880824958231e-13
SERPINB7,178.67201,-1.5792224975284592,0.07396325856698642,-21.351445678913706,3.780611090797157e-101,1.2064178871087667e-100
SERPINB8,744.978,-0.2270284634886083,0.0231598906352242,-9.802656975560911,1.0966240804203502e-22,1.7733256277424867e-22
SERPINB9,1217.3802,0.0102640952060785,0.025233715584756244,0.4067611514286492,0.6841834221241782,0.6979301679039054
SERPINC1,5659.942,-0.5193829267277814,0.09596211954664412,-5.4123744784037,6.219445055204742e-08,8.093428052343454e-08
SERPIND1,2343.903,-0.11337329290201627,0.08436332128651346,-1.3438694822952688,0.17899059606206724,0.19219776082424192
SERPINE1,7164.578,0.6596973030842679,0.038940063388091556,16.941351546079225,2.2294315849723663e-64,5.3430250310126436e-64
SERPINE2,9101.973,0.2756061407483079,0.04305424401868725,6.401369877234028,1.5398901960110764e-10,2.0981544974293605e-10
SERPINE3,1.4985989,-0.11105805352546265,0.05141434384606722,-2.160059726872459,0.030768046187170505,0.0344444436558124
SERPINF1,8793.094,0.22199136141470255,0.037486278009849924,5.9219365912073725,3.1817231135654996e-09,4.239035460315425e-09
SERPINF2,4048.4712,0.0913079170540003,0.056813090381247246,1.6071633569178108,0.10801853793419919,0.11772118268841932
SERPING1,21561.791,0.3213889445673665,0.033829860198368755,9.500155858842822,2.0957638689640133e-21,3.33262958745906e-21
SERPINH1,12385.717,0.16487984331671254,0.023527813026784732,7.007869500195731,2.419743351997861e-12,3.400300586921898e-12
SERPINI1,656.8496,0.5675957973574429,0.033833022790493245,16.776384447591596,3.6329234586039665e-63,8.641510537880378e-63
SERPINI2,15.051689,-0.15247488108251558,0.08680581405422212,-1.7565053993650026,0.07900215030032151,0.08667842088619561
SERTAD1,1179.7579,-0.0021151099848274466,0.019426271099241006,-0.10887884628100784,0.9132985851058224,0.9170824115496641
SERTAD2,2364.9783,-0.061014185430552946,0.016625278371294152,-3.6699647409154,0.0002425839269361303,0.0002925116186029778
SERTAD3,1394.1742,-0.24645690491831632,0.015853882283256487,-15.545523835420616,1.7062180239178714e-54,3.760217877131841e-54
SERTAD4,231.61746,0.4954300511430169,0.03800466720381405,13.036031824357005,7.632739849356929e-39,1.4678554471466204e-38
SESN1,1644.406,0.315923593929485,0.019841045136639472,15.922729460762355,4.407239348129975e-57,9.927747940758813e-57
SESN2,1155.9333,0.007604099689037595,0.01629652284943542,0.4666087213384317,0.6407798461196169,0.65574858748818
SESN3,468.4171,0.049689274122966656,0.03227115513634654,1.539742656035338,0.1236230947517751,0.13425308508302072
SESTD1,2016.1467,0.5766930473566537,0.019515262517443868,29.550873161002688,6.3996227244046585e-192,3.991725460972869e-191
SETBP1,958.89307,1.0699400269211614,0.02430399815189182,44.02321051188352,0.0,0.0
SETD1A,2300.216,-0.13831687727351435,0.010106945153546291,-13.685329758120059,1.2424222730369171e-42,2.4689580338466175e-42
SETD1B,2250.712,-0.0805941373803783,0.01185374695652607,-6.799043178157878,1.0531625277994922e-11,1.463672325992891e-11
SETD2,3690.369,0.20433806584327768,0.01136107453975278,17.985804523004578,2.5170878142527324e-72,6.44109990075055e-72
SETD3,3294.46,0.33658627684959885,0.011238560079885855,29.949234996038513,4.501983021152978e-197,2.924565166804514e-196
SETD4,694.89655,-0.05114380875846938,0.011670287437031527,-4.3823949525169885,1.1738176768574603e-05,1.4613681944072057e-05
SETD5,4665.759,0.2508736972199354,0.012425776202488194,20.189780753471105,1.2039750838499079e-90,3.553969658126762e-90
SETD6,659.2926,-0.16716905314751634,0.011149424731824387,-14.993513761329494,8.095459654216925e-51,1.727806511166814e-50
SETD7,4003.705,0.5840702075012668,0.019257705054661064,30.32916984881854,4.73002949119937e-202,3.2120970784298856e-201
SETD8,1941.0219,-0.23570552768304073,0.012192936153361329,-19.331318127017486,2.9284004303959203e-83,8.178231051087865e-83
SETDB1,2272.4536,-0.09134096945366828,0.011180910109374166,-8.169368017464631,3.1000912911328853e-16,4.624130602694293e-16
SETDB2,733.31055,0.0050895114076813025,0.016164289038482754,0.3148614452243812,0.7528668560117864,0.764431515712132
SETMAR,733.5276,0.10689452737919321,0.01646145842611944,6.493624356489786,8.3795535010596e-11,1.1466549921230837e-10
SETX,4151.038,0.3336633552374902,0.012634363557340607,26.40919376137714,1.0744720386916943e-153,5.094358694858921e-153
SET,13352.5625,-0.12516349621018047,0.00965858053646157,-12.958787860978402,2.0953233956477216e-38,4.0100290479405865e-38
SEZ6L2,4089.5444,-0.24539470206568573,0.03462748367398411,-7.08670327812623,1.3734442037972007e-12,1.93776511054104e-12
SEZ6L,487.52698,1.818415034441663,0.07669490998363318,23.70972252043474,2.8623213157838457e-124,1.0984731322911087e-123
SEZ6,389.2376,2.313721930865603,0.08141033594716678,28.420493589009997,1.1288477908120824e-177,6.348677395895908e-177
SF1,10152.808,0.004240562804068906,0.00711508841697098,0.5959957987246193,0.5511780333642076,0.5676564943981133
SF3A1,6470.504,0.17994945877185195,0.009100613180906667,19.77333342212487,5.0524774136264525e-87,1.4526675280895489e-86
SF3A2,3641.2373,-0.43286403454194566,0.014339009907394644,-30.187860761482366,3.418576908388737e-200,2.282676526004798e-199
SF3A3,3710.2483,-0.037551359138360794,0.008991149628622578,-4.176480282212095,2.960543924382969e-05,3.651403268704966e-05
SF3B14,2947.561,-0.28882339667104656,0.010197972339751385,-28.321649348392704,1.8708722389341125e-176,1.0423943052123589e-175
SF3B1,12618.312,0.07141341119818811,0.009708583851354891,7.35569803913492,1.8993193460158906e-13,2.7129897260603044e-13
SF3B2,10959.538,0.05180211802424289,0.008522701324063988,6.078133687259315,1.2158936849428377e-09,1.6328746392975747e-09
SF3B3,8370.066,-0.14688673806056676,0.010554924364527984,-13.916417871662837,5.035142213069806e-44,1.0156589746942255e-43
SF3B4,4732.394,-0.3563232215994877,0.011579619796063504,-30.77158213092799,6.291060448182243e-208,4.464262797648738e-207
SF3B5,3701.3027,-0.41427293864858983,0.013812604525203113,-29.992383977452505,1.2335196127755945e-197,8.038804672374625e-197
SF4,1429.5543,-0.21815234028867234,0.01022451754548736,-21.33619892754303,5.238424843729871e-101,1.6695224075375149e-100
SFI1,993.82477,-0.4340864790546294,0.014556184733095714,-29.821446142248202,2.0598386553237806e-195,1.3204110574224448e-194
SFMBT1,610.3359,-0.06381184598605004,0.015415194094481817,-4.139542168261948,3.479996317707029e-05,4.284804658735857e-05
SFMBT2,185.77553,0.8538490633132336,0.030667684002125495,27.841980609101608,1.3470290537700858e-170,7.237837029745361e-170
SFN,18171.367,-2.8382135646251196,0.055137832020789423,-51.474885040002775,0.0,0.0
SFPQ,10192.75,-0.1894379387349915,0.00898333660526115,-21.08770349583093,1.0314876201938576e-98,3.2322697336504154e-98
SFRP1,3724.352,1.0633288864680053,0.0520572825697875,20.42613125344214,9.796309137286174e-93,2.9325548849582295e-92
SFRP2,6914.1035,0.9002708030750977,0.050661195215711996,17.77042170524806,1.197868822568227e-70,3.026484407876214e-70
SFRP4,3182.4277,0.8845994873847284,0.04520259411326309,19.5696619793149,2.8053595743869154e-85,7.952424892083432e-85
SFRP5,168.85127,-0.37648797384437616,0.07006258121224232,-5.373595538877903,7.718188018867855e-08,1.0030294259934295e-07
SFRS11,5596.396,-0.013948244388995038,0.012602667946908255,-1.106769173619058,0.26839373926411036,0.2843434530716565
SFRS12IP1,1359.9213,-0.027638774297842388,0.01341047205813296,-2.0609844439503147,0.03930452419224988,0.04379862112917435
SFRS12,2627.588,0.11885356969054336,0.012046610576808711,9.866141927037296,5.836648936186907e-23,9.467638888680524e-23
SFRS13A,3340.9124,-0.11148043276235298,0.009236946270797167,-12.068970576867065,1.5404927056479773e-33,2.8082817867377482e-33
SFRS13B,126.809,0.8112141006977878,0.033467752917497394,24.238678428681542,8.704674731728632e-130,3.488552615418567e-129
SFRS14,3178.4946,0.20603776577308036,0.015036879551208984,13.702162411516733,9.854512611435902e-43,1.959258029845933e-42
SFRS15,2008.6508,-0.16194614655479794,0.010344179445263635,-15.65577505801578,3.0339440928142545e-55,6.727082093836355e-55
SFRS16,1359.5066,-0.3711993301553569,0.013014150654364473,-28.522747278238256,6.119355585845958e-179,3.477085134586599e-178
SFRS17A,2179.0242,-0.2579262683856142,0.012967723075027152,-19.88986554488666,4.9808413205912866e-88,1.4418448520676525e-87
SFRS18,3493.5964,0.16527172583111863,0.01685827640508514,9.80359568557471,1.0864769333777706e-22,1.757056468872669e-22
SFRS1,9068.015,-0.16634166229911013,0.00788881072300544,-21.08577175188431,1.0744699082945913e-98,3.366440883805722e-98
SFRS2B,2586.9106,0.1469946772887442,0.012080835058609546,12.16759243674855,4.625242788506661e-34,8.488715219616615e-34
SFRS2IP,4812.7163,0.15153495686126411,0.01270503764290128,11.927155284418355,8.544367504399404e-33,1.5454404586182257e-32
SFRS2,7917.2075,-0.3216936506961565,0.009320030392762685,-34.516373567404074,4.556817121986671e-261,4.762435307316562e-260
SFRS3,10610.995,-0.1332930529060841,0.008634558954264689,-15.437158239593632,9.206831705631232e-54,2.0176736996226722e-53
SFRS4,4294.033,-0.037015098479788094,0.009062218112126623,-4.084551709283655,4.416199167894528e-05,5.4253800904637156e-05
SFRS5,7790.786,0.09683763376060475,0.01295646586883664,7.47407778795004,7.774714295702653e-14,1.1181506664750659e-13
SFRS6,7510.2495,-0.11783254822138814,0.010114789363354061,-11.649530602020851,2.307261905086131e-31,4.119041136938665e-31
SFRS7,4577.9517,-0.23352856181033274,0.009362396040732975,-24.943247518511292,2.5278369493958884e-137,1.0619940662969643e-136
SFRS8,2046.4661,-0.11952088117845076,0.009814310238908788,-12.178225292350223,4.060207202274388e-34,7.45708240244513e-34
SFRS9,5376.762,-0.3056918211685759,0.009128398129909194,-33.48800269424892,7.205915790631229e-246,6.788766292524812e-245
SFT2D1,1044.363,-0.1744765574678463,0.012067483396648964,-14.45840460126897,2.218813483934563e-47,4.59961548919904e-47
SFT2D2,217.62167,-0.25375418118086474,0.01884302764834875,-13.466741434362946,2.4546198474536523e-41,4.822776054266446e-41
SFT2D3,815.0495,-0.1584745391115488,0.010424168703575034,-15.202606904970652,3.398238713558929e-52,7.33510835128777e-52
SFTA1P,71.62158,0.7418588090420843,0.06499690136311949,11.413756555832206,3.5697251833769084e-30,6.287398132050391e-30
SFTA2,412.37918,-0.6819014317165489,0.08698541018308767,-7.839262127766906,4.532016015453121e-15,6.639369220595099e-15
SFTA3,955.96423,0.7279552685642828,0.15667214589870035,4.64636048985349,3.3784242288051166e-06,4.252061008546202e-06
SFTPA1,6969.8516,0.8383378585568882,0.13774114897933526,6.086328339562933,1.1552939859768146e-09,1.5524143792820255e-09
SFTPA2,13930.723,0.7087449429429765,0.09286839971134996,7.631712672403861,2.316552911603577e-14,3.358209963495957e-14
SFTPB,27172.617,-0.051955271349489816,0.10118701292684729,-0.5134579018263011,0.6076310516274321,0.6235262389154683
SFTPC,5494.938,2.3885984925958064,0.13160008195561576,18.15043316919361,1.2739230077096937e-73,3.29720296389037e-73
SFTPD,824.6263,0.8154021613427781,0.06273338725916773,12.997897881301105,1.2575255384068567e-38,2.4125482883928757e-38
SFXN1,2157.6877,0.023362059798037575,0.016626158697207686,1.4051387469290284,0.159980024180587,0.17238453013086538
SFXN2,720.1279,-0.03972020570409949,0.02251520568925822,-1.7641502481609395,0.0777066864772151,0.08531225355854304
SFXN3,2293.788,0.21986709077842764,0.01817323226717572,12.098403164942155,1.0768549077644344e-33,1.966955774912625e-33
SFXN4,1122.0343,-0.48857656029346797,0.013824860502176137,-35.34043328802937,1.4063528695177119e-273,1.611251438970799e-272
SFXN5,1486.717,1.0039636166808557,0.02551800168746609,39.34334784427817,0.0,0.0
SGCA,168.04268,1.6898894167020218,0.047861730247190475,35.3077376846655,4.467666051504854e-273,5.10135800014511e-272
SGCB,2637.7092,1.1804575215425968,0.021440631669016996,55.057030957181595,0.0,0.0
SGCD,830.9591,0.9126230377048956,0.03789356022928774,24.08385573123145,3.690598742522236e-128,1.4586856881966649e-127
SGCE,1256.2645,1.0365243576862495,0.02744319149671374,37.769818346760836,0.0,0.0
SGCG,46.99151,1.512449130722895,0.056336681586554214,26.846613753761968,9.238513851680005e-159,4.538776629014315e-158
SGCZ,2.7871444,1.462617685278987,0.09444990537849458,15.485644791466484,4.3369245427922136e-54,9.526914843192348e-54
SGEF,997.4108,0.929845033721288,0.03473416906836671,26.770326127309648,7.161992848807628e-158,3.498344827468198e-157
SGIP1,256.39954,1.3353729241450867,0.03457430186037502,38.62327949636875,0.0,0.0
SGK196,108.11608,-0.05373373191628341,0.03120712018660851,-1.7218420538317225,0.08509813423405735,0.09319094803244439
SGK1,5779.211,0.18265188375811242,0.027652056826040234,6.605363387873093,3.965434351891019e-11,5.453409752104111e-11
SGK223,1463.6235,0.05227806207322349,0.022123630794000242,2.3629964972748008,0.018127840937191633,0.020478565843984265
SGK269,2356.9343,0.9427446513592284,0.01729591479073516,54.50678167449257,0.0,0.0
SGK2,398.86627,-0.021550264923387956,0.049267829902672006,-0.4374104758817314,0.6618136881249158,0.6762969872275842
SGK3,1179.3734,0.2879942315023211,0.02198253879488836,13.101045069884691,3.247549112159447e-39,6.265218646304764e-39
SGK494,178.4284,-0.35070823005047774,0.025157407275269085,-13.940555408316676,3.591345319823348e-44,7.257191004097622e-44
SGMS1,1553.7701,0.38576927818667617,0.017948043330562418,21.493667642855403,1.784435971001053e-102,5.774810353458979e-102
SGMS2,1613.6587,0.7095884719457808,0.029411582092043857,24.12615784234647,1.3288941220428918e-128,5.263610005967167e-128
SGOL1,197.0379,-0.7073581118692238,0.03260990841304786,-21.691508694522923,2.4676063491285398e-104,8.098983985476051e-104
SGOL2,480.14145,-0.316124240623617,0.02310903059547832,-13.67968419607667,1.3427458768936408e-42,2.6665005177211893e-42
SGPL1,4896.205,-0.1256389564854455,0.013888400731134157,-9.046322821301942,1.4786385398310005e-19,2.302730974712716e-19
SGPP1,1109.2207,0.504979702755081,0.019029827972438865,26.536220058659982,3.704265017885017e-155,1.7761453485426533e-154
SGPP2,525.8321,-0.49815468463684476,0.038197705328571044,-13.041481951645824,7.106222220961717e-39,1.3674440283228694e-38
SGSH,2126.9734,-0.17903631115914093,0.01469629764298241,-12.182409169198618,3.8571711303003604e-34,7.086738294538854e-34
SGSM1,292.79425,0.854625027634785,0.038594929733280034,22.143453389885305,1.2063070208142536e-108,4.100718757181064e-108
SGSM2,2980.9253,0.22479497294609535,0.018094099403031815,12.423661876668431,1.9445287497730503e-35,3.618046135681734e-35
SGSM3,3189.9524,-0.36585497038251485,0.014091441320867462,-25.962920474340304,1.2995722753856103e-148,5.941610589394933e-148
SGTA,4555.9326,-0.11926931545041763,0.01139585546138501,-10.466025640160417,1.2372925039602946e-25,2.0749619512460988e-25
SGTB,562.57654,0.802887404135196,0.019312218794792016,41.574063170396194,0.0,0.0
SH2B1,2717.8276,-0.042710016670480765,0.013965637935125834,-3.05822167729683,0.0022265480111774896,0.002603244183056481
SH2B2,192.43318,-0.26513114650663583,0.02650095629600787,-10.004587892799004,1.4549619872438734e-23,2.3758077557184807e-23
SH2B3,2038.4987,0.5202958174889566,0.020235057692205495,25.71259372733953,8.452027582967318e-146,3.7777130529447114e-145
SH2D1A,229.97159,-1.2385117294796506,0.04321039460306463,-28.662356381068808,1.1245585214189011e-180,6.478462630890608e-180
SH2D1B,27.974766,-0.1265852927730821,0.03583722100744442,-3.5322295985725756,0.00041207141061901174,0.0004931727616714161
SH2D2A,274.0368,-0.9911582944856172,0.031112716546896645,-31.857015538698786,1.052469404582914e-222,8.356951875157388e-222
SH2D3A,819.0401,-0.9959279646829207,0.033607236571116625,-29.634330766096376,5.399371878323536e-193,3.391725148743871e-192
SH2D3C,890.6385,0.46084418667478566,0.0234672702167403,19.637741519081498,7.359933301627404e-86,2.0959698151885902e-85
SH2D4A,1006.60815,-0.1853917387280448,0.02902665698744325,-6.386947653263829,1.6922953426841778e-10,2.3048863313959844e-10
SH2D4B,7.8365474,-0.0063632493112348995,0.03739100193889894,-0.17018129981200178,0.8648675577810688,0.872279728963875
SH2D5,120.30298,-0.2927829090251838,0.04788066753862247,-6.114846013560971,9.665024420946941e-10,1.3002724653806832e-09
SH2D6,10.721237,-0.23014787893100297,0.052873833993690764,-4.352774549287757,1.3442536899237328e-05,1.6715116883379513e-05
SH2D7,5.5412874,-0.07776586531494861,0.04602594359827071,-1.6896093645295833,0.09110271319044172,0.09968077271157108
SH3BGRL2,2610.7434,0.3613199914853917,0.031021434689831567,11.647430078526567,2.3648324330188775e-31,4.22144879472436e-31
SH3BGRL3,11081.9,-0.6389058221716769,0.01821735591415101,-35.07127078059572,1.848524798149538e-269,2.0644057249328825e-268
SH3BGRL,6313.596,0.5482080029371001,0.020796159927821817,26.361020728816797,3.8370375719479334e-153,1.8129089795146898e-152
SH3BGR,264.618,0.9744400438365042,0.02849653147644013,34.19504035577575,2.865279727150501e-256,2.912342983777187e-255
SH3BP1,1700.2302,-1.173774361202635,0.025104838469897767,-46.75490593616294,0.0,0.0
SH3BP2,3159.1104,0.10689677110922119,0.017391572880022865,6.146469433596201,7.922658147297285e-10,1.0679825016276597e-09
SH3BP4,4347.679,0.06216213769177815,0.021222621333488456,2.929050879953682,0.0033999876282895963,0.0039464280572604265
SH3BP5L,2017.6388,-0.09654319970831556,0.010480808089406882,-9.211427104165116,3.218174299962466e-20,5.0500085226557614e-20
SH3BP5,2271.041,0.694203525016117,0.02327378597343277,29.82770082222791,1.7089433365283854e-195,1.097205215653781e-194
SH3D19,2884.1128,0.4658955301790502,0.02028953415012132,22.96235718040202,1.1089481028480203e-116,4.0023177496690035e-116
SH3D20,55.679268,-1.047728306876704,0.03510703650959852,-29.843826510114226,1.0557102473583561e-195,6.7844712518840824e-195
SH3GL1,4998.459,-0.15086467722707753,0.013143421562273673,-11.478341199989597,1.695012477047166e-30,2.99607214969641e-30
SH3GL2,339.1239,2.552048871626087,0.06135091721625888,41.59756671005005,0.0,0.0
SH3GL3,93.45872,1.4653939129262012,0.06654144712600818,22.022272977490477,1.7620083822815298e-107,5.938210338498538e-107
SH3GLB1,5152.036,0.38216716400383094,0.010921602349882837,34.99185849848586,2.992180886586135e-268,3.3071558452772595e-267
SH3GLB2,3358.972,-0.43690475925560374,0.015798092841525335,-27.65553814870604,2.394034180892208e-168,1.2679537432045906e-167
SH3KBP1,2458.8281,0.05753534811431975,0.01990498029139316,2.8905001297186828,0.0038462937252585427,0.004457094538820574
SH3PXD2A,4623.682,0.16448565446003738,0.020751332229157295,7.926510579832642,2.25389448664997e-15,3.3200953515452386e-15
SH3PXD2B,3061.8555,0.4863595514757294,0.02205434256525171,22.05277940327388,8.98336531532108e-108,3.036061328927986e-107
SH3RF1,1830.2319,0.15797686345860654,0.020699203096515708,7.63202635009648,2.3109218680056922e-14,3.3502854312275076e-14
SH3RF2,867.8491,-1.0894011587434502,0.041104704227969524,-26.50307742640736,8.932193871371055e-155,4.272803924512296e-154
SH3RF3,618.6952,0.7333268454352194,0.0246818128293329,29.71122301696183,5.499601461718826e-194,3.485877526747621e-193
SH3TC1,1384.4269,-0.24569059508571559,0.02404876767818878,-10.216348645113595,1.6753300451719393e-24,2.7727863092151462e-24
SH3TC2,236.1272,-0.2282481083284797,0.03917517925269457,-5.826344963380868,5.665444871557579e-09,7.516636828937162e-09
SH3YL1,2284.671,-0.15177117240547483,0.021221585986357993,-7.151735619714704,8.568748344763317e-13,1.2124766996874921e-12
SHANK1,154.91132,1.1703098376307166,0.05426897173441259,21.56499008969815,3.829998446797113e-103,1.2462032663951163e-102
SHANK2,1151.6257,0.3774089270588649,0.03551963133905132,10.62536160514511,2.2713020114923317e-26,3.840013091842915e-26
SHANK3,1591.7073,0.6962574080389308,0.02144496771022775,32.46716980165303,3.100712189664341e-231,2.6281182127134185e-230
SHARPIN,3029.1567,-0.4760442362778722,0.013571006634750013,-35.07803430431682,1.4578564181349836e-269,1.6290065212299743e-268
SHBG,68.49633,0.08274894269673197,0.05358326997427465,1.544305577775671,0.12251432196637824,0.13308446702131546
SHB,1792.9435,-0.2826783558452483,0.019562596816217935,-14.44994028660347,2.5090328759490114e-47,5.199653941515261e-47
SHC1,8173.051,-0.16013299859350172,0.01757208748537219,-9.112918355704965,8.019515742764841e-20,1.251681393797527e-19
SHC2,1562.4343,0.24117790275817752,0.03433928039965676,7.023382550572848,2.165602008769594e-12,3.0454853420280557e-12
SHC3,86.87192,1.347734403047505,0.043532075734733194,30.959571311509503,1.8885842662059724e-210,1.3692908502737677e-209
SHC4,212.62344,0.9372270090482075,0.04757063739517557,19.701796325799442,2.081039921671081e-86,5.948040399452693e-86
SHCBP1,519.5004,-0.49465708135877917,0.02811829544015079,-17.592000994926828,2.83681148443168e-69,7.090809700619346e-69
SHD,366.82025,2.338186147270949,0.07594949518567295,30.786065681606036,4.026402965209901e-208,2.8622045380135612e-207
SHE,633.82886,1.1594960749387382,0.032269839696908525,35.93126231271049,9.930426952803016e-283,1.2062861714326766e-281
SHFM1,4780.673,-0.7202023568047042,0.01583489548805506,-45.48197727910384,0.0,0.0
SHF,549.8571,0.03030280770795621,0.030899748892920513,0.980681358057862,0.3267498996754874,0.3436638532568708
SHH,91.01699,-0.6549735002210199,0.06437712542191204,-10.174009726723314,2.590211611110593e-24,4.2751615882124494e-24
SHISA2,828.2842,0.4144816181468682,0.04838292600832575,8.566691854799027,1.0650038741650498e-17,1.6206303815028216e-17
SHISA3,207.5127,1.5159719586591778,0.055117384190182646,27.504424981931535,1.5542184930765485e-166,8.109260456316107e-166
SHISA4,867.91003,0.8709158689766139,0.02766621051998075,31.479405838672115,1.662525287065583e-217,1.2719786666429238e-216
SHISA5,10045.005,-0.3240181964153682,0.0127377977733604,-25.437536549136773,9.698572357381517e-143,4.226310672601248e-142
SHISA6,39.098328,1.5428174925320663,0.05765267429142081,26.760553807677404,9.306497432793108e-158,4.539314356354453e-157
SHISA7,134.65472,2.946728451801356,0.06768912651632099,43.53326159543291,0.0,0.0
SHISA9,275.542,1.2098927264348038,0.057484194418357046,21.047398135728866,2.4158275467499965e-98,7.557442075028145e-98
SHKBP1,3271.0425,-0.530017279777196,0.014617185221435269,-36.259873002084966,6.945191290481612e-288,8.760666015050504e-287
SHMT1,3379.083,0.3188191404763941,0.029262290730592607,10.89522154679028,1.2147057308761144e-27,2.080090333493718e-27
SHMT2,5815.515,-0.29129067066951875,0.017736118729141218,-16.423585967030963,1.2967150002497892e-60,3.0140222274329783e-60
SHOC2,2254.7478,0.20623443935844563,0.01178336906440036,17.502162431754456,1.3793154979232663e-68,3.4295901590400315e-68
SHOX2,141.1833,0.6623844189577556,0.04679791716735611,14.154143155324055,1.760707125475668e-45,3.5964920605557463e-45
SHOX,2.295582,0.08339685857345631,0.08851627671334274,0.9421641043887837,0.3461086285450641,0.3634801180516331
SHPK,958.761,0.024955413166839746,0.014289736963351948,1.746387160998235,0.08074369940144124,0.08853670362007553
SHPRH,613.50446,0.42251717256980986,0.022265564588721115,18.97626134231696,2.680014027123586e-80,7.315956768330529e-80
SHQ1,844.07227,-0.09463223450591707,0.01117809048384142,-8.465867640158528,2.5425277689032533e-17,3.847429972283435e-17
SHROOM1,1233.3478,-0.327194435274125,0.0301961891826244,-10.835620127270907,2.3337876998123954e-27,3.984701759516987e-27
SHROOM2,1005.219,-0.04682123365313431,0.024632392488254665,-1.900799269720139,0.05732830977826172,0.06341122779396015
SHROOM3,3413.82,-0.0913724012187058,0.03318930646984147,-2.753067506901184,0.005903972073948104,0.006793972838204243
SHROOM4,889.5277,1.019562368683898,0.0262567452359208,38.83049325127607,0.0,0.0
SIAE,2498.9392,0.28953489330685905,0.023141912606021407,12.511277621518785,6.477393382721136e-36,1.2110685267592947e-35
SIAH1,1259.2565,0.06499333561352762,0.010968729069641652,5.925329653132818,3.1167152077403844e-09,4.153240274537667e-09
SIAH2,2523.5056,-0.4481072783444757,0.02000469343553444,-22.400107244258013,3.926320838281447e-111,1.3629320707002892e-110
SIAH3,19.923502,0.3509815286461365,0.05961095053700103,5.887870021939666,3.912045855830869e-09,5.203877267485179e-09
SIDT1,534.74817,-0.06525659096268215,0.03474505785074585,-1.8781546210976106,0.06036001595112298,0.06668853121771925
SIDT2,2557.4172,0.2904193936576193,0.015079785875867297,19.258853941844595,1.189829015425645e-82,3.305639864226352e-82
SIGIRR,1761.2423,-0.6860766216184468,0.02120495706928932,-32.354539524726356,1.1976648123754522e-229,9.997235717569426e-229
SIGLEC10,500.71945,0.25770033116417435,0.031182250806899472,8.26432744576459,1.404845089136348e-16,2.105354521142945e-16
SIGLEC11,63.400345,0.035342501362051006,0.041793336775090346,0.8456491893012915,0.3977484761552452,0.4154828746046505
SIGLEC12,56.717716,-0.6192774426161753,0.04554533573211837,-13.596945387746116,4.175097496010202e-42,8.25090370037582e-42
SIGLEC14,136.07295,0.006417587635496588,0.03708702831412857,0.17304130115627955,0.8626189636456935,0.870214109866783
SIGLEC15,45.68249,-0.38905456938735455,0.04707427605183852,-8.264695753556039,1.4005146964628814e-16,2.0990193393174176e-16
SIGLEC16,24.36708,0.14923813562251567,0.029624827204971345,5.037603581278341,4.713964721577048e-07,6.039368684575365e-07
SIGLEC1,877.13666,0.2994990833360684,0.03219522948727548,9.302591971100544,1.3706284859009482e-20,2.1614736905079323e-20
SIGLEC5,115.74182,-0.29365276791264777,0.03518878287983579,-8.345067486858701,7.117322963156232e-17,1.0707276894029242e-16
SIGLEC6,35.097588,0.7783639181831555,0.05458091721667989,14.260733565417038,3.843925097081217e-46,7.892141090306222e-46
SIGLEC7,120.29794,0.19994970309783286,0.029627098068858233,6.748879104970624,1.4899166524792676e-11,2.063203178331207e-11
SIGLEC8,177.62991,1.3171391845929894,0.04147963991401505,31.753872196657074,2.8075450907873477e-221,2.2052010225053863e-220
SIGLEC9,132.80559,0.24862406695058722,0.02954480666430916,8.415152949737564,3.9238260550882934e-17,5.919612794037981e-17
SIGLECP3,32.776234,-0.03183113836854996,0.03981209617949022,-0.7995343481800448,0.4239806382122496,0.4415028291833252
SIGMAR1,4083.6418,-0.4212479898783396,0.017439688440075034,-24.15455937333977,6.68680743581514e-129,2.6594395894854553e-128
SIK1,4671.3633,-0.07445672267830228,0.02796744998442286,-2.6622635499401173,0.007761708004680496,0.008895052815496213
SIK2,1851.228,0.568362751187744,0.01681652367408357,33.797874174414794,2.1192475849513585e-250,2.0653787258030019e-249
SIK3,2233.4414,0.5227346946679944,0.01449635423955141,36.059735160291616,9.70620900682016e-285,1.1932893065812298e-283
SIKE1,1616.1339,0.10040353528245614,0.011226112760021447,8.943749045530193,3.761862408743025e-19,5.831259081741986e-19
SIL1,2774.3245,-0.408891483816609,0.01858806061305328,-21.997533380619014,3.040706362467445e-107,1.0228972378300513e-106
SILV,14967.477,-2.6887501671411322,0.07074226245775925,-38.00769262570031,0.0,0.0
SIM1,60.78728,2.1039053078779517,0.10242123279384002,20.541690921772304,9.132704701877451e-94,2.752927672868271e-93
SIM2,562.26764,-0.32707618166655,0.03873524260337223,-8.443891394088629,3.069443952990782e-17,4.6382252979246894e-17
SIN3A,3623.0698,0.1665592836085757,0.00991068167765328,16.80603706444689,2.204235407926718e-63,5.25172951082271e-63
SIN3B,2640.5515,0.18327343151778638,0.01178545378870684,15.55081669349077,1.5708978325287626e-54,3.4634945822452975e-54
SIP1,339.14832,-0.061479327199911143,0.014108775259986049,-4.357524027919907,1.3154206143077707e-05,1.6359589668107454e-05
SIPA1L1,2639.4167,0.25490435221414803,0.014494607996174243,17.586150124337845,3.145342022482512e-69,7.858144341111972e-69
SIPA1L2,2174.1775,0.32931177452827215,0.022370843699317043,14.720579114247967,4.755701980922416e-49,1.0011512421631626e-48
SIPA1L3,3170.4368,-0.3158485766753176,0.018106870477841628,-17.443576296734374,3.8519773369220245e-68,9.546245478076141e-68
SIPA1,2348.2092,-0.28918190392392223,0.01676467437697297,-17.249479317124493,1.1291232086130434e-66,2.7596421853725035e-66
SIRPA,4738.1216,0.5060305123358143,0.026787504032543173,18.890543580359562,1.364336520062746e-79,3.7079865454488644e-79
SIRPB1,357.70633,0.19736688392126586,0.031440110448844316,6.277550590746118,3.43948366765192e-10,4.66145972505162e-10
SIRPB2,185.12976,-0.23542076910697693,0.03474179277885925,-6.7762988112183145,1.2329354856065874e-11,1.7108324394400567e-11
SIRPD,2.6790473,-0.5951418961418083,0.05822470476427673,-10.221466962370116,1.5891747742107604e-24,2.631262949589856e-24
SIRPG,128.54869,-0.8249957480423029,0.03860126283457605,-21.372247627695096,2.4218895780324733e-101,7.745405265341365e-101
SIRT1,1189.2701,0.4343128535920061,0.013014812028019043,33.37065895819257,3.6544977366125606e-244,3.405122170237763e-243
SIRT2,3246.7212,0.6511683264624698,0.01719560275637839,37.868304803734254,0.0,0.0
SIRT3,1570.2048,0.0028517715322857666,0.012268649468696654,0.23244380235673334,0.8161933310429854,0.8256424538757895
SIRT4,56.513504,0.2406229346460138,0.02120024556355183,11.350006957452454,7.415680012304762e-30,1.3005067565725958e-29
SIRT5,953.25354,-0.08732412510067007,0.013330598458229448,-6.5506530238904475,5.728602139273273e-11,7.856423775915431e-11
SIRT6,913.41095,-0.5096148760543753,0.013654331629708262,-37.32257937441524,7.063080854492443e-305,1.0140850713442288e-303
SIRT7,974.10986,-0.7651685823479337,0.01332380885501437,-57.42866703314834,0.0,0.0
SIT1,180.9745,-1.1762474886088168,0.040134014889887916,-29.30799452374703,8.202988674425622e-189,5.019676778558198e-188
SIVA1,2811.812,-0.4894937741656433,0.015755286881580278,-31.06854085519174,6.41028569849294e-212,4.699568114354259e-211
SIX1,616.944,-0.14455691399975493,0.044429799574325066,-3.2536026582323583,0.0011395154394476742,0.0013452823909373846
SIX2,340.70267,-0.20048783310980342,0.04941164624815382,-4.0575015878426495,4.960048014662017e-05,6.0828635341548104e-05
SIX3,39.02709,-0.691301854583328,0.07171028451721692,-9.64020515658885,5.407978550679822e-22,8.665279026703171e-22
SIX4,538.7098,-0.22991109208839955,0.03561137724299971,-6.456113463951867,1.0742607869644599e-10,1.467450037695212e-10
SIX5,1366.5607,-0.08682561728549673,0.019346042217355967,-4.488029970678067,7.188481786049374e-06,8.9873680104507e-06
SIX6,4.267173,1.183807072726074,0.10939328237512959,10.82157009117418,2.720759241278628e-27,4.641912125466487e-27
SI,139.019,-1.390502474634312,0.1667587717160986,-8.338406791587536,7.529814888243663e-17,1.132280828050467e-16
SKA1,359.6639,-0.833011269065563,0.031034551634944417,-26.841414655000378,1.062424718844811e-158,5.218312388651751e-158
SKA2,1788.5438,0.1765350736913126,0.014530812757173703,12.14901579432707,5.806031114870397e-34,1.0646220613135765e-33
SKA3,479.0142,-0.8990111246762235,0.030954971184973874,-29.042544388237726,1.9113593513779002e-185,1.14215923201358e-184
SKAP1,418.93695,-0.5276861793453697,0.035952339813345835,-14.6773807236181,9.000038618049768e-49,1.889961693913102e-48
SKAP2,2074.4578,0.262297926373873,0.022245134082535072,11.791249511047289,4.3306769660156624e-32,7.778407794540175e-32
SKIL,1287.4796,0.1797488022964423,0.022688051265058497,7.922619717157927,2.3255799889360485e-15,3.4247003974501997e-15
SKINTL,2.5593874,0.3153766135864896,0.049513004650505475,6.369571303794223,1.8955727975968604e-10,2.5795044840768984e-10
SKIV2L2,2694.197,0.10321314708070459,0.009990979596369768,10.330633356333465,5.122125275464189e-25,8.532265462540944e-25
SKIV2L,2556.137,-0.171503016914159,0.009683973347033326,-17.709984400845006,3.5116974932715215e-70,8.836318040478916e-70
SKI,4559.401,0.43009980509800666,0.013034076108980146,32.99810446876851,8.647153637027288e-239,7.745156220688014e-238
SKP1,10822.106,0.28262454533227355,0.011752867121885849,24.04728500724545,8.911998036957221e-128,3.5121828887807212e-127
SKP2,510.543,-0.48603170253545563,0.02334568998632123,-20.818905023592478,2.917767820879648e-96,8.979878456979526e-96
SLA2,158.99913,-0.7418848598035903,0.0332753574752654,-22.29532350944858,4.1019604126978875e-110,1.4087687591450116e-109
SLAIN1,814.41284,1.7209865933371036,0.03928497378353053,43.80775720559585,0.0,0.0
SLAIN2,2631.7368,0.13170061481094147,0.011894479864933182,11.072414792950788,1.7073679964729547e-28,2.947787062431554e-28
SLAMF1,116.83451,-0.872304798617889,0.04005155311822584,-21.77954987270989,3.6261753712086225e-105,1.1996312054344548e-104
SLAMF6,272.74414,-0.4955164236307012,0.03642597827027406,-13.60337998211223,3.8234686597442936e-42,7.559677424855209e-42
SLAMF7,948.9797,-0.6968562178690774,0.03831702121905468,-18.186596862141716,6.590749253491791e-74,1.710620398417126e-73
SLAMF8,901.168,-0.1581438001856798,0.03048241091175633,-5.188034524024068,2.125252096365815e-07,2.7419523086129043e-07
SLAMF9,33.487503,-0.6614158993066114,0.0507138107214077,-13.04212580158977,7.046457446574805e-39,1.356071719017076e-38
SLA,1065.9668,0.17167332496381005,0.02829600537689702,6.0670516094818465,1.302797029136312e-09,1.7486580113519368e-09
SLBP,2444.3743,-0.2525882192747185,0.011572185166489212,-21.827184377084166,1.2807044180715098e-105,4.2555673653530066e-105
SLC10A1,206.81253,-0.24128083879554654,0.10862322304973901,-2.221263851516016,0.02633309571052079,0.02956084558725699
SLC10A2,58.382412,2.3954906532833795,0.13746203036560398,17.426562425363272,5.187200570864231e-68,1.2834980119375897e-67
SLC10A3,1784.9001,-0.3686750905543413,0.015386951968614756,-23.960241853379365,7.2267570707564765e-127,2.8277829560547972e-126
SLC10A4,89.98329,0.11638365145866109,0.05322597532696252,2.1865949988464557,0.028772102767899044,0.032249022255651655
SLC10A5,26.896183,-0.2304026129323966,0.030706250092372017,-7.503443508708762,6.216277991851425e-14,8.95473032166583e-14
SLC10A6,46.291325,-0.9637073091965499,0.04919847782088601,-19.588152964916155,1.951423010632406e-85,5.539461945547288e-85
SLC10A7,465.5777,-0.005035506979197242,0.015979820908792138,-0.3151166091246175,0.7526731182142095,0.7642729183901791
SLC11A1,604.69165,0.33255339817439394,0.03255510600420319,10.215091854760296,1.6971832744043123e-24,2.8082700165472526e-24
SLC11A2,3391.0764,0.10581469958567256,0.014065925609451354,7.522768321380301,5.362840578046887e-14,7.736276576805539e-14
SLC12A1,681.7346,5.77517437370532,0.07873019174000093,73.35399858769927,0.0,0.0
SLC12A2,4466.7485,-0.3734945218925791,0.031638477355398785,-11.805072592371328,3.674736989446526e-32,6.60492366629662e-32
SLC12A3,130.48697,3.901296284976303,0.05985426384439768,65.17992260532098,0.0,0.0
SLC12A4,2740.643,0.641220465700889,0.01667042374168175,38.46455708846914,0.0,0.0
SLC12A5,112.048874,2.4143431567328424,0.05191841758176754,46.5026337316702,0.0,0.0
SLC12A6,1696.9186,-0.03135886864566537,0.02092219183069492,-1.498832861271199,0.13391699727321113,0.14508387332297282
SLC12A7,4931.911,-0.20340683761028155,0.021196192251699223,-9.59638576565445,8.279689852038631e-22,1.322606557062805e-21
SLC12A8,1004.2279,0.012002392756866705,0.03065756353255707,0.3914985854671934,0.6954287340355182,0.7087267155343202
SLC12A9,2374.91,-0.29836366533132225,0.012499317182425411,-23.870397156641058,6.219028457613506e-126,2.416282449781553e-125
SLC13A1,151.20175,1.8669769211439424,0.15175004028979167,12.302974797098194,8.729870023797573e-35,1.6145659866869076e-34
SLC13A2,175.85751,0.5251509721598832,0.07996584599803305,6.5671908501136915,5.127331449743659e-11,7.0370325593455e-11
SLC13A3,808.8101,1.0046259270931823,0.04587865482782723,21.897458215881183,2.746823165547632e-106,9.181180894333316e-106
SLC13A4,35.336777,-0.32825067954944187,0.041158673074198966,-7.975249322486334,1.5207351612840587e-15,2.2461293636522163e-15
SLC13A5,610.1966,-0.20501956924681392,0.07749399839178998,-2.6456186737234413,0.008154167921844408,0.009339561447022802
SLC14A1,825.52313,1.1195301595699256,0.05172016255079477,21.64591339925559,6.641482463032266e-104,2.1742071308067842e-103
SLC14A2,42.707058,0.7218771004199506,0.05788220666169366,12.471485488435734,1.0681602603519341e-35,1.9929137408820587e-35
SLC15A1,301.3324,-0.7802517129740786,0.06065859466176819,-12.863003459357335,7.269610977736293e-38,1.3842312934505537e-37
SLC15A2,977.4925,0.880158067605723,0.039489624774825274,22.288337066368527,4.794731791233727e-110,1.6458597966232918e-109
SLC15A3,1670.873,-0.13693259938711427,0.02473586544027745,-5.53579173195803,3.098255560250106e-08,4.053295524426932e-08
SLC15A4,1465.2607,0.29874539562398,0.01450295693362651,20.59893006586194,2.8057343804083577e-94,8.487659175443352e-94
SLC16A10,156.20334,0.08176046404982323,0.03243196376438525,2.520984071263901,0.011702714948966176,0.013332712571124923
SLC16A11,163.50706,-0.00039755655638405295,0.04519192217806007,-0.008797071184926496,0.9929810432524241,0.9931761758573374
SLC16A12,539.18524,1.948180302215265,0.059964364063409256,32.488967950284,1.5265345287295196e-231,1.2960265417182773e-230
SLC16A13,289.79974,-0.08833000836572857,0.026742808567709896,-3.3029443464057473,0.0009567537405038575,0.0011320130994896284
SLC16A14,469.2802,0.05350212876453809,0.0302588480997762,1.768148231820292,0.07703612598536255,0.08459430900409905
SLC16A1,3717.5422,0.08096094635738822,0.02753641936696494,2.9401406652934674,0.00328063275285226,0.003811367394163385
SLC16A2,1292.2549,0.9979941092041698,0.02904451505524805,34.360846008473544,9.69990035452625e-259,1.0014212541470585e-257
SLC16A3,4431.0996,-0.386285252547286,0.029379899909804726,-13.147943108491463,1.748668377173145e-39,3.381888428884588e-39
SLC16A4,982.8756,1.118303822357796,0.03898219450605172,28.68755431878487,5.455090819648088e-181,3.154223061551134e-180
SLC16A5,661.17346,-0.3269367942416663,0.030382998346761277,-10.760517790585885,5.287224736008974e-27,8.999465629998051e-27
SLC16A6,231.36304,0.1644986013331013,0.041226929123251946,3.9900765065793915,6.60519860772047e-05,8.078046402029258e-05
SLC16A7,154.64871,0.7291211787990625,0.03997873229963802,18.23772633244962,2.590104191732625e-74,6.74235152020004e-74
SLC16A8,34.828026,-0.49707167089208193,0.0342315247519496,-14.520874383890014,8.936301734429214e-48,1.8593169852963144e-47
SLC16A9,1205.4908,0.9888241668692557,0.042576564111147394,23.224611649918497,2.568914790905624e-119,9.486765142036568e-119
SLC17A1,171.40764,1.192339338270122,0.1531786576233977,7.783978243245779,7.027884907377021e-15,1.0266248750038657e-14
SLC17A2,102.78278,0.5108648814482758,0.17973664587894467,2.842296733368169,0.0044789782283761286,0.0051793432779455644
SLC17A3,648.65955,1.9343498259445508,0.13226778158186148,14.624497385611384,1.960130434883581e-48,4.101788007379466e-48
SLC17A4,274.5305,0.8242158340210084,0.11994619032183693,6.871546581091829,6.350954607782382e-12,8.865209794983991e-12
SLC17A5,1836.2394,0.5468513584257477,0.0213246764172514,25.644063606205613,4.924491417309163e-145,2.185692626226232e-144
SLC17A6,8.976602,3.445902889652504,0.15998816704714777,21.53848595963358,6.78896851128818e-103,2.2047632783747976e-102
SLC17A7,376.24673,3.7568257926397344,0.05028935222389247,74.70419932859797,0.0,0.0
SLC17A8,19.60642,1.944885368887347,0.07529521997069885,25.830130646330534,4.0688394585254624e-147,1.8383822134070105e-146
SLC17A9,815.8778,-1.0990247511932247,0.03830073154978575,-28.694615134560596,4.4536380468118947e-181,2.575898210086459e-180
SLC18A1,132.07253,-1.9970900459938212,0.08526631064785523,-23.421794971775945,2.5632690043675335e-121,9.591176927020513e-121
SLC18A2,96.5343,-0.6417491291138615,0.052355468995890414,-12.257537587223885,1.5308122438728318e-34,2.8222228083860347e-34
SLC18A3,28.00755,-0.4643707415494612,0.09221109855613005,-5.035952817184939,4.7547767976072835e-07,6.090505903012879e-07
SLC19A1,1014.24646,-0.5308811322788649,0.02042007148520384,-25.998005573268223,5.216082802707946e-149,2.3906850468332074e-148
SLC19A2,1239.0936,0.12410738362022546,0.022314168108904735,5.561819872222747,2.6697578227603616e-08,3.4972075352965e-08
SLC19A3,335.21484,1.098486795017874,0.04796597108994264,22.901377165033594,4.501662120807816e-116,1.6175315763770972e-115
SLC1A1,1285.7117,0.8589517154805383,0.037860515252245854,22.687269567193383,5.9838944407623855e-114,2.118714902947503e-113
SLC1A2,3313.5762,3.418875075771201,0.061675452827653646,55.43331940058765,0.0,0.0
SLC1A3,3937.2896,2.7616165107717476,0.04354715371652286,63.41669374648296,0.0,0.0
SLC1A4,3463.4949,0.11640849874308647,0.02514533370965752,4.629427474982274,3.66678119696326e-06,4.610994341505559e-06
SLC1A5,7725.6226,-0.7659843080140394,0.025509813972138935,-30.027044056480566,4.354305732879716e-198,2.8522944149195024e-197
SLC1A6,91.89227,-0.12286978530367941,0.09191132969767304,-1.3368295911705228,0.18127826771916056,0.19455162111198682
SLC1A7,148.41486,-0.7885207101773238,0.04987413749953261,-15.81021246101175,2.645730962203644e-56,5.917868233300813e-56
SLC20A1,3168.5146,-0.07293280473342004,0.01944666874582835,-3.7504009394444693,0.00017655204382097553,0.00021357237434053717
SLC20A2,3225.78,0.2975751951641716,0.020842138233646643,14.277575161831482,3.0192537705787497e-46,6.203975324506738e-46
SLC22A10,40.706882,-0.39396518713677575,0.1071805043835946,-3.675716861032774,0.00023718246377221408,0.0002860662191906698
SLC22A11,346.85675,1.4952508308302102,0.07540809813230968,19.828783219100288,1.6805612163230464e-87,4.849687569542296e-87
SLC22A12,225.64072,2.5965628343802205,0.1425200738463671,18.218927090784746,3.652464065866062e-74,9.499299427308018e-74
SLC22A13,11.571882,1.7469977095872635,0.06034377698179599,28.95075179192518,2.745780461307194e-184,1.6259844215169621e-183
SLC22A14,3.5199103,-0.170973025992093,0.039854745943552525,-4.289903798013095,1.7875053130796933e-05,2.2160407178778146e-05
SLC22A15,267.58475,-0.15224686886925906,0.026625326738665255,-5.718122085922289,1.0770774827986576e-08,1.4204055235327031e-08
SLC22A16,32.859924,-2.1005301447392677,0.059177560694531804,-35.49538237275406,5.7916352287246654e-276,6.718626873025952e-275
SLC22A17,2672.82,1.2054757254418191,0.038132349098278416,31.61294160857883,2.4515996418721126e-219,1.9014139850999749e-218
SLC22A18AS,105.815094,-0.850660343263811,0.0365895346718585,-23.2487335762175,1.4651182528812966e-119,5.415457972115163e-119
SLC22A18,1551.8446,-0.6719437651935797,0.02871902204088334,-23.39716736304688,4.56697551199268e-121,1.705724719292955e-120
SLC22A1,250.02313,-0.4635424764086552,0.06586011220295271,-7.038288592345781,1.94615291072109e-12,2.737819728397642e-12
SLC22A20,50.106133,-1.9366839136365466,0.03869166254233093,-50.054295586748225,0.0,0.0
SLC22A23,2426.0732,-0.29786070215971655,0.024850765729019304,-11.985976826939051,4.208539013655463e-33,7.633108755368514e-33
SLC22A24,3.6865625,1.818425361622478,0.14786349759369424,12.29800046133919,9.284408252045213e-35,1.7166585015292752e-34
SLC22A25,22.215824,-0.10428317408717391,0.12866530374848398,-0.8104995756356161,0.4176531088420281,0.4351586306507088
SLC22A2,880.5041,1.7371190350022314,0.10439089850536826,16.64052192167788,3.5451462565724246e-62,8.351727914551954e-62
SLC22A3,1588.9014,0.2158096088923291,0.05066507162749857,4.259534270059099,2.0485329055497962e-05,2.5342456963048126e-05
SLC22A4,183.29848,0.5263674847044569,0.02920763862391506,18.021569339517576,1.3194692718588218e-72,3.383258804253621e-72
SLC22A5,1098.8285,0.2388486151765222,0.024017098971405162,9.944940288620876,2.6533310456678957e-23,4.3177337350134033e-23
SLC22A6,141.54451,3.023239484610795,0.16535487340293234,18.283340686571997,1.1233018720015317e-74,2.9361025564358945e-74
SLC22A7,492.41016,0.2571664210868082,0.12743069916182775,2.0180884416260283,0.04358205123103072,0.048475031742381686
SLC22A8,59.88122,4.524975652107636,0.12873813352399865,35.14868149975248,1.217601889457609e-270,1.366546685086409e-269
SLC22A9,83.542984,-0.1347916984932552,0.12204743864800689,-1.1044205432446936,0.2694107534256558,0.285361507153266
SLC23A1,209.11385,0.2904832893934864,0.05229839487496619,5.554344260239099,2.7865582647377205e-08,3.6497387874289276e-08
SLC23A2,2924.886,0.5788688270514906,0.022179704511043227,26.09903241782473,3.739175177079652e-150,1.731707630349514e-149
SLC23A3,145.54642,1.3679076966517398,0.04619037653895215,29.61456041602495,9.704931339130467e-193,6.0869592462525316e-192
SLC24A1,664.79364,0.21349923613452848,0.015453652103483533,13.815455059092594,2.056505456934865e-43,4.120904980092216e-43
SLC24A2,34.453983,1.6510796769220333,0.07052712782009994,23.410561693843462,3.3360978878015395e-121,1.247146839841196e-120
SLC24A3,744.77563,1.0896776998286706,0.035734444735151354,30.49376331169835,3.1524263890780105e-204,2.1748644139355885e-203
SLC24A4,83.77151,1.1673235507274984,0.04903869540105182,23.804131434998588,3.026456154354704e-125,1.1700649610046984e-124
SLC24A5,228.90916,-1.0203959334876802,0.06015786316217756,-16.9619710516783,1.569887144962495e-64,3.767692135363838e-64
SLC24A6,1748.4979,-0.32219280857775817,0.015043460526726705,-21.41746628080287,9.185095687552996e-102,2.947192483891118e-101
SLC25A10,2484.8577,-0.8613879059610489,0.024455687475109972,-35.22239588798047,9.081881068272958e-272,1.026071124689063e-270
SLC25A11,2955.812,-0.09895444150631656,0.012709580470496442,-7.785814939842099,6.926527335550141e-15,1.0119639040148212e-14
SLC25A12,1188.125,0.2777877040050224,0.014838470701291752,18.72077720117342,3.3522412328634263e-78,9.003730773069459e-78
SLC25A13,1932.7468,-0.010987977171809655,0.018739453501569817,-0.5863552622219844,0.5576368016721556,0.574017981860826
SLC25A14,350.1635,-0.10834822243373093,0.012336983266924083,-8.782391942138448,1.6003429295065243e-18,2.458786635108545e-18
SLC25A15,1158.6849,-0.09079247336243476,0.025811706149769905,-3.5174921346004906,0.00043564526115250286,0.0005211105682610932
SLC25A16,594.54645,-0.02863217722351859,0.017229042520139497,-1.661855392721311,0.09654177252860102,0.10550721707605283
SLC25A17,1236.3892,-0.07421854812410536,0.010390404792233264,-7.142989095052684,9.132287380886424e-13,1.2916787466129409e-12
SLC25A18,462.57953,1.7971972494283388,0.05228108107651778,34.37567113040353,5.825071973586294e-259,6.026048796252203e-258
SLC25A19,640.10864,-0.512649334986454,0.015031927624441813,-34.10403161819977,6.427897517075418e-255,6.4784933440662584e-254
SLC25A1,4190.184,-0.39658328868212916,0.016687859612485565,-23.76477858103579,7.729369525591856e-125,2.9769624323027738e-124
SLC25A20,930.24713,0.1256917065330224,0.020651245909285715,6.086398229198648,1.1547900330612958e-09,1.5518396226465295e-09
SLC25A21,27.422756,0.3971416944218891,0.03672396309785209,10.81423846777357,2.9473026268216233e-27,5.026734873038571e-27
SLC25A22,1738.8243,-0.37897465228605076,0.016341757659845736,-23.190568614124718,5.668938383533356e-119,2.086673595197172e-118
SLC25A23,4995.013,0.46358894613350127,0.02022936070778875,22.916638485516216,3.1713625499062756e-116,1.1415447339735126e-115
SLC25A24,2014.9728,0.020039700129345292,0.022100913951784096,0.9067362631728444,0.3645462820085519,0.3820942007522708
SLC25A25,2010.6876,0.31905106915730463,0.02162525423745694,14.753633212999581,2.915379004394162e-49,6.149419928559961e-49
SLC25A26,841.50476,0.016637257884536957,0.011495013881365855,1.447345610561376,0.14780015069930477,0.15963200361205018
SLC25A27,333.96902,0.5141202345565634,0.031961977913883145,16.085369808520134,3.231171306341901e-58,7.357501020670479e-58
SLC25A28,1524.9873,-0.298832686063531,0.012974457702940612,-23.032383541995877,2.2090029588569076e-117,8.026609180683166e-117
SLC25A29,2687.546,-0.05472508494811644,0.026245299008947672,-2.0851385586980475,0.037056725092842385,0.04134359196433462
SLC25A2,2.3394558,-0.420568576519051,0.03614270560914486,-11.636333512691934,2.693473597139197e-31,4.803050623119639e-31
SLC25A30,1045.0715,0.49721192488610555,0.02206569183665493,22.533257899494025,1.9599737016084563e-112,6.862098811873871e-112
SLC25A31,0.73067045,-0.6141858607579056,0.07727250543629481,-7.948310428011865,1.8907238858089277e-15,2.7889615701480917e-15
SLC25A32,1247.8134,-0.06567600596542499,0.013088414965490925,-5.017873144959657,5.224665558096632e-07,6.686507800935965e-07
SLC25A33,548.62915,-0.024387983721718312,0.01997918753638139,-1.2206694430045597,0.22221120183621756,0.2368957353607139
SLC25A34,110.98718,0.37417770079892065,0.029610529486319048,12.636643359309126,1.325946185189186e-36,2.4956030677883553e-36
SLC25A35,450.02606,-0.7137255694126629,0.023911376798532547,-29.84878601622239,9.103055425989133e-196,5.855579950006722e-195
SLC25A36,3094.4094,0.09216549054483252,0.016669663387402132,5.528935312184246,3.221801086330436e-08,4.2130289881560376e-08
SLC25A37,1446.0901,-0.2805282166064739,0.020586330932829962,-13.626916691555888,2.7703999562657838e-42,5.487165357487605e-42
SLC25A38,1888.2743,-0.12900863093250814,0.014540513334285575,-8.872357389770707,7.161352218933187e-19,1.1052836769407988e-18
SLC25A39,7970.479,-0.7155166142572166,0.013694471927810929,-52.248572856915736,0.0,0.0
SLC25A3,16952.36,-0.22268965402281457,0.01066299357355622,-20.884346641179228,7.431410484351186e-97,2.2972378689782235e-96
SLC25A40,360.73083,0.16431076024050492,0.018381922730959357,8.938714553715759,3.937234215372386e-19,6.102173522439586e-19
SLC25A41,13.831236,0.255106747807944,0.038710271060235085,6.590156586890993,4.3936293778760404e-11,6.037792811621891e-11
SLC25A42,1020.84985,0.44906896364063736,0.025739924177072295,17.446398076053512,3.6663624017416383e-68,9.088453931213689e-68
SLC25A43,1061.6812,-0.30542319006477203,0.019571218932968842,-15.605731615942897,6.654252137920377e-55,1.471902643154291e-54
SLC25A44,2180.9434,0.15745764150233038,0.012151634590674126,12.957733408406847,2.1243209739139324e-38,4.0636146488690924e-38
SLC25A45,362.81454,-0.17762111161626157,0.020797572722288105,-8.540473159442813,1.3367333834437909e-17,2.030179407201204e-17
SLC25A46,1175.4012,0.3069138940256374,0.013501054490156943,22.732586869373467,2.1338569145007513e-114,7.569819292964069e-114
SLC25A4,2330.73,0.4242709790799187,0.022693067215487275,18.69606144692365,5.329916123257881e-78,1.4294791510131367e-77
SLC25A5,16000.752,-0.5815585768026682,0.017141616923399224,-33.926704779454596,2.691057166623044e-252,2.6544201964766737e-251
SLC25A6,28605.664,-0.42044390592050224,0.016428611175182028,-25.592175835024214,1.8643684297712766e-144,8.229981973485129e-144
SLC26A10,70.31323,1.4330575509444405,0.03887578402444304,36.86247330840735,1.8461150134820457e-297,2.5006690325669307e-296
SLC26A11,986.09595,0.16655147468382764,0.018302655043880428,9.099853233562134,9.045397993213485e-20,1.4113677018993971e-19
SLC26A1,210.2532,0.10298504267582043,0.03277871916198355,3.1418263223433547,0.001678975968874678,0.001970727688112976
SLC26A2,2876.2617,-0.48799101259646227,0.030880593015225288,-15.802514296142709,2.989513249043981e-56,6.6838897690848245e-56
SLC26A3,506.81824,-2.7157000436468173,0.10710019443858546,-25.356630376652426,7.593937761305398e-142,3.2880684577289793e-141
SLC26A4,689.04285,2.117835739637759,0.05747104455249564,36.85048281492899,2.8729392948405153e-297,3.886390106555352e-296
SLC26A5,8.480957,-0.3093145593328332,0.05250366900806011,-5.891294173848093,3.83182719867146e-09,5.097835060952248e-09
SLC26A6,815.13025,-0.9787073389651841,0.021162754199459455,-46.24669028146547,0.0,0.0
SLC26A7,785.5461,2.2304916011415856,0.06458549043033272,34.53549065401275,2.353812534568066e-261,2.4650858740365874e-260
SLC26A8,15.211316,-0.355410694799186,0.044955991590396364,-7.905746981123422,2.6633165069603725e-15,3.917241783355456e-15
SLC26A9,393.25342,-0.6882821018870309,0.058960726870037734,-11.67356880460708,1.7396896585450328e-31,3.110419053158718e-31
SLC27A1,1866.0985,0.1294540507689396,0.01991870307630761,6.499120463466284,8.079095102534929e-11,1.1059120365259774e-10
SLC27A2,1208.741,0.1531992969283026,0.046085819056947114,3.32421773255235,0.0008866694083605441,0.001050739376298738
SLC27A3,1490.8037,-0.1812014505439068,0.02308268577655121,-7.850102552969906,4.156972087866878e-15,6.095634884534844e-15
SLC27A4,2396.2407,-0.503804245006673,0.016346629607149176,-30.820068547117195,1.4111137692313592e-208,1.0076767880666869e-207
SLC27A5,1265.8772,-0.39874314709684267,0.043518512652394634,-9.162609721564131,5.065714048029936e-20,7.927200023354456e-20
SLC27A6,243.68239,1.4311053209455427,0.06805197459886475,21.029592886631924,3.516548915932922e-98,1.0992387437352735e-97
SLC28A1,521.53326,1.1260966839955817,0.07797441995152801,14.441873177070224,2.820706230690133e-47,5.844367815043805e-47
SLC28A2,45.224464,-1.7459177829443961,0.09736617965056651,-17.931460279228872,6.699671539851244e-72,1.7081855088269439e-71
SLC28A3,115.5556,-0.6391647699876014,0.05984830602150182,-10.679747055129136,1.2661618185479895e-26,2.146360404980726e-26
SLC29A1,3954.1746,-0.027174669247151298,0.02107749588348513,-1.2892740863227254,0.19730281661418414,0.2112594952902164
SLC29A2,758.44104,-0.6175296186140194,0.028339712841271198,-21.790256735230905,2.870370398792431e-105,9.503638144253553e-105
SLC29A3,686.5793,-0.1888892299304784,0.0184040661540332,-10.263450932504057,1.029601078431812e-24,1.7085050416328358e-24
SLC29A4,1007.6253,0.1105363750604155,0.03864904003730279,2.8600031191907846,0.0042363684128249824,0.004901581297834952
SLC2A10,1560.8359,0.3726512029586043,0.029691107852892328,12.55093628721917,3.92837342959358e-36,7.355629049305224e-36
SLC2A11,395.09915,0.25879084113712164,0.018477382304603707,14.005817321463493,1.436179036835058e-44,2.911977792144701e-44
SLC2A12,794.29645,0.002891722375575178,0.03583484398652267,0.08069582713022952,0.9356838554630472,0.9384957933477278
SLC2A13,727.8032,0.8587242911191341,0.02564824418273715,33.48082172802724,9.166603594941463e-246,8.619994576878211e-245
SLC2A14,88.08114,0.3035420234663982,0.03457355988648016,8.779599915746513,1.6405719213762561e-18,2.5200244263844275e-18
SLC2A1,13015.611,-1.0328327861110471,0.034064627392651405,-30.319802832596228,6.2857779770881715e-202,4.265738461184603e-201
SLC2A2,1021.21436,0.6344957929249092,0.14371830811227762,4.414857099689899,1.010767366171323e-05,1.2601477530852397e-05
SLC2A3,3052.5186,0.8551150548528665,0.03031728329505716,28.205530374559714,5.002095535570189e-175,2.7628231961115973e-174
SLC2A4RG,3764.4607,-0.33379065335714064,0.01837664477803402,-18.16385185592353,9.977240943372326e-74,2.5856243427458906e-73
SLC2A4,247.14912,1.0109067389140132,0.040097056296457476,25.211495114251704,2.9966995852894054e-140,1.2841466398001895e-139
SLC2A5,803.7505,0.9040931051653427,0.04041002155956092,22.372992398254148,7.213231806904191e-111,2.495398238857475e-110
SLC2A6,457.514,-0.3763952230857537,0.026861584473602276,-14.01239839204754,1.3090819782588886e-44,2.655070730760382e-44
SLC2A7,0.6785023,0.18042105753848822,0.07676875372833325,2.350188700170337,0.01876389581485035,0.02118064731063086
SLC2A8,1013.69965,-0.36100329050011715,0.01764887528852081,-20.454747659468197,5.4503532004492366e-93,1.6335012631818935e-92
SLC2A9,378.5428,0.08276109149316135,0.032988066876321935,2.508819077014947,0.012113551027190495,0.01378919683324413
SLC30A10,127.94867,0.20804967960085066,0.07948927632377571,2.6173301509680718,0.00886205800548786,0.010141230899540629
SLC30A1,777.2921,0.3487815623274748,0.018659597629444705,18.691805110368517,5.772640338713309e-78,1.5476058026845436e-77
SLC30A2,297.8026,0.45320722596412044,0.06176005563863696,7.338193291402979,2.1649635877386558e-13,3.0902680840476265e-13
SLC30A3,75.728905,1.124967782816008,0.05266096044539371,21.362462311763814,2.986464790994316e-101,9.537480263506396e-101
SLC30A4,364.5671,0.7275780909261022,0.03641230827243534,19.981652508333,7.95467545154981e-89,2.3165389431855613e-88
SLC30A5,2150.3694,0.1362047590533523,0.010687916579601667,12.743808209853055,3.375091002451679e-37,6.3895738998431964e-37
SLC30A6,648.0515,0.09683839785408872,0.016008700810821272,6.04911035557799,1.4564787010522973e-09,1.952746122800377e-09
SLC30A7,1929.1957,0.05129828159717205,0.013683395120717676,3.748943967824377,0.00017758075154269303,0.00021479126192120292
SLC30A8,123.3813,0.07904048266108625,0.08482433152992815,0.9318137995959189,0.3514327617627777,0.36882414540586583
SLC30A9,3139.3909,0.33296812765173656,0.012078380438937246,27.567282661369273,2.7468128786778605e-167,1.4398136816941957e-166
SLC31A1,3199.4688,-0.0454989123291132,0.017639220700401595,-2.5794173734714554,0.009896713121142526,0.011306800361017996
SLC31A2,975.5646,0.16993931668868234,0.023152930899230078,7.339861956497847,2.1381426801037935e-13,3.0521979262539007e-13
SLC32A1,25.404879,2.8334365664682255,0.11164580365982102,25.37880039899717,4.323547292731858e-142,1.8756253853127614e-141
SLC33A1,1392.877,0.05074340866837382,0.013537283181214903,3.7484189396871184,0.0001779528318129745,0.000215215736181558
SLC34A1,40.48682,3.3878354431004905,0.08624783498977776,39.280237509753405,0.0,0.0
SLC34A2,15476.11,0.6146765495138861,0.07554570495841807,8.136485718840229,4.069168233769721e-16,6.06073568449175e-16
SLC34A3,37.527206,0.8775008913790948,0.040772759947399005,21.521743745362343,9.742863928516811e-103,3.160028145940318e-102
SLC35A1,1149.8708,0.17591731187655033,0.014331135711929665,12.275182889386185,1.231132950287261e-34,2.272817893987881e-34
SLC35A2,2079.09,-0.45341246657467627,0.013302822783375296,-34.08392894937393,1.2763839248008754e-254,1.2819881758767155e-253
SLC35A3,818.8212,-0.03900113427603083,0.02121606556673678,-1.8382830762541589,0.06602070357175377,0.07274533225184472
SLC35A4,4937.356,-0.09133763799779314,0.009666679500294694,-9.448708627922201,3.4303653801769235e-21,5.4404306905836245e-21
SLC35A5,1572.1588,0.5059352986922505,0.012354645242951398,40.951017916188086,0.0,0.0
SLC35B1,2276.8928,-0.2248636194670639,0.011697591663013011,-19.223069666388454,2.3730673825679358e-82,6.585779558574237e-82
SLC35B2,3575.2185,-0.13134977455869887,0.013851501377033285,-9.482710284134654,2.4776262183849e-21,3.9352466984005444e-21
SLC35B3,1111.9078,-0.016483296346822246,0.011485195884609455,-1.4351776419338578,0.15123648307210025,0.16323085187217776
SLC35B4,1277.1912,0.5000980414588472,0.017109671872586982,29.228967404109095,8.311258357146421e-188,5.043484616785216e-187
SLC35C1,2128.2964,-0.41505067492824754,0.01853824060883395,-22.38889243515726,5.0498152636738154e-111,1.7508376865315944e-110
SLC35C2,3003.8809,-0.30821465024379635,0.010362543029010527,-29.743147930091286,2.126688980781051e-194,1.3543090697441794e-193
SLC35D1,1545.6237,0.0894451922448331,0.019874689856901728,4.500457259400814,6.7807438468020895e-06,8.482283500893625e-06
SLC35D2,1334.9299,-0.18300449309040745,0.016400724779327792,-11.158317425158828,6.521411867151182e-29,1.1309150272856124e-28
SLC35D3,55.602768,-2.0674485205288193,0.0726574435673719,-28.45473800095608,4.257796984965943e-178,2.405229989370744e-177
SLC35E1,4003.0916,0.08441438810038666,0.011236856920359885,7.512277561124549,5.810742286608162e-14,8.37409939923944e-14
SLC35E2,4387.9463,0.10067842471354299,0.014086604953336097,7.147103581526901,8.862800258524572e-13,1.2537364540251651e-12
SLC35E3,583.6603,0.27632125929855134,0.018022708013467458,15.331839093884804,4.6853101223572825e-53,1.0203040836567752e-52
SLC35E4,317.1564,-0.4053886799682507,0.022299553977046097,-18.17922817584311,7.538732421753577e-74,1.9559201398557546e-73
SLC35F1,299.17334,2.7224315927488836,0.049013205397314095,55.54485920029364,0.0,0.0
SLC35F2,1320.6997,-0.26782702213557263,0.0252308940984921,-10.615042855400793,2.5367799822697015e-26,4.2849335152268195e-26
SLC35F3,121.428474,-0.2754963175458727,0.04665253841262379,-5.905280332427221,3.520475923052643e-09,4.685452658523159e-09
SLC35F4,5.159147,1.429446992867349,0.05706167359324882,25.05091251015239,1.7063306158075267e-138,7.225288063066855e-138
SLC35F5,1984.1628,0.2037242574695414,0.0161861494006262,12.586332451723191,2.5107018853993474e-36,4.7115291441464936e-36
SLC36A1,1071.4904,-0.04748800332638114,0.020373753247352452,-2.33084217472557,0.019761683330352213,0.022288411219469322
SLC36A2,18.301937,2.872483965619905,0.10041717016089245,28.605506020708358,5.738629660429441e-180,3.281819136423679e-179
SLC36A3,0.54203045,-0.7528170332916617,0.07338730983023235,-10.258136386701752,1.087858872797765e-24,1.8047358858612855e-24
SLC36A4,379.25403,0.30078651034958603,0.018793961535812698,16.004423004507295,1.1901142037751326e-57,2.697565695241363e-57
SLC37A1,1547.6224,-0.6126809062493865,0.022758865852007357,-26.920537703127568,1.2627586314130682e-159,6.25511021336707e-159
SLC37A2,831.79694,-0.4769773096604557,0.02919540164639101,-16.337412152691424,5.347485738623118e-60,1.23574871909907e-59
SLC37A3,1846.1599,0.09418761529826152,0.013530367083940285,6.961201770353772,3.3738214752796746e-12,4.729575942657776e-12
SLC37A4,2447.2798,0.08874944033796388,0.02536997599595801,3.4982075013434617,0.00046839655597058185,0.000559793688465223
SLC38A10,7323.8286,-0.1448413879165459,0.014287975010958227,-10.137292919777584,3.774134712184943e-24,6.21864750771878e-24
SLC38A11,95.83621,0.13508236366558862,0.05308628783862192,2.5445810804520415,0.010940890811957158,0.012482940822721125
SLC38A1,8609.872,0.12343540183929827,0.025251955595774214,4.888152181764273,1.0178683663630934e-06,1.296632591089114e-06
SLC38A2,10410.208,-0.053180963132923115,0.018674464059322944,-2.8477905959701864,0.004402388138009765,0.005092223174918516
SLC38A3,1848.1427,0.19145357707277055,0.07014632372893712,2.7293458430208677,0.006346011180221912,0.007294813484170172
SLC38A4,780.61804,0.03731026949313233,0.0634035905031829,0.5884567292961008,0.5562257696991244,0.5726234043944415
SLC38A5,1394.4374,-0.1547236189322056,0.041329909886797,-3.7436234280692844,0.00018138543685394142,0.0002193280340268096
SLC38A6,368.23807,-0.0009529594306675811,0.015262305549695215,-0.062438759829874554,0.9502134292794464,0.9522714844548487
SLC38A7,655.1867,0.0031623391164188395,0.015762775090114527,0.20062070912894456,0.8409951637439731,0.8494230559440169
SLC38A8,8.005447,-1.2896737382831374,0.09503468570917638,-13.570558251013491,5.986434976285209e-42,1.1817883223328861e-41
SLC38A9,477.2928,-0.08389596758630685,0.013277573171546216,-6.318622123363294,2.6390570035121783e-10,3.584054535021309e-10
SLC39A10,1940.6215,0.5798209702183048,0.01972723486467949,29.391902828532846,6.969384548978045e-190,4.290586635398972e-189
SLC39A11,1889.7594,-0.35739424848975054,0.019178965396381115,-18.63469906240028,1.6809708978871994e-77,4.492371555537607e-77
SLC39A12,35.022926,4.133433561539025,0.08487485717741196,48.7003300977462,0.0,0.0
SLC39A13,2438.037,0.10394795953758,0.015934740171991896,6.523354533278603,6.875208997371455e-11,9.418772624822384e-11
SLC39A14,5988.321,0.4840465175463468,0.026777564764520034,18.076569762897293,4.874801414813873e-73,1.2532653365853724e-72
SLC39A1,7064.394,-0.03419957558229719,0.012141164372738393,-2.8168283150081104,0.004850044405886503,0.005598574250691348
SLC39A2,100.78682,-1.9811102611284288,0.06149801245821547,-32.21421606876295,1.1160516442688174e-227,9.191624363134649e-227
SLC39A3,1344.4814,-0.34134335252464876,0.013198993424463911,-25.861316961638895,1.8150660783435702e-147,8.231884671195532e-147
SLC39A4,1821.6943,-1.1598300028512671,0.030144116622000776,-38.47616493112828,0.0,0.0
SLC39A5,911.019,-0.13949021478264426,0.07582537879235626,-1.8396243712099445,0.06582340380356885,0.07253186176861108
SLC39A6,10379.499,0.05769531494467036,0.03328082226210813,1.733590429054974,0.08299077985980315,0.09092465954531648
SLC39A7,8709.726,-0.13416906029982398,0.014693763367377329,-9.13102089269399,6.785634530003505e-20,1.059910490995407e-19
SLC39A8,2503.5378,0.3786617996003972,0.0291466750490717,12.991595060598767,1.365511297645228e-38,2.61922409164869e-38
SLC39A9,4451.642,0.14167190364817872,0.010800133170112898,13.117607108792509,2.610480588291405e-39,5.0409536466873485e-39
SLC3A1,2923.2712,1.2598002299930862,0.06723049092382283,18.738524926443482,2.4019434933240887e-78,6.463278823762242e-78
SLC3A2,10037.338,-0.2892976594725059,0.01740387231639714,-16.622602959454188,4.7810945686928545e-62,1.1251682386315781e-61
SLC40A1,8345.336,0.1891169282036742,0.029231907871637458,6.469537637916775,9.830324347159855e-11,1.3438230939624486e-10
SLC41A1,2276.4873,0.5545604027508212,0.017971647015313834,30.85751696982888,4.441039441550377e-209,3.180271614158429e-208
SLC41A2,665.43164,0.37584092785309264,0.028064873970408157,13.39186230621889,6.746757001271881e-41,1.3207425556624444e-40
SLC41A3,2427.2625,-0.020172383517893917,0.012392897727235964,-1.6277374317033957,0.10358057248481493,0.11297529600441161
SLC43A1,1383.8936,-0.49247302810249327,0.036808509200484084,-13.37932556355791,7.986879256458109e-41,1.562606907382574e-40
SLC43A2,1935.437,0.15801977215041207,0.019783343061940052,7.987516147077111,1.376846273243191e-15,2.0353770895264394e-15
SLC43A3,3166.2888,0.11874342981765988,0.028233826468785552,4.205715082542529,2.6025794204566437e-05,3.213994566363994e-05
SLC44A1,6126.177,0.08375813400637451,0.017290365280369858,4.844208473806336,1.271174086037631e-06,1.6147646607375136e-06
SLC44A2,9900.43,0.2957237169845228,0.01661463459223479,17.798990121801157,7.195471396527638e-71,1.8222739415587285e-70
SLC44A3,1002.4603,-0.2886851852983253,0.02981283288015347,-9.68325239197595,3.552316507780469e-22,5.704496906602191e-22
SLC44A4,4955.073,-0.6667028282719307,0.054945877648607235,-12.133809792531913,6.991922365191106e-34,1.280688685856282e-33
SLC44A5,302.5352,-0.2820163767505305,0.044951860007043154,-6.273742103359985,3.5247215818195967e-10,4.775391407750394e-10
SLC45A1,147.91003,1.084488482305069,0.03105357654913089,34.923142607720685,3.3118790135165756e-267,3.615364334379837e-266
SLC45A2,243.20924,-1.1465388066554265,0.07295165706527128,-15.716418965364907,1.167380030059512e-55,2.5985884574657342e-55
SLC45A3,4733.837,0.13627684167069,0.054177180424069736,2.5153919160057505,0.011890012824962876,0.013539279104167972
SLC45A4,1453.7462,-0.17388428375383908,0.020297165560769114,-8.566924442392445,1.062855812069047e-17,1.6176034595136225e-17
SLC46A1,1710.1941,0.10373774454620682,0.02138393410146711,4.851200160549016,1.227166224228782e-06,1.5593482186414788e-06
SLC46A2,90.114525,-0.599061482112229,0.048048726563482115,-12.467791031272123,1.1188472482236817e-35,2.0867177653523207e-35
SLC46A3,1075.5675,0.2666064393958058,0.02585864206049233,10.310148490091665,6.340328196321928e-25,1.0551147764338576e-24
SLC47A1,1752.688,0.6644949985581132,0.0502363465259895,13.227375088161324,6.098006578893725e-40,1.18451785077471e-39
SLC47A2,124.22152,0.67492722931139,0.058603072985614804,11.516925562539413,1.0841045456225537e-30,1.9212469049729777e-30
SLC48A1,2151.0083,0.36380791769213494,0.017994874576446013,20.217307775422515,6.894434205724406e-91,2.0383936391859306e-90
SLC4A10,97.5829,2.4871505076199134,0.06267328432701304,39.684381221233004,0.0,0.0
SLC4A11,732.6905,-0.3263911769300745,0.0377919205233995,-8.636533216881212,5.794455771256224e-18,8.844603767206888e-18
SLC4A1AP,1407.4393,0.08342862966675633,0.008590793450871336,9.711399784416239,2.696087303004435e-22,4.338416171503896e-22
SLC4A1,246.01083,1.4118487368059647,0.0879929339504241,16.04502399705653,6.1935002592076966e-58,1.407136165352187e-57
SLC4A2,5986.216,-0.1320584208878899,0.015031492498360421,-8.785449675226486,1.5574026018184015e-18,2.393535107603294e-18
SLC4A3,595.01605,0.34816203627627823,0.0350377460248808,9.936770362712357,2.880137121716411e-23,4.684565923226365e-23
SLC4A4,3335.4219,1.3866855314831084,0.051675959763251615,26.834248223662865,1.2880784491553857e-158,6.317511237377619e-158
SLC4A5,638.70917,0.38250322905589945,0.027015579675484274,14.158616385455842,1.6521506284447595e-45,3.375766222852956e-45
SLC4A7,1312.6489,0.40864597302525213,0.022582690854649017,18.095539440160454,3.455441413579842e-73,8.899346203551171e-73
SLC4A8,583.61163,0.6597112936005294,0.04272244159959666,15.441797540119003,8.567872002934087e-54,1.8780502380247104e-53
SLC4A9,13.907231,2.152435739398858,0.062093670381999935,34.664334160906975,2.7169634626959144e-263,2.891513807476536e-262
SLC5A10,211.89447,1.6211032960786926,0.06084457476881601,26.643349916376415,2.1371911078402125e-156,1.0318016069366584e-155
SLC5A11,42.569424,1.5683670318882432,0.05961651636695735,26.3075927186768,1.570082467522615e-152,7.39253213605294e-152
SLC5A12,335.6725,2.6592092878466276,0.06668847710124613,39.87509392078977,0.0,0.0
SLC5A1,1036.1829,-0.4668343853302103,0.06063878197943307,-7.69861085746325,1.3755336986992905e-14,2.001321415837837e-14
SLC5A2,20.430885,2.198568873273938,0.07312423040486145,30.06621554991124,1.3402993696777798e-198,8.807990596278217e-198
SLC5A3,2866.284,0.8707245591093862,0.025284296142601685,34.43736595231126,6.960576604161041e-260,7.233812102302942e-259
SLC5A4,19.015867,0.7293587758667729,0.047702287787125694,15.289807044927906,8.941467167106724e-53,1.9413387016649868e-52
SLC5A5,81.08284,-0.46425458358248634,0.061239612996030715,-7.580952276961275,3.430277696538003e-14,4.961777877358239e-14
SLC5A6,2589.353,-0.47590302204924,0.021812605060014752,-21.817798504114947,1.5724921208208848e-105,5.218315743731441e-105
SLC5A7,23.057325,-0.3181323494933013,0.08115148084771068,-3.920228517952867,8.846504301244244e-05,0.0001078220672108666
SLC5A8,224.95409,1.3313709941472345,0.09338468948835456,14.256844472489913,4.0642039435495316e-46,8.342723138407432e-46
SLC5A9,174.60713,0.32690460023673545,0.05021570473952691,6.510007216515573,7.51471948306899e-11,1.0288646533678654e-10
SLC6A10P,107.667816,-0.8686370926291413,0.048888614449546654,-17.767676634108337,1.2579391962058288e-70,3.177072831603333e-70
SLC6A11,133.00038,1.1191944989482907,0.07521937341639036,14.87907234686453,4.507053370947119e-50,9.56920425269709e-50
SLC6A12,628.7169,0.9055749909489956,0.047953845166649724,18.884304017789013,1.5354846067054315e-79,4.170904750889377e-79
SLC6A13,598.0993,1.48829368650211,0.07296395657982546,20.397655997092997,1.7542526432271233e-92,5.244468364678562e-92
SLC6A14,856.8128,-0.8221586033532613,0.07295701458672246,-11.26908232211145,1.8650354672722984e-29,3.2528276431248794e-29
SLC6A15,354.79245,-0.15813047758465296,0.07434837551990846,-2.1268854427399013,0.03342960267843259,0.037354186659177224
SLC6A16,67.646324,0.0940139529309927,0.03374242641307951,2.7862238411684066,0.005332603405334909,0.006145851838619497
SLC6A17,696.506,-0.20713586032909959,0.06088538619003542,-3.4020620265524357,0.0006687945698425231,0.0007955587874626893
SLC6A18,20.569489,2.580784133001865,0.1514338438342607,17.04232071020034,3.9859612275564345e-65,9.616090132932985e-65
SLC6A19,333.4965,1.9608265545899597,0.10995312542577625,17.83329529740029,3.897566505944107e-71,9.89161761337772e-71
SLC6A1,1052.8347,1.8711584009224367,0.056237591517108027,33.27237796720387,9.690922441609572e-243,8.899300405445615e-242
SLC6A20,409.70383,-0.6788028862429417,0.05731603423969057,-11.843158642209058,2.334904909510698e-32,4.2041504424452374e-32
SLC6A2,132.47144,-1.9100765177757015,0.0821420579346469,-23.25333167687835,1.316304692508965e-119,4.866287858142368e-119
SLC6A3,343.75055,2.9172828914071487,0.07714431842093179,37.81591374609376,0.0,0.0
SLC6A4,103.97484,0.6978762694865653,0.05900476801803896,11.827455524835049,2.8154747120541266e-32,5.064968601458863e-32
SLC6A5,0.5457461,-0.042709995798420976,0.18876407399991008,-0.22626125243748088,0.8209982330210264,0.8302554652332146
SLC6A6,2976.1108,-0.24420109719420036,0.024270108418358725,-10.061804957141371,8.149039650319432e-24,1.3354769237772945e-23
SLC6A7,24.305098,0.9458786863744973,0.056204480748707285,16.82923983594053,1.4900278214492698e-63,3.5542444542338233e-63
SLC6A8,6643.417,-0.21782444425484607,0.030877557043087114,-7.054458484228199,1.7327417378365954e-12,2.4402939292069204e-12
SLC6A9,989.89404,0.2941687568447048,0.02910819337946245,10.106046535071401,5.1938035398297624e-24,8.53848887818105e-24
SLC7A10,54.96153,1.5122676445798287,0.06374412508794522,23.724031704779282,2.037375725778305e-124,7.826213660588777e-124
SLC7A11,1216.9108,-0.2025350679844752,0.0402922351648148,-5.0266525834570475,4.991153805896887e-07,6.391276201915511e-07
SLC7A13,5.113989,1.8211639836616618,0.11427192553311763,15.937107694346697,3.501910894500884e-57,7.897142656307431e-57
SLC7A14,221.29207,1.4320967526300565,0.09520006653134416,15.043022602915363,3.836261536831268e-51,8.214392998353785e-51
SLC7A1,4522.6523,-0.2607675505953061,0.02373572360941661,-10.986290322821777,4.448359778704996e-28,7.64061054034042e-28
SLC7A2,3790.0315,0.6068716919451086,0.04291220780331337,14.142168930731417,2.0874992011086726e-45,4.260164017178374e-45
SLC7A3,77.13719,0.6283942137350051,0.07890548542191272,7.963885024912283,1.667201787492017e-15,2.4615680028682263e-15
SLC7A4,252.49878,-0.8869498781688024,0.05069995501826754,-17.494095958255354,1.5891409433252677e-68,3.948415970851736e-68
SLC7A5P1,5.479667,-0.9919081193423532,0.053761440434248284,-18.45017751255166,5.197408971611732e-76,1.373673234493616e-75
SLC7A5P2,22.28999,-1.1537955071997839,0.037904262035395965,-30.43973013172873,1.6381577170171573e-203,1.1236945067638918e-202
SLC7A5,9607.191,-0.8898808669505486,0.03561964534269039,-24.982867133829103,9.387136213604216e-138,3.9559657663582745e-137
SLC7A6OS,420.81174,0.033838121330783566,0.012182179752998984,2.7776737839099255,0.005474955401388489,0.006308127731571491
SLC7A6,2018.3011,-0.15969201727473228,0.014746356820785228,-10.82925221568244,2.5019009029412712e-27,4.270663241635058e-27
SLC7A7,1275.223,0.5739297756290339,0.03019471990664511,19.007620451638175,1.474928521659699e-80,4.0360308833964806e-80
SLC7A8,4944.105,-0.27098792104971914,0.032814785937424096,-8.25810418408572,1.4800434501284664e-16,2.2173967621727464e-16
SLC7A9,162.13646,0.8926495718805899,0.05773370963526043,15.461496888386518,6.311463442563442e-54,1.3846453041718655e-53
SLC8A1,818.97174,1.3571239442817287,0.02811316114395326,48.27361595277686,0.0,0.0
SLC8A2,226.52875,0.7479904450666132,0.05814223794760842,12.864837534128329,7.099103337988081e-38,1.3520172577932586e-37
SLC8A3,143.16588,1.6131392089480667,0.0598320779992761,26.96110954006284,4.226369151210165e-160,2.1001867109955516e-159
SLC9A10,3.5196092,-0.21256004205586576,0.04217967081317533,-5.039395470802728,4.670046052770203e-07,5.984231343677528e-07
SLC9A11,5.5335484,0.3253749432367539,0.0657147166138856,4.9513253651922735,7.370974744112041e-07,9.409686155967961e-07
SLC9A1,3406.0798,-0.38066576615081504,0.018580852896956164,-20.48699100422748,2.812471013432561e-93,8.45901866781999e-93
SLC9A2,416.1359,-0.4709509204131513,0.05191835991775373,-9.070989938033604,1.1794054206491419e-19,1.8381317430143059e-19
SLC9A3R1,7437.462,-0.5755626380104638,0.025054272017438112,-22.972634671239476,8.753932043981628e-117,3.1627560334236373e-116
SLC9A3R2,4168.247,-0.006138909512970424,0.02410803413742948,-0.2546416467628656,0.7989998897616362,0.8090941932681994
SLC9A3,396.31754,-0.015886109118273095,0.05960715493562361,-0.26651346026211564,0.7898437943754459,0.8003000950425374
SLC9A4,92.16083,0.5346388694854294,0.07983493815759707,6.696803202002022,2.1302819420035354e-11,2.942162001034528e-11
SLC9A5,81.20398,0.11688672679361112,0.028255537931662852,4.136772305531975,3.522253078982615e-05,4.336571748609522e-05
SLC9A6,1231.21,0.4677183298100888,0.0169660551176774,27.5678893275998,2.7011970157091368e-167,1.4162675777188338e-166
SLC9A7,226.58586,0.05417931978414915,0.028266742831968325,1.9167160541353547,0.05527401457958316,0.061185497108837195
SLC9A8,1472.544,-0.01663420185858189,0.012528053533169983,-1.3277562882805567,0.18425863165871648,0.19767635441885675
SLC9A9,502.11844,0.7797800338368714,0.028390644511886203,27.466091286177175,4.463688301771406e-166,2.320046722894155e-165
SLCO1A2,284.10495,2.2177943607614075,0.0713706263231318,31.074329524870684,5.354062657212373e-212,3.93088213624907e-211
SLCO1B1,328.91092,-0.13918553751471877,0.1397152704110867,-0.9962084824743258,0.3191488588155953,0.335981778614546
SLCO1B3,258.65848,-0.1597639107060652,0.0978255497638634,-1.6331511664561247,0.10243720760540306,0.11176415378555205
SLCO1C1,88.545654,3.5393539906426215,0.054266646195290015,65.22153548803269,0.0,0.0
SLCO2A1,2328.0024,0.9178021305955771,0.03142007717484573,29.21068988749495,1.4186644425962234e-187,8.596008746076343e-187
SLCO2B1,3310.8574,0.7887788931986762,0.030757324462945705,25.64523758069212,4.7782252832050745e-145,2.1212361216914982e-144
SLCO3A1,1569.4777,0.038623636736887325,0.023738143034285206,1.6270706887688255,0.10372208543822647,0.11311752396811939
SLCO4A1,752.39185,-0.8544039593065811,0.038626896151548885,-22.11940498543838,2.056224284244923e-108,6.977111700490397e-108
SLCO4C1,677.3346,1.087374396820803,0.06081330381877957,17.880534826082155,1.6722516702721525e-71,4.254076190812289e-71
SLCO5A1,81.46411,-0.5192050380564601,0.04416638296447208,-11.755661279170502,6.604168021103038e-32,1.1847233830437638e-31
SLCO6A1,3.0430753,-1.28516594527606,0.09308235983441623,-13.806761534218037,2.320304440178245e-43,4.6472285388675736e-43
SLED1,6.540434,-0.8399805561095116,0.0476936653092644,-17.61199418544892,1.9929819447627365e-69,4.98956215118354e-69
SLFN11,1544.291,0.44457099803063216,0.02515923956935812,17.6702875619533,7.103388389027112e-70,1.78254510307165e-69
SLFN12L,31.806456,-0.22794657886090106,0.03576094594217115,-6.374176433406218,1.8394873102678932e-10,2.5035177585228985e-10
SLFN12,213.92471,0.35214523871265024,0.023477723116787984,14.999122230078829,7.439668205528044e-51,1.5883410758844951e-50
SLFN13,1068.8378,-0.23672254243837007,0.03337127149897718,-7.09360272489544,1.3066488233639404e-12,1.844036004080581e-12
SLFN14,4.0267897,-1.0683154643079016,0.04975535107753746,-21.471368228174416,2.884015327801616e-102,9.30812746650493e-102
SLFN5,1288.4689,0.16672347588259454,0.024495780289275116,6.8062120868870775,1.0020196259717036e-11,1.3936410414782016e-11
SLFNL1,29.700178,-0.2570458001264905,0.030179697674097273,-8.517176112970427,1.6349078604514768e-17,2.4797056642279384e-17
SLIT1,976.8071,2.485349947413099,0.05781297067286622,42.98948693497195,0.0,0.0
SLIT2,564.64404,1.4643446335849903,0.038568540202163645,37.96733363278402,0.0,0.0
SLIT3,2009.4144,1.2381812827717193,0.036538932518442556,33.886629888455644,1.04847307379243e-251,1.0297087944688896e-250
SLITRK1,89.45629,2.710552505587275,0.09529065662931066,28.44510260991874,5.602516328770915e-178,3.1613533796409934e-177
SLITRK2,277.4818,2.4377365773103357,0.06172391375585126,39.494199718974315,0.0,0.0
SLITRK3,141.18262,3.2792451009517807,0.07504578985476174,43.69658987263906,0.0,0.0
SLITRK4,155.72118,0.8686433941537813,0.047321365069905016,18.356262395866782,2.9417045219972147e-75,7.722780446594622e-75
SLITRK5,169.20993,1.5473728879228583,0.052087314502567726,29.7072886690401,6.182324336927878e-194,3.914959290062665e-193
SLITRK6,796.48865,-0.6095502245143941,0.06133287057724928,-9.938393862499234,2.833588770619893e-23,4.609222897175647e-23
SLK,3471.4465,0.07223940555187222,0.017839153224480413,4.049486242022918,5.133019523337457e-05,6.291580040675936e-05
SLMAP,2520.8037,0.6149604077202212,0.016863549863585146,36.46684195764475,3.721160386372983e-291,4.800957180365498e-290
SLMO1,135.0299,0.2805738543032258,0.023990045108995484,11.695428375748227,1.3450675654908263e-31,2.406347149896989e-31
SLMO2,3746.0845,-0.35455345325819176,0.015553096181242081,-22.79632615438998,4.986512488069946e-115,1.7785635554417666e-114
SLN,70.162926,0.9729297021041057,0.06803014628468519,14.301449507879855,2.1429902358463074e-46,4.407874137360575e-46
SLPI,11464.31,-1.0653552114204654,0.05394963648524842,-19.7472176056602,8.47609100014993e-87,2.430831619552788e-86
SLTM,3875.466,0.03797656672432948,0.009661466646258325,3.930724817958873,8.46901601559647e-05,0.00010332636007762243
SLU7,2260.0664,0.28146831598548855,0.00972349632016361,28.94723325002014,3.040569560708889e-184,1.7995045257695427e-183
SLURP1,108.207184,-4.500271082213714,0.10860110833678328,-41.43853733295159,0.0,0.0
SMAD1,1471.3574,0.4049429328324362,0.016217927118567774,24.96884650374463,1.3330799306609992e-137,5.613272866251765e-137
SMAD2,3647.5417,0.17543588546549005,0.010143607520353565,17.295216234803124,5.111086631134839e-67,1.253996296978479e-66
SMAD3,3713.5015,0.03270591389623012,0.017838753021286416,1.8334192898574917,0.06674024111753729,0.07351428712394859
SMAD4,3302.7444,0.4198433564183137,0.011175186830780217,37.569247188058114,6.83421887429444e-309,1.0082453772591336e-307
SMAD5OS,14.583583,-0.5348699885144774,0.028501600171066923,-18.766314357937162,1.4243071947654615e-78,3.840724526917885e-78
SMAD5,2874.4854,0.37154174576002263,0.011971577743403853,31.03531996563579,1.8003104823074208e-211,1.314652837492711e-210
SMAD6,440.43994,0.26657084844725304,0.027102623898768788,9.835610361672869,7.908657540032957e-23,1.280925687012975e-22
SMAD7,1238.4677,0.5056966591411751,0.017779150370232238,28.443241021678222,5.907557499280867e-178,3.3316333276415283e-177
SMAD9,208.4482,1.7320153163050291,0.03794691265447447,45.643115477559164,0.0,0.0
SMAGP,930.118,-0.9119082622902918,0.028867508436688654,-31.589434338964907,5.156926502608115e-219,3.990492841755933e-218
SMAP1,1955.0582,0.20717545452816502,0.01176701511319123,17.606457758001362,2.197755457291723e-69,5.49884519540398e-69
SMAP2,2916.5933,0.07414918881312454,0.017245346830155814,4.2996635291477405,1.7105761651009765e-05,2.1213144999263435e-05
SMARCA1,2789.2993,0.6521460602205339,0.02466153901368546,26.443850882892495,4.294089698776833e-154,2.043079508702911e-153
SMARCA2,4996.6567,0.46650045477800145,0.016520337432549766,28.2379495384194,2.0012777589361432e-175,1.1089824141039993e-174
SMARCA4,8319.453,-0.27457547811699534,0.012630860463655124,-21.738461833782193,8.882595369767231e-105,2.928595289604714e-104
SMARCA5,4294.0425,0.2906815362887854,0.011822330078658402,24.58749961765337,1.7187061551679587e-133,7.054665042956547e-133
SMARCAD1,1661.1156,0.2623314636374852,0.012789379260442733,20.511665053899108,1.6939516145718613e-93,5.102405817586702e-93
SMARCAL1,1237.7917,-0.03219782711671701,0.008104719432829012,-3.9727256919340537,7.10548589075074e-05,8.685715235652616e-05
SMARCB1,3977.637,-0.1309410765906279,0.010719466462908772,-12.21526062362403,2.5767440651612017e-34,4.7406409201714176e-34
SMARCC1,6063.1543,-0.12311606834696702,0.013553913822458328,-9.083433018658294,1.0520309871129155e-19,1.640746044632438e-19
SMARCC2,6158.472,0.19112271275143738,0.010334955136818275,18.492843967030176,2.3578491990381643e-76,6.245570107106166e-76
SMARCD1,3372.1733,-0.0795678830589773,0.010195680094011336,-7.804078033569659,5.993809857262678e-15,8.767637224027221e-15
SMARCD2,5200.2456,-0.5177382840702106,0.013755272165033163,-37.63926135800763,4.90295154131427e-310,7.30206221138385e-309
SMARCD3,1399.9044,0.7779611321326632,0.028533641003141243,27.264698958223317,1.1126456359495527e-163,5.681553173387746e-163
SMARCE1,5809.662,-0.02302475702575906,0.010921056073194777,-2.1082903403703104,0.03500588298827999,0.039094063179286466
SMC1A,5586.074,-0.03615051796567638,0.01334343118908275,-2.7092370360671394,0.006743814045665839,0.007746843658280812
SMC1B,67.576164,-1.353819184982617,0.05245243735631822,-25.810415172623834,6.774584369252273e-147,3.0561436555197656e-146
SMC2,1635.7554,-0.11215725444076037,0.01810084215063494,-6.1962450977357495,5.782605703553565e-10,7.808972507206622e-10
SMC3,2974.2324,0.14257010598414607,0.013468520054528093,10.585432208360135,3.481701808397581e-26,5.870307835790174e-26
SMC4,3901.2722,-0.47982203105822807,0.02209255843537873,-21.718717298483973,1.3653823188237039e-104,4.492213740939203e-104
SMC5,1778.0844,0.12134627594228856,0.014176070964059815,8.559937111625237,1.1292910528627951e-17,1.7174300848011985e-17
SMC6,1596.2089,-0.13754200351095885,0.014922485018329113,-9.217097778420793,3.0525014963824435e-20,4.792618027674109e-20
SMCHD1,2648.3362,0.1642773806267817,0.016344336163672202,10.051028012499732,9.091400465196335e-24,1.4889536004418967e-23
SMCP,2.9032497,0.8146949334022698,0.14225551709164816,5.726983037694084,1.022323860751335e-08,1.3490725616435331e-08
SMCR5,6.835339,-0.5030153304032374,0.05224846998358386,-9.627369577736568,6.127799318872695e-22,9.810164844926412e-22
SMCR7L,2464.9497,0.12337332060108928,0.010685686665405359,11.545661450144078,7.7641860975939705e-31,1.378606879128865e-30
SMCR7,771.0964,0.23504435119053288,0.016001990190101165,14.688444899555765,7.644816453483074e-49,1.6065319795258247e-48
SMCR8,1995.7302,0.18663186079836108,0.014678960272824162,12.714242516473137,4.928622930889029e-37,9.31679055245773e-37
SMEK1,3262.1755,0.008172561795377634,0.009968279974128072,0.8198567673248452,0.4122977650069273,0.4299749102436242
SMEK2,4006.9094,0.13675591505167117,0.011169346971031559,12.243859502830086,1.8120642589075735e-34,3.3380217378844814e-34
SMEK3P,9.934773,-1.1883066735334649,0.17883254737558582,-6.644800909969547,3.0362720187785204e-11,4.182372261861427e-11
SMG1,5514.5693,0.06961772854767054,0.015116997025925422,4.605261774430278,4.119473286089114e-06,5.176419987130495e-06
SMG5,6093.5776,-0.16991883804834862,0.010104326539363743,-16.81644366761015,1.849320115542444e-63,4.408185017249575e-63
SMG6,2569.6533,0.3943218377309423,0.011727790539695108,33.62285815015875,7.775111975208379e-248,7.428132552945442e-247
SMG7,5243.9463,-0.11657994538543935,0.009284303969827387,-12.556670458475606,3.653876465449189e-36,6.845428449441432e-36
SMN1,19.098253,-0.171627940132674,0.03636113748905064,-4.720092713940975,2.357371708932952e-06,2.9772785745760526e-06
SMN2,2359.983,-0.2581821561529728,0.012082995847506136,-21.367395918311118,2.6870777629470454e-101,8.586755011118961e-101
SMNDC1,1398.8309,-0.05300401921579166,0.009290802128612006,-5.704999254322745,1.1634359811227386e-08,1.5332983648160173e-08
SMOC1,2515.769,2.21978519709429,0.055969431216741916,39.66067099195917,0.0,0.0
SMOC2,2257.9563,0.7651941741838317,0.03672787910343432,20.83415086476585,2.122452457068806e-96,6.5431571128806515e-96
SMOX,1280.3115,0.6291021871654943,0.02654973957041164,23.69523006043333,4.037999551686391e-124,1.5479124999582612e-123
SMO,1891.4016,0.24285215776717525,0.027971866313604144,8.682014816046218,3.8881875916546e-18,5.9478256201439626e-18
SMPD1,2353.5444,0.25129139107341736,0.018588601300093852,13.518574475646458,1.2150751353895515e-41,2.392428886015075e-41
SMPD2,657.6329,-0.7015117217536277,0.01524593971989175,-46.01301950829231,0.0,0.0
SMPD3,815.17505,-0.8087277269478995,0.038030969281613175,-21.26497804879496,2.3960257390043805e-100,7.602975065522161e-100
SMPD4,4366.379,-0.3238086117867307,0.009606460641746842,-33.70737921722742,4.506834247641031e-249,4.3547526553262335e-248
SMPDL3A,1033.6676,0.4000337160808456,0.028943411736887314,13.821235717384946,1.8978372879184864e-43,3.805206750515311e-43
SMPDL3B,934.83,-0.6272617064473278,0.04040832107408307,-15.523082617001837,2.421339313419067e-54,5.329878590323146e-54
SMPX,31.478672,0.38995487173113463,0.08001767604074352,4.87335912545844,1.0971651297248615e-06,1.3961613148364555e-06
SMR3A,1.8620003,-0.28552362004220516,0.17800490294288282,-1.6040210989796293,0.10870940194538262,0.11846142023262028
SMR3B,41.275772,-0.4734090313969936,0.17829210189105216,-2.65524398655795,0.00792510643993066,0.009080265744304594
SMS,4747.649,-0.25861444652322135,0.020518044194267678,-12.604244540786834,2.000805166126786e-36,3.758478720905631e-36
SMTNL1,24.92745,-0.42045703783711263,0.03814813022086098,-11.021694520880851,3.003509941916968e-28,5.168057716995229e-28
SMTNL2,206.99255,0.6400197162444651,0.053072454416003945,12.059357783375246,1.731276222459816e-33,3.1535342769132494e-33
SMTN,3681.1538,0.9322537120760062,0.026095496936533187,35.724696653347465,1.6353385694970803e-279,1.9390715163885298e-278
SMU1,3219.819,0.11530606417534141,0.008547635282605888,13.489820326094732,1.7953754521806044e-41,3.530916618136102e-41
SMUG1,1356.1819,-0.3561087981611259,0.011305343179052746,-31.49915862978373,8.91999650858226e-218,6.83228776968496e-217
SMURF1,2460.3755,-0.19676086352352923,0.014785584769861198,-13.30761458448399,2.0905011508915547e-40,4.077068007567886e-40
SMURF2,1063.7983,0.34823972974882966,0.015179639377236825,22.94123866150899,1.8022512054630004e-116,6.499917146505088e-116
SMYD1,54.945248,2.5098743838535955,0.09536233020794721,26.3193483043101,1.1518305031361536e-152,5.432040123546201e-152
SMYD2,1757.8506,-0.16139785652666436,0.015343149493066876,-10.519212929496344,7.045969670149924e-26,1.1836694159137083e-25
SMYD3,723.314,-0.055485546959485876,0.017364235768368944,-3.1953923973181424,0.0013964084240139015,0.0016435124930338201
SMYD4,655.27686,0.19820719723355534,0.012084691407118197,16.401510850066572,1.8654051688999922e-60,4.327459415865422e-60
SMYD5,1701.2611,-0.15995270234709566,0.009676244376097164,-16.530452945382443,2.2147311867714574e-61,5.1791537137009074e-61
SNAI1,282.821,0.48763475564982783,0.027494052702818746,17.736008616868425,2.210930050297494e-70,5.570832288862213e-70
SNAI2,1160.3905,0.1204246077381652,0.03443925658688773,3.4967249491678984,0.00047100719492679965,0.0005628476540185897
SNAI3,73.49502,-0.2663337072832691,0.024044182974398913,-11.076845803695987,1.6249667667134656e-28,2.8069487869946927e-28
SNAP23,2816.8752,0.06925341457969134,0.011368363835102703,6.091766201733786,1.1167169721705809e-09,1.5008740979945112e-09
SNAP25,1289.2745,2.1931280040322427,0.05850878957409062,37.48373569162714,1.6955275074642822e-307,2.474497815373858e-306
SNAP29,2214.1934,0.03889707990516716,0.01041194747573922,3.735812151934196,0.00018711031184243007,0.00022616985328029649
SNAP47,1615.3202,0.03806700800235453,0.010382400213164234,3.6664939918312864,0.00024589869375877914,0.0002964559428101489
SNAP91,381.06116,1.7052101129967407,0.07351207221947587,23.196327644059693,4.958893914349813e-119,1.826965638839085e-118
SNAPC1,595.6526,0.049683243403298966,0.016750113507373248,2.966143685022125,0.003015595668509926,0.00350785694293187
SNAPC2,1043.2448,-0.07607471373775979,0.015224196264746493,-4.996960917662379,5.824086616733332e-07,7.445687876299774e-07
SNAPC3,1095.3892,0.200394489037333,0.012408812312822032,16.149369011751855,1.1472927967103918e-58,2.622990909402231e-58
SNAPC4,964.99225,-0.2663358635767809,0.013165458307863892,-20.22989685195351,5.341457122690797e-91,1.5799320871838143e-90
SNAPC5,235.50146,0.1074306498109794,0.010919329367836156,9.838575812854023,7.679013636681923e-23,1.244028317253181e-22
SNAPIN,1460.19,0.07306355631038533,0.010909384848868664,6.697312206193024,2.1228776845303082e-11,2.932333725446268e-11
SNAR-A13,0.21558127,-0.7912203610480519,0.48493274920261686,-1.6316084288987887,0.1027620014518447,0.11211251206034545
SNAR-A2,0.39906195,-1.1220443448815398,0.38826033814739047,-2.8899278000824076,0.003853303148904629,0.004464962937310719
SNAR-A3,1.3774351,-3.5795657458788486,0.31078279081236126,-11.517902057968367,1.0718906899307879e-30,1.8997669153217473e-30
SNAR-A4,0.6021423,-1.5858241237993076,0.482939581246114,-3.283690518195785,0.0010245736671852005,0.0012113411899084493
SNAR-B2,2.1360378,-4.207278899546457,0.20429321828661068,-20.59431504791269,3.086204816479394e-94,9.334726468385677e-94
SNAR-C2,0.0076441383,-0.4300537026042419,2.7576023723091314,-0.1559520353342778,0.8760708287780608,0.8829229247607812
SNAR-C3,0.09550219,-0.5910383597188792,0.5171526345714879,-1.1428702479851294,0.2530924669640032,0.2687902730787763
SNAR-C4,0.15078828,-0.7343609207834957,0.35694333188985444,-2.057359964942852,0.03965161317170896,0.04417330739057854
SNAR-D,0.0057016364,-0.42289535296753555,1.3299150285131003,-0.31798674644676356,0.7504949903450602,0.7622513099743118
SNAR-E,0.023497006,-0.46174273084694784,0.8379439614848441,-0.5510424945705625,0.5816045444435525,0.5977227117782072
SNAR-F,0.015469363,-0.4047859616422498,0.7945450460545401,-0.5094562777180338,0.6104324375949723,0.6261484279018562
SNAR-G1,0.23893154,-0.5611827047391952,0.2015762752005646,-2.783971993632827,0.005369767056165946,0.006187982537866219
SNAR-G2,0.0066810884,-0.43017872416097785,0.06477214472410771,-6.641415472550634,3.1068490791418257e-11,4.2790109864868376e-11
SNAR-H,0.006154931,-0.4271188841325002,1.4377791127071924,-0.2970684998534153,0.766414212838407,0.7776052506317717
SNAR-I,0.01006766,-0.43667811689400055,1.0874512623648023,-0.4015610924432493,0.688007068696383,0.7016548570650534
SNCAIP,373.9694,0.9088957463633094,0.03750364470509306,24.234864464783065,9.549179261411679e-130,3.825496666333734e-129
SNCA,609.55255,0.43880433558862386,0.0414093100164531,10.596755546380134,3.084975730760474e-26,5.205720754459386e-26
SNCB,206.87599,2.3866547875891646,0.07903770197608802,30.19640915561058,2.640181253146847e-200,1.7658163644157906e-199
SNCG,1628.6135,-1.0549281823108596,0.04590635094932775,-22.98000517347389,7.387847168109968e-117,2.6715662610222175e-116
SND1,11415.818,-0.26187644343290206,0.0117842570215487,-22.222567188922866,2.0784334291115893e-109,7.100994492915396e-109
SNED1,1095.4376,0.6304994962264726,0.0265556801441493,23.742547462689753,1.3118591275522195e-124,5.045936137886952e-124
SNF8,2393.141,-0.30371109517699546,0.012756410519746382,-23.80850747213439,2.726535718359379e-125,1.054512551103317e-124
SNHG10,221.36174,-0.362149290366589,0.018549065682706086,-19.523856164045657,6.884126438747527e-85,1.9455015292401568e-84
SNHG11,492.30206,-0.33306763009291196,0.016070088829327575,-20.72593584455305,2.021588858430682e-95,6.173320469295074e-95
SNHG12,630.85345,-0.5602474570574195,0.01967978357193919,-28.468171665071534,2.90356538685707e-178,1.6425031317316778e-177
SNHG1,1929.3636,-0.45013858174346977,0.018435032383936126,-24.41756392767232,1.1131221080489709e-131,4.517953149475479e-131
SNHG3-RCC1,584.517,-0.411958205020363,0.023299101850819542,-17.681291221355487,5.844230512872071e-70,1.467653743820926e-69
SNHG3,228.67459,-1.166817668879193,0.024616790298778262,-47.39926102133236,0.0,0.0
SNHG4,32.286285,-0.9793191452517287,0.03088402236276178,-31.709572469178653,1.146627859506573e-220,8.961303873970946e-220
SNHG5,4250.348,-0.19575057937968168,0.02254739917413863,-8.681736543884995,3.897714328525466e-18,5.961950865097668e-18
SNHG6,2624.8984,-0.45838683525641466,0.01779182327421924,-25.76390447406409,2.2518902969664285e-146,1.0100514332659069e-145
SNHG7,1898.8943,-0.4140930119005442,0.021143363507692463,-19.585011237681613,2.075608015719999e-85,5.888698939805386e-85
SNHG8,1734.1847,-0.32652732864782313,0.020295201689876575,-16.088893012120096,3.052463955932991e-58,6.953688450133128e-58
SNHG9,139.40735,-0.6780328526522472,0.02651799639607482,-25.568781386236605,3.3949034373859944e-144,1.4950646567540875e-143
SNIP1,640.8133,0.158093202232189,0.009634434099695074,16.409184036786613,1.6440006175306191e-60,3.8155732526568483e-60
SNN,2695.3853,0.9936702496986564,0.02218035147502244,44.799571856092555,0.0,0.0
SNORA10,1.7205316,-2.479827202833886,0.07460418085746788,-33.23978863291353,2.867315787418024e-242,2.6271684120631663e-241
SNORA11B,0.037298337,-0.4566423681917751,0.40820141218467126,-1.1186692514066783,0.2632812676637344,0.27923230508261976
SNORA11C,0.004169807,-0.4225924094430362,1.774476539304461,-0.23815046301411183,0.8117643965947344,0.8212846668127117
SNORA11D,0.095835425,-0.3999594925944648,0.3060647468820014,-1.306780662160556,0.19128721457932907,0.20499086228132227
SNORA11E,0.10514405,-0.3710454629801942,0.2567671692566802,-1.4450658316417175,0.14843939528351924,0.16030541314328284
SNORA11,0.2959986,-0.576543301594001,0.11181881177578613,-5.15604925895706,2.5221457312221566e-07,3.2505137014592573e-07
SNORA12,3.5397558,-1.2530767900802795,0.10265118997803792,-12.207133598240544,2.8474510285470686e-34,5.2367891138382804e-34
SNORA13,0.19311367,-0.6765828756250771,0.15278335452812705,-4.4283808122600155,9.494316077783444e-06,1.1841140714750865e-05
SNORA14A,0.090797864,-0.4745650197812787,0.2564700723793677,-1.8503719181679308,0.0642599635574045,0.0708627774924276
SNORA14B,0.39122495,-0.8094313386421276,0.11531326011011621,-7.019412493144124,2.228031043235661e-12,3.132630111135002e-12
SNORA15,0.17622323,-0.623819527889706,0.13492487391320307,-4.623458297919241,3.773946408756252e-06,4.744289900331494e-06
SNORA16A,0.22359826,-0.6534822407699232,0.22461350652073792,-2.9093630694447534,0.003621659982184023,0.004200374591391393
SNORA16B,0.081321016,-0.4882335672284294,0.19934403106513268,-2.449200834455416,0.014317359187798678,0.016255136945371028
SNORA18,0.7355589,-1.549391960476973,0.10455812571515015,-14.818474890206174,1.1128242818616933e-49,2.355582195302788e-49
SNORA19,0.03311156,-0.4532042449742625,0.4172767344889588,-1.0860999608073147,0.2774347697082723,0.2936161811348295
SNORA1,0.17726386,-0.6419638547100723,0.14981770026604688,-4.284966686646974,1.8276657238578407e-05,2.2651394942486017e-05
SNORA20,0.49883175,-0.7180713643515854,0.09616655334164224,-7.4669553956099275,8.207157237981541e-14,1.1798440489201115e-13
SNORA21,0.79867744,-1.3974123130488123,0.07246930376046903,-19.282816869162204,7.4885276580879e-83,2.0833415494808904e-82
SNORA22,1.0015852,-0.903247358641835,0.11707146459388029,-7.715350292876158,1.20650403846128e-14,1.7568997724793076e-14
SNORA23,1.4282507,-0.6318536880033714,0.062048985557992827,-10.183142920407976,2.3581936211630047e-24,3.89505629833341e-24
SNORA24,1.2908126,-2.2192127717200854,0.07483576793314281,-29.654439755368017,2.9727492477918396e-193,1.8702781809577895e-192
SNORA25,1.1216687,-2.876389860128342,0.13005925947006555,-22.115994446288322,2.217672639903154e-108,7.519919599565007e-108
SNORA26,0.39490816,-1.0238781417457843,0.11458070561304429,-8.935868707281047,4.0399146641147183e-19,6.258455535436886e-19
SNORA27,0.53703254,-1.1354545068131365,0.08805898756469352,-12.894248937156611,4.849648413996735e-38,9.251685912721096e-38
SNORA28,0.07460065,-0.497083443538001,0.2814923325339076,-1.765886264337676,0.07741493206214681,0.08500111109121167
SNORA29,0.15315089,-0.49973358600378764,0.12267463011222791,-4.073650644363959,4.6281891085504056e-05,5.683412875383178e-05
SNORA2A,0.13056229,-0.5206683514565947,0.1669142090336052,-3.119377040883125,0.0018123388551131289,0.002125304230818973
SNORA2B,0.06762083,-0.4588600934953976,0.22236771315003864,-2.0635194156347234,0.039063305067078925,0.04353458659189073
SNORA30,0.01921855,-0.44836304920184694,0.7073160513901078,-0.6338935025165435,0.526150326214305,0.5430618246589118
SNORA31,1.3153433,-2.105822055789882,0.07411277404991354,-28.413752997177667,1.3674973335518578e-177,7.68448198006687e-177
SNORA32,0.039939914,-0.4641066308362782,0.4602856043283711,-1.008301425184658,0.3133097790270263,0.3300395193879665
SNORA34,0.49925515,-0.8528256719269982,0.0797703335369931,-10.691012988324845,1.121394200662382e-26,1.9019047426928885e-26
SNORA35,0.000540373,-0.4183198864729242,3.014849994834435,-0.1387531343813664,0.8896452289890747,0.8951074652669958
SNORA36A,0.1335243,-0.5440572218583413,0.16797647927733303,-3.238889302829656,0.0011999613598618942,0.0014153301271900994
SNORA36B,0.03478718,-0.45741291074597484,0.37703261554238926,-1.2131918881552266,0.2250564647961335,0.23981600370483
SNORA36C,0.005066224,-0.4189750394581212,1.2328159457578824,-0.33985206056087575,0.7339679401225598,0.7464335527726258
SNORA37,0.2501137,-0.6486953737884702,0.15211423129177348,-4.2645278372685205,2.0032536894632465e-05,2.479435945272189e-05
SNORA38B,0.15835533,-0.545054693513891,0.16929674041037782,-3.21952266885157,0.0012840420800427554,0.0015132742522483622
SNORA38,0.14195873,-0.5778315237915299,0.18929878190247001,-3.0524841099571294,0.0022695574680619036,0.002652616137107314
SNORA39,14.309324,-0.2804131280687426,0.024604373111532546,-11.396881635537689,4.333649855917815e-30,7.626309742988226e-30
SNORA3,0.47074744,-1.0813479331872038,0.09914665205147358,-10.906550153865052,1.0724948376852321e-27,1.8378017338972848e-27
SNORA40,0.6386136,-1.3804773806247217,0.10720910154933608,-12.87649425911331,6.104606253875805e-38,1.1631603062485494e-37
SNORA41,0.24530125,-0.7868841946558781,0.11707824927049096,-6.7210109440388495,1.804680376539976e-11,2.4961945638954664e-11
SNORA42,0.15739237,-0.5729625190643653,0.17789765312424607,-3.2207424269065585,0.001278590038041138,0.0015069361227555591
SNORA44,0.06696756,-0.518179791901089,0.36517230788472266,-1.4190007859650395,0.15589878692198975,0.16810250531988716
SNORA45,0.5924732,-1.357897619325831,0.087569100711583,-15.50658403810944,3.130986947143931e-54,6.887494679298032e-54
SNORA46,0.18202335,-0.4852758075534759,0.14556429254419176,-3.3337558206876277,0.0008568183968895364,0.0010157194446415553
SNORA47,1.2943645,-0.6730096886853862,0.1172826259656512,-5.738357946406247,9.559889961128171e-09,1.2618633280511439e-08
SNORA48,2.8362226,-1.229977318187263,0.07152184995132219,-17.197224610722266,2.785580915445184e-66,6.778824032697646e-66
SNORA49,0.3886537,-0.6337716144903881,0.1236299498359166,-5.126359877453147,2.953977196378099e-07,3.7993569866107593e-07
SNORA4,0.053306937,-0.4621296388452802,0.3423451776663352,-1.3498938176827255,0.17705004506272193,0.1902143465663301
SNORA50,0.12893121,-0.5217260531233987,0.18567852375273095,-2.8098352064570697,0.0049566872546882215,0.005719405793368709
SNORA51,0.109320395,-0.5335641491883444,0.17798497373789532,-2.9978044662022025,0.002719320823870558,0.0031691941526807883
SNORA52,0.73740846,-1.607930656270647,0.08448464356705158,-19.032223944870005,9.225317298217874e-81,2.530220057583426e-80
SNORA53,4.2078004,-0.4517807062540584,0.034242464134716426,-13.193580475887085,9.553757758238531e-40,1.852075358979035e-39
SNORA54,0.22973919,-0.5278730992787171,0.16661174404881468,-3.1682826579383163,0.0015334235496029512,0.0018022728349132019
SNORA55,0.17735156,-0.5872770748411237,0.1426543152980913,-4.116784505354402,3.841949873955622e-05,4.7264642868972445e-05
SNORA56,0.1931027,-0.7355860169613294,0.13928276853649227,-5.281242071007548,1.283110248353996e-07,1.6610187286983536e-07
SNORA57,5.499393,-1.1703698920294054,0.05797884729890495,-20.186153167131184,1.2956870107618e-90,3.8219200017530405e-90
SNORA58,0.03141937,-0.42988054731722136,0.38434019033969175,-1.1184897081340353,0.26335789967365253,0.27928448168850356
SNORA59B,1.1327881,-0.9442734844579149,0.03338127805710464,-28.287517417474746,4.921915249560675e-176,2.7371011353675437e-175
SNORA5A,0.69396275,-0.9477475535024364,0.07372592298291167,-12.855011034885342,8.061435694901628e-38,1.5344312762948977e-37
SNORA5B,0.012768988,-0.43897953652417776,0.8815979940192517,-0.49793617896389136,0.6185290261184557,0.6340062653683235
SNORA5C,0.37996635,-0.8260344131386723,0.08672004450067607,-9.525299691609735,1.6456639434920937e-21,2.6201667494764632e-21
SNORA61,0.4106246,-0.6964423483603595,0.09849286311733693,-7.070993027491452,1.5382886974251868e-12,2.168087199091684e-12
SNORA62,0.8607115,-1.6836636253092683,0.07778819670753585,-21.644204346829405,6.892310473373698e-104,2.2559573782542623e-103
SNORA63,4.0012293,-1.1555832517370166,0.05004271433680075,-23.091937898484776,5.5795129873927555e-118,2.037182656211067e-117
SNORA64,0.22727369,-0.5374805467169174,0.2764614835152421,-1.9441425976696118,0.051878257637301424,0.05749847282039413
SNORA65,0.770766,-1.350010465561084,0.07272173138168067,-18.564058362080818,6.277809104756405e-77,1.6713732910126277e-76
SNORA66,0.0085742,-0.4261061959888622,0.8160768959535818,-0.5221397617083121,0.6015730237670045,0.6174964803303642
SNORA67,4.1485643,-1.6096528108381307,0.049761479305516,-32.347366543415895,1.5108127558887793e-229,1.2600834451921203e-228
SNORA68,0.7660092,-1.5521727942681154,0.09686495297755379,-16.024090721726726,8.675055709768436e-58,1.9685182701201026e-57
SNORA69,0.07876023,-0.5565792070168031,0.28581729632828423,-1.9473251415041268,0.051495766385697216,0.057077651777352446
SNORA6,1.3023094,-1.5534830889810123,0.07617413824772168,-20.393838705848125,1.8966434177622108e-92,5.669323644431192e-92
SNORA70B,0.07735704,-0.5220983665121219,0.2923339171622463,-1.785965759909944,0.07410480225914398,0.08144127768928001
SNORA70C,0.0017704299,-0.41839568777804925,3.014849573541401,-0.13877829641980433,0.8896253449543818,0.8951074652669958
SNORA70,0.14643008,-0.38062358480988273,0.19492190101808393,-1.9526978898824217,0.05085540388627372,0.05638015507082589
SNORA71A,0.7169753,-1.6615729247482667,0.09281211798904898,-17.902542908721443,1.1265839968667578e-71,2.8680909831449698e-71
SNORA71B,0.4191185,-0.9238345031390531,0.09077334024928005,-10.177376976566425,2.502150759445966e-24,4.131156216978382e-24
SNORA71C,0.42251354,-1.065661822127116,0.10052311076210682,-10.601162399849127,2.9429928581497173e-26,4.9681916748814343e-26
SNORA71D,0.26329595,-0.7530946661511078,0.12860608871102827,-5.855824352478952,4.746496719733826e-09,6.304405448660031e-09
SNORA72,1.335654,-1.926082006898716,0.0635135937707866,-30.32550817152197,5.286206302396509e-202,3.58859200101669e-201
SNORA74A,1.2719741,-0.9114198874247651,0.059841611342412934,-15.23053719609307,2.217618758761953e-52,4.792325688317015e-52
SNORA74B,1.4979962,-0.6534616974902281,0.06781998087481467,-9.63523859873123,5.675998294862561e-22,9.093299440124873e-22
SNORA75,0.23308326,-0.7324667149471111,0.12465053717810849,-5.876161720029468,4.198881443049856e-09,5.581784348615868e-09
SNORA76,1.9532429,-2.093907814521734,0.0646714707474105,-32.37761242047484,5.671582329210821e-230,4.74589990301698e-229
SNORA77,0.1108823,-0.49883369249254245,0.20370098336101683,-2.4488526479445873,0.014331206359048823,0.016269043730560664
SNORA78,0.16390619,-0.6386476123425732,0.19177696473396394,-3.3301580991675164,0.0008679668585094055,0.001028815630670295
SNORA79,0.0477883,-0.46330977629437153,0.32252257543229385,-1.4365189031291012,0.15085474135875174,0.16282746682869403
SNORA7B,15.995816,-0.6592686013703608,0.02906259954681857,-22.68443331465611,6.382366451489522e-114,2.2590159698517937e-113
SNORA80,0.24949504,-0.6747601410326503,0.15418632091949908,-4.376264619381791,1.207304331275505e-05,1.5027823967007829e-05
SNORA81,3.085612,-0.9794242446283569,0.04405519059501344,-22.23175592705793,1.6937807142086485e-109,5.790710589517023e-109
SNORA84,0.3933306,-1.0125980168693711,0.1368246632758659,-7.400698036638109,1.3547047161701287e-13,1.9407806147707867e-13
SNORA8,709.7657,-0.25320797189124217,0.017766155329515598,-14.252266019006264,4.339676542843782e-46,8.904603379939181e-46
SNORA9,0.11718169,-0.5760201198147716,0.24986428744626155,-2.3053319291923886,0.021147990636224454,0.02382689216175394
SNORD102,0.0,,,,,
SNORD103A,0.08256855,-0.5950330756200451,0.47057318181802443,-1.2644857348673786,0.2060557376495159,0.22022619364830145
SNORD104,0.1514422,-0.6849862124934502,0.28690434458269737,-2.3875072839686804,0.016963066608639943,0.019191501699655493
SNORD105B,0.0016847103,-0.41993838139078404,3.0148496610627498,-0.1392899907462562,0.8892209990064831,0.8951074652669958
SNORD105,0.0026485315,-0.4219608020160008,2.320999498921349,-0.1818013326638377,0.8557386386372172,0.8636715716842706
SNORD109B,0.0,,,,,
SNORD10,3.9801342,-0.8847360824775659,0.046596799924700914,-18.98705670576679,2.1822195660949524e-80,5.9618636803713275e-80
SNORD110,0.0,,,,,
SNORD111B,0.0030253758,-0.42115225257929484,3.01484941097921,-0.13969263308660795,0.8889028472779789,0.8951074652669958
SNORD111,0.0011262265,-0.41872451020237256,3.014849911356461,-0.1388873484630541,0.8895391685335633,0.8951074652669958
SNORD113-1,0.0,,,,,
SNORD113-2,0.0,,,,,
SNORD113-4,0.0,,,,,
SNORD113-5,0.0,,,,,
SNORD113-6,0.0,,,,,
SNORD113-7,0.0,,,,,
SNORD113-9,0.0,,,,,
SNORD114-10,0.0,,,,,
SNORD114-11,0.0,,,,,
SNORD114-12,0.0,,,,,
SNORD114-13,0.0,,,,,
SNORD114-14,0.0,,,,,
SNORD114-15,0.0,,,,,
SNORD114-16,0.0,,,,,
SNORD114-17,0.0,,,,,
SNORD114-18,0.0,,,,,
SNORD114-19,0.0,,,,,
SNORD114-1,0.0,,,,,
SNORD114-20,0.0,,,,,
SNORD114-21,0.0,,,,,
SNORD114-22,0.0,,,,,
SNORD114-23,0.0,,,,,
SNORD114-24,0.0,,,,,
SNORD114-25,0.0,,,,,
SNORD114-26,0.0,,,,,
SNORD114-27,0.0,,,,,
SNORD114-28,0.0,,,,,
SNORD114-29,0.0,,,,,
SNORD114-2,0.0,,,,,
SNORD114-30,0.0,,,,,
SNORD114-31,0.0,,,,,
SNORD114-3,0.0,,,,,
SNORD114-4,0.0021146452,-0.417915262743486,3.0148500783357877,-0.13861892030603967,0.8897512914147018,0.8951074652669958
SNORD114-5,0.0,,,,,
SNORD114-6,0.0,,,,,
SNORD114-7,0.0,,,,,
SNORD114-8,0.0,,,,,
SNORD114-9,0.0,,,,,
SNORD115-10,0.0,,,,,
SNORD115-11,0.0,,,,,
SNORD115-13,0.19451682,0.5922437057404925,0.15686847557156317,3.7754157014824288,0.00015974104087541452,0.00019351230817461407
SNORD115-14,0.0,,,,,
SNORD115-16,0.0,,,,,
SNORD115-17,0.0,,,,,
SNORD115-1,0.0,,,,,
SNORD115-20,0.00027786806,-0.41751063901405944,3.014850161860524,-0.13848470623707726,0.8898573558085677,0.8951074652669958
SNORD115-22,0.0,,,,,
SNORD115-25,0.0,,,,,
SNORD115-26,2.8966067,1.8893262528868218,0.09480535333299714,19.9284764674701,2.304716479022453e-88,6.687816818189584e-88
SNORD115-2,0.0002933806,-0.4171060152846441,3.0148502454086548,-0.13835049217448162,0.8899634221687965,0.8951074652669958
SNORD115-30,0.0,,,,,
SNORD115-31,0.0,,,,,
SNORD115-32,0.00020394192,-0.4171060152846441,3.0148502454086548,-0.13835049217448162,0.8899634221687965,0.8951074652669958
SNORD115-33,0.0,,,,,
SNORD115-35,0.0,,,,,
SNORD115-37,0.0,,,,,
SNORD115-38,0.0,,,,,
SNORD115-39,0.0,,,,,
SNORD115-3,0.0,,,,,
SNORD115-40,0.0,,,,,
SNORD115-41,0.00028192604,-0.4171060152846441,3.0148502454086548,-0.13835049217448162,0.8899634221687965,0.8951074652669958
SNORD115-44,0.0,,,,,
SNORD115-48,0.0,,,,,
SNORD115-4,0.0003428699,-0.4171060152846441,3.0148502454086548,-0.13835049217448162,0.8899634221687965,0.8951074652669958
SNORD115-5,0.0,,,,,
SNORD115-6,0.0,,,,,
SNORD115-7,0.038943093,-0.23663500364021256,0.35498835019899766,-0.6665993503943464,0.5050280841567398,0.5221076913292574
SNORD115-8,0.0,,,,,
SNORD115-9,0.0,,,,,
SNORD116-10,0.0,,,,,
SNORD116-11,0.0,,,,,
SNORD116-12,0.001131112,-0.41872451020237256,3.014849911356461,-0.1388873484630541,0.8895391685335633,0.8951074652669958
SNORD116-13,0.0019536773,-0.4211519420301026,2.7285929988303175,-0.15434765910879356,0.877335620980224,0.8841100780842637
SNORD116-14,0.0049281563,-0.42689156205331696,1.5849186938117472,-0.26934603252526346,0.787663411726842,0.7981305693483364
SNORD116-15,0.0070370613,-0.4284343686886972,1.7558559609734055,-0.24400314046898428,0.8072283876787696,0.8168578331304771
SNORD116-16,0.0073044314,-0.42729623291799473,1.6589952618469568,-0.25756326298502297,0.7967439851622846,0.8070104872596494
SNORD116-18,0.00054950896,-0.417915262743486,3.0148500783357877,-0.13861892030603967,0.8897512914147018,0.8951074652669958
SNORD116-19,0.01457613,-0.4454287945550119,0.9931504175322408,-0.44850083803197105,0.6537917814996573,0.6685693344493207
SNORD116-1,0.0061600213,-0.42729623579656606,1.6635842860487606,-0.25685277228210235,0.7972924298916381,0.8075258235990179
SNORD116-20,26.1068,0.9535380142733392,0.03577135707007292,26.656467419042627,1.5059460617887748e-156,7.279096835697452e-156
SNORD116-22,0.0024831789,-0.42196091101519495,2.442169447803293,-0.1727811767503457,0.8628234332841553,0.8703474348824316
SNORD116-23,0.0054439153,-0.42722046963080496,1.7201808052605774,-0.2483578867548685,0.8038575144371861,0.8137298695518432
SNORD116-24,0.014733148,-0.4430006964701408,0.9812742415300069,-0.45145452486290916,0.6516619932450822,0.6664583573856748
SNORD116-25,0.0,,,,,
SNORD116-26,0.0016171664,-0.41993838139078404,3.0148496610627498,-0.1392899907462562,0.8892209990064831,0.8951074652669958
SNORD116-27,0.0010001541,-0.41912913393183193,3.0148498279018634,-0.1390215625511,0.8894331100500437,0.8951074652669958
SNORD116-28,84.01447,0.9086749021235633,0.03635901304215743,24.991737291382904,7.518337964393964e-138,3.1703778503955405e-137
SNORD116-29,0.0,,,,,
SNORD116-2,0.0048619052,-0.42641132854482167,1.8816012052696076,-0.2266215217925112,0.8207180556833803,0.8300133572926303
SNORD116-3,0.026571434,-0.4523084858482634,1.1997945698991854,-0.37698827548975267,0.7061823180156208,0.7192178995737881
SNORD116-4,164.25662,1.3852946610588608,0.0453600781055086,30.53995316843664,7.6881322171030175e-205,5.3329704874957516e-204
SNORD116-5,0.005064696,-0.42762545591503337,2.2120942970144566,-0.1933124896584093,0.8467142454822973,0.8550297764879764
SNORD116-8,0.0028553684,-0.42236551538866296,2.420176071387439,-0.1745185073028712,0.8614579872208733,0.8691423342003944
SNORD117,0.0020079606,-0.4203430051202768,3.014849577678228,-0.13942420485336054,0.8891149464501944,0.8951074652669958
SNORD119,0.020780502,-0.4604018830826854,0.7003622169963124,-0.6573768143250789,0.5109386561301807,0.5280036597205395
SNORD11B,0.00583947,-0.4281811411008759,1.4110927499444204,-0.30343940263157115,0.7615550212998852,0.7728676874853877
SNORD11,0.0021408773,-0.4215568763088205,3.0148493276647024,-0.13982684721274538,0.888796800665803,0.8951074652669958
SNORD121A,0.0037636075,-0.42479283467417245,1.8909518046970148,-0.2246449822882908,0.822255468325824,0.8314855749091269
SNORD121B,0.0010527846,-0.41912913393183193,3.0148498279018634,-0.1390215625511,0.8894331100500437,0.8951074652669958
SNORD123,0.03375814,-0.4810421037866511,0.6205297545033706,-0.7752119866865114,0.4382144063641048,0.4557188077420856
SNORD124,0.039480526,-0.49746348778583094,0.48810552967044674,-1.0191719977475002,0.3081213181543392,0.324809295101962
SNORD125,0.0133199515,-0.4454287360538492,0.8632904112077554,-0.5159662730768527,0.6058779653416417,0.621758631805559
SNORD126,0.0020794955,-0.4203430051202772,3.014849577678228,-0.1394242048533607,0.8891149464501943,0.8951074652669958
SNORD127,0.0050373785,-0.42802961087233643,1.5429374284991673,-0.27741216394542045,0.7814636425440868,0.7922821721306241
SNORD12B,0.052844573,-0.5220862386195827,0.4433356292194854,-1.1776320336327168,0.2389433334038097,0.25424100160803603
SNORD12C,0.0005963435,-0.4179152627434865,3.0148500783357877,-0.13861892030603984,0.8897512914147017,0.8951074652669958
SNORD12,0.028233174,-0.4737563232089435,0.6235462148142853,-0.7597774021449963,0.44738765284251847,0.4648073700867949
SNORD15A,0.46042615,-0.8720320321917302,0.09480788546377353,-9.197885048548384,3.6506402136407024e-20,5.724669499307638e-20
SNORD15B,3.8698304,-1.1867615308718027,0.06865099335285246,-17.286880683169205,5.906310513688242e-67,1.4478817067812032e-66
SNORD16,0.08256677,-0.5734589865271335,0.3848389435227878,-1.4901272238140233,0.1361907872738195,0.14745310774876044
SNORD17,22.198305,-0.7381656047543995,0.04132927692992052,-17.86059809384183,2.3906384426467524e-71,6.074763860939246e-71
SNORD18A,0.0,,,,,
SNORD18B,0.0,,,,,
SNORD18C,0.0,,,,,
SNORD19B,0.044083264,-0.510596324562618,0.4985920154182247,-1.0240764167358838,0.30579918247463067,0.3224475981039991
SNORD19,0.0011517431,-0.41912913393183193,3.0148498279018634,-0.1390215625511,0.8894331100500437,0.8951074652669958
SNORD1A,0.0,,,,,
SNORD1B,0.010104461,-0.4369311461388457,1.1059986014406635,-0.39505578539584335,0.6928017184911017,0.7061201595374388
SNORD1C,61.694477,-0.6658302285329784,0.024052968272029997,-27.681832071729765,1.1554775958739102e-168,6.134124739086555e-168
SNORD20,0.005363988,-0.4280296346299416,1.5829656566984243,-0.27039729688304087,0.7868546194522543,0.7973904030576628
SNORD21,0.084479466,-0.5884634705072134,0.34597095495371566,-1.7009042582373386,0.0889609669013684,0.09738446742364551
SNORD22,1.1627743,-0.8041786827164452,0.08723319995454358,-9.218722724094672,3.006601757458704e-20,4.7209166419945833e-20
SNORD23,0.052506752,-0.5259597521444083,0.5236562764398043,-1.0043988314630061,0.31518641304088735,0.3319304874353106
SNORD24,0.0,,,,,
SNORD25,0.0,,,,,
SNORD26,0.0,,,,,
SNORD27,0.0,,,,,
SNORD28,0.0,,,,,
SNORD29,0.0,,,,,
SNORD2,0.0,,,,,
SNORD30,0.0,,,,,
SNORD31,0.0,,,,,
SNORD32A,0.12509525,-0.6636132309279108,0.2831205118722824,-2.3439249475052915,0.019082010798930432,0.021533765193471797
SNORD32B,0.0,,,,,
SNORD33,0.07121451,-0.554488014948842,0.3774990113986969,-1.468846270336898,0.14187449070619482,0.15339472948950716
SNORD34,0.0,,,,,
SNORD35A,0.11596735,-0.6451861231333904,0.30280354420835554,-2.130708624366185,0.03311315413933281,0.03701277616792998
SNORD35B,0.2297835,-0.8778038268593668,0.2479881391666213,-3.539700849440937,0.0004005808246953415,0.0004797591040633248
SNORD36A,0.0,,,,,
SNORD36B,0.0,,,,,
SNORD36C,0.0,,,,,
SNORD37,0.0,,,,,
SNORD38A,0.0,,,,,
SNORD38B,0.0,,,,,
SNORD41,0.0,,,,,
SNORD42A,0.0,,,,,
SNORD42B,0.0,,,,,
SNORD43,0.0,,,,,
SNORD44,0.0,,,,,
SNORD45A,0.007997457,-0.4324803842695405,1.35040142501677,-0.3202606101101898,0.7487707804187087,0.7606898362547151
SNORD45B,0.0,,,,,
SNORD45C,0.0019562051,-0.42155657638183247,2.738475134620954,-0.15393843495321063,0.8776582785691256,0.8843914518604646
SNORD46,0.057267312,-0.5232014435559702,0.430197230370861,-1.216189706997725,0.22391266379213104,0.23865964725113845
SNORD47,0.0007727459,-0.41872451020237256,3.014849911356461,-0.1388873484630541,0.8895391685335633,0.8951074652669958
SNORD48,0.0,,,,,
SNORD49A,0.0,,,,,
SNORD49B,0.0,,,,,
SNORD4A,0.0,,,,,
SNORD4B,0.0,,,,,
SNORD50A,0.0,,,,,
SNORD50B,0.0,,,,,
SNORD51,0.0,,,,,
SNORD52,0.0,,,,,
SNORD53,0.0,,,,,
SNORD54,0.0,,,,,
SNORD55,0.0,,,,,
SNORD56B,0.0,,,,,
SNORD56,0.0,,,,,
SNORD57,0.0,,,,,
SNORD58A,0.0,,,,,
SNORD58C,0.14701936,-0.7162890508707971,0.2845557634895584,-2.517218565833339,0.011828542641922284,0.01347078926256619
SNORD59A,0.0,,,,,
SNORD59B,0.0,,,,,
SNORD5,0.0,,,,,
SNORD60,0.105749145,-0.6220551040131944,0.3261947758573879,-1.9070051087671513,0.056519925937719366,0.06253065819834956
SNORD61,0.0,,,,,
SNORD62A,0.0501358,-0.511207494116685,0.6287482196623002,-0.8130559707847027,0.41618596859007606,0.4337187824797993
SNORD63,0.0,,,,,
SNORD65,0.0,,,,,
SNORD66,0.0,,,,,
SNORD67,0.09925651,-0.5182745459504035,0.32789758953429726,-1.5805988286967667,0.1139697938189045,0.12401448596253752
SNORD68,0.0,,,,,
SNORD69,0.0013738341,-0.4195337576613027,3.0148497444706264,-0.13915577664550183,0.8893270535403914,0.8951074652669958
SNORD6,0.0,,,,,
SNORD70,0.0012640408,-0.4195337576613027,3.0148497444706264,-0.13915577664550183,0.8893270535403914,0.8951074652669958
SNORD71,0.00065555336,-0.4183198864729246,3.014849994834435,-0.13875313438136655,0.8896452289890746,0.8951074652669958
SNORD72,0.009593,-0.43814499617880814,1.0471870801709338,-0.41840183523586744,0.675653344983018,0.6895742154857261
SNORD73A,0.0,,,,,
SNORD74,0.0,,,,,
SNORD75,0.0,,,,,
SNORD76,0.061863657,-0.5353726742103461,0.4988755427767766,-1.073158790728493,0.2831998767251813,0.299406256958403
SNORD77,0.0,,,,,
SNORD78,0.0,,,,,
SNORD79,0.10894213,-0.6425019997541437,0.3131679603529241,-2.051621114210014,0.040206498583519365,0.04477187029819345
SNORD7,0.028042587,-0.4745656833476127,0.6200693628697321,-0.76534289833525,0.44406738565026316,0.4615462479300443
SNORD80,0.0,,,,,
SNORD81,0.0,,,,,
SNORD82,0.0,,,,,
SNORD84,0.0014516098,-0.41912913393183243,3.0148498279018634,-0.13902156255110013,0.8894331100500436,0.8951074652669958
SNORD85,0.0,,,,,
SNORD86,0.008931021,-0.4336943826926444,1.5710462842287425,-0.2760544912306982,0.7825062136754283,0.7932206733826949
SNORD87,0.028817076,-0.47861331325635903,0.5964551317160416,-0.8024297014250783,0.42230443785012606,0.4398923535528635
SNORD88A,0.030286709,-0.47423687167031736,0.5742375700995154,-0.8258548314561377,0.40888644572594857,0.42659214658883815
SNORD88B,0.20490147,-0.8266076247861505,0.2561038694830073,-3.227626456620159,0.0012482185578788737,0.001471822171890188
SNORD88C,0.08714229,-0.5852962293998925,0.34633704069634197,-1.689961397784948,0.09103534001243094,0.09961776336001513
SNORD89,0.7323258,-1.6471760616724467,0.1320546431868762,-12.47344297724887,1.0422356689510502e-35,1.9449015567529269e-35
SNORD8,0.042626407,-0.477385164255362,0.5054108215320716,-0.9445487589843161,0.34488929768508914,0.36229302985247047
SNORD90,0.00093859376,-0.41912913393183193,3.0148498279018634,-0.1390215625511,0.8894331100500437,0.8951074652669958
SNORD91A,0.0034159094,-0.42438831437153185,2.0326723542749003,-0.20878343402418176,0.8346173040822262,0.8433996969181538
SNORD91B,0.003950192,-0.42236574692050605,2.661998665513621,-0.158664898067863,0.8739328950647927,0.8808990895447131
SNORD92,0.0017080562,-0.41993838139078404,3.0148496610627498,-0.1392899907462562,0.8892209990064831,0.8951074652669958
SNORD93,0.0,,,,,
SNORD94,1.4938048,-0.9118131031469309,0.06552857336092699,-13.914740644889754,5.154657462267499e-44,1.0395608843417932e-43
SNORD95,0.0,,,,,
SNORD96A,0.0,,,,,
SNORD96B,0.0,,,,,
SNORD97,1.9459968,-0.9355076788983654,0.06371759578475238,-14.682093185980383,8.395812374201697e-49,1.7636230306064006e-48
SNORD98,0.0,,,,,
SNORD99,0.034141663,-0.48387558511411694,0.5512743778220986,-0.8777400230820597,0.38008481938966254,0.39766415735413635
SNORD9,0.022614153,-0.45584937137636855,0.717053157687507,-0.6357260497206102,0.5249549944764982,0.5418830164045544
SNPH,601.2877,0.7062556683875387,0.03191740508892774,22.12760299340692,1.7145209458958575e-108,5.821536347147059e-108
SNRK,2310.4514,0.7000743958941725,0.015123450949915188,46.29065140043969,0.0,0.0
SNRNP200,13497.919,0.10706444097151752,0.010404824714505687,10.289884155593287,7.827048289815157e-25,1.3008234786314022e-24
SNRNP25,1494.1133,-0.31999574002024284,0.01547701072824954,-20.67555199378185,5.750516317549148e-95,1.7507815419318543e-94
SNRNP27,1203.8108,0.24715716430956078,0.010084680550532604,24.508179815027223,1.2084482280616035e-132,4.9294324734734894e-132
SNRNP35,992.6311,-0.3225206489736199,0.012841017652869248,-25.116439965453562,3.2892406358608742e-139,1.39861424614644e-138
SNRNP40,1632.5645,-0.17089703478164445,0.011378445819058364,-15.01936534209267,5.483016771058655e-51,1.1723244952949291e-50
SNRNP48,779.6177,-0.02668347268471656,0.012491965106153646,-2.1360508501238176,0.032675269291041704,0.03653335205098127
SNRNP70,7611.833,-0.3707235253984024,0.012864133353085165,-28.81838326944061,1.2622230058821586e-182,7.384367292170938e-182
SNRPA1,1052.749,-0.5892178260059444,0.013995271161626213,-42.10120827251473,0.0,0.0
SNRPA,3266.0518,-0.5766942767364135,0.011809323538424064,-48.83381125599786,0.0,0.0
SNRPB2,2383.862,-0.1395319214003717,0.011565334717617086,-12.06466780315726,1.6231601154638307e-33,2.9576583541330106e-33
SNRPB,8863.412,-0.7657858880089007,0.015088427669584311,-50.7531934260184,0.0,0.0
SNRPC,3125.5884,-0.44678720618056994,0.012817894753840209,-34.856520104185876,3.391542771424734e-266,3.6786584594265406e-265
SNRPD1,2005.9006,-0.47907503394217255,0.013438715356458245,-35.64887128232412,2.4530933614893046e-278,2.8885209801365384e-277
SNRPD2,6931.074,-0.5738028958288911,0.014736643318572606,-38.937150301095144,0.0,0.0
SNRPD3,3948.9497,-0.40180812858804493,0.011460091445651757,-35.06151155019805,2.603578283139861e-269,2.9012725925804283e-268
SNRPE,2026.2793,-0.3616331449820326,0.014872346434736998,-24.315809651755714,1.3339710820588554e-130,5.372565234349404e-130
SNRPF,2139.7998,-0.6912441799547828,0.0152901207646946,-45.20854940210078,0.0,0.0
SNRPG,1870.881,-0.5144505368439184,0.01378262316881256,-37.326024991238356,6.210142924400981e-305,8.92253350726038e-304
SNRPN,6154.5063,0.5207564481286955,0.027460221819929374,18.964029188968684,3.3821413025823494e-80,9.22768892780408e-80
SNTA1,1796.4448,0.5896515857211156,0.026329012845799447,22.395506780847242,4.353358833092023e-111,1.5103959182501787e-110
SNTB1,2235.2517,0.22484164577482046,0.031289474841511886,7.185855528534535,6.678763811441531e-13,9.464255059312183e-13
SNTB2,1860.5946,0.41214337704288584,0.014885445346277022,27.687675273079183,9.826872742662527e-169,5.220910808138476e-168
SNTG1,17.29945,2.54212900673544,0.14154243563603153,17.96018978557344,3.9943972663827236e-72,1.0200945050964108e-71
SNTG2,7.4216614,0.571011308927306,0.05488317324824108,10.404123434054645,2.3743115965934233e-25,3.966733119567168e-25
SNTN,54.981754,-1.3938027176292718,0.08384616258697514,-16.623333431431103,4.723184555398016e-62,1.111668374142754e-61
SNUPN,1046.5701,-0.06357094545420926,0.009828536086524594,-6.4679973593797095,9.931023310025215e-11,1.3572242973001499e-10
SNURF,209.33939,1.0598904118430932,0.04102442290881912,25.83559588879057,3.532352289560867e-147,1.5970499725331932e-146
SNW1,2934.0745,0.035213878432607364,0.008311642579197653,4.236693060014458,2.2683588660007725e-05,2.8032972048627976e-05
SNX10,1577.6249,0.3076633339304727,0.029942740658618554,10.275055895456804,9.129150309096975e-25,1.5157427103482736e-24
SNX11,1264.0165,-0.03166128868084415,0.010273281859495357,-3.0819059686929884,0.002056797986074873,0.002407955733093637
SNX12,521.3869,0.14563836913163317,0.01349539013123144,10.791712408120194,3.7670407141115734e-27,6.419451067096134e-27
SNX13,2106.1304,0.3627233795526876,0.013311850868424764,27.24815528192661,1.7476420574065055e-163,8.908423797380833e-163
SNX14,2416.9138,0.190412232355789,0.011493236436485144,16.567329264307798,1.2004020072553665e-61,2.8116641124841243e-61
SNX15,1147.1597,0.08509832163702406,0.010554097725814312,8.063059851045507,7.440807051424728e-16,1.1036528541450972e-15
SNX16,536.59296,0.153852350828701,0.015364402744241683,10.013558833997777,1.3288444706805477e-23,2.1712636098383042e-23
SNX17,5771.226,0.0010489972725545636,0.008885696620410579,0.11805459013140297,0.906024403587705,0.9103618020255693
SNX18,1768.0222,0.6706571405483736,0.0142963172809053,46.91118190585547,0.0,0.0
SNX19,3661.381,0.4009306044677745,0.012422938415875676,32.27341157510789,1.6517923795886162e-228,1.3686951996762163e-227
SNX1,6362.3667,0.5243966495801061,0.014507887906425904,36.145623192183464,4.358759328339135e-286,5.4308434005909705e-285
SNX20,158.61961,-0.44246787006167476,0.032012015289654555,-13.821931111118417,1.879590111236608e-43,3.76973451627092e-43
SNX21,1075.9828,0.22947683595642368,0.016523127910621327,13.888220026966708,7.466788746493151e-44,1.5031776138619012e-43
SNX22,1430.5303,0.9698895209336369,0.03415371808156842,28.3977726412473,2.1543255276224995e-177,1.2089281537173777e-176
SNX24,538.67145,0.21579715497818633,0.017464625963388488,12.356242580320188,4.5073720663645504e-35,8.359805766522355e-35
SNX25,949.9113,0.4952741715835491,0.021220856066576876,23.339028832282235,1.7812794268930225e-120,6.621337931735448e-120
SNX27,2615.4438,0.2998497009545438,0.012148935069710836,24.6811510008079,1.7045974575559316e-134,7.037902988923384e-134
SNX29,1567.2976,0.6093645547239529,0.01880434675717351,32.40551573489208,2.2950998468768574e-230,1.9292294707913268e-229
SNX2,3129.129,0.3687118955580728,0.011239108336261166,32.806151922967366,4.811195182528706e-236,4.2129515148861044e-235
SNX30,1602.6143,0.3953924587891839,0.019129043977784043,20.66974487843627,6.485816447881386e-95,1.9737628858358317e-94
SNX31,106.55568,-1.8955505960844157,0.06829228094821212,-27.756439963132333,1.4569540039822524e-169,7.781250411089894e-169
SNX32,49.1077,1.1248122929457691,0.049693829179127805,22.63484846159145,1.9673916327609442e-113,6.94419664552359e-113
SNX33,2055.4612,0.09672721498188325,0.014662520600547473,6.596902239187417,4.198373999739017e-11,5.7714177083515626e-11
SNX3,6591.8687,0.3035887333807304,0.011106869172409118,27.33342120702057,1.7002278199812749e-164,8.756624889197767e-164
SNX4,1892.715,0.2460423348365708,0.011280212458366513,21.811852901235174,1.7907515724946946e-105,5.9387377853753844e-105
SNX5,4821.6777,0.266791803363467,0.013255250480877593,20.12725476205437,4.259477914476065e-90,1.2515328454440498e-89
SNX6,2947.632,0.15727484245346907,0.011362430690099382,13.841654725384595,1.4287920228503232e-43,2.8692815933329777e-43
SNX7,1031.1892,0.2966638292116465,0.02008084315209593,14.773474747283323,2.1721910788046315e-49,4.5865627643003e-49
SNX8,1172.9536,-0.4078420800379327,0.01886431399231267,-21.619767366262614,1.1706587008255375e-103,3.821298779879288e-103
SNX9,3591.9595,0.29992848625014223,0.014826809457561803,20.228794813113083,5.462170423211115e-91,1.6154027839360122e-90
SOAT1,2043.6003,0.053892974358923415,0.02114173563428476,2.5491272472221818,0.01079928885593724,0.01232414359966515
SOAT2,23.27735,-0.5280904122061933,0.06171193391189595,-8.55734667074492,1.1549483495866581e-17,1.756056269547033e-17
SOBP,601.27124,1.1816316049504192,0.03312570844371482,35.6711346100922,1.1082876281627917e-278,1.3072785528253925e-277
SOCS1,389.9367,-0.5985690240582893,0.029217836655003108,-20.486425163027718,2.845341724619119e-93,8.556619227698767e-93
SOCS2,1132.6569,0.5967571388494887,0.02994521007344863,19.928300298638156,2.3128423514555362e-88,6.710439993342349e-88
SOCS3,4904.4683,0.457544845862991,0.02873743409200256,15.921562252153985,4.4902379728820446e-57,1.0113591646189352e-56
SOCS4,1260.9187,0.1795412236439508,0.01361789992984637,13.18420788586132,1.081843209527342e-39,2.0962449702833496e-39
SOCS5,1255.0656,0.4937095847277958,0.01192234952065393,41.41042701964975,0.0,0.0
SOCS6,1604.539,0.2783947941711251,0.016304158764921986,17.075078707531052,2.27518716879371e-65,5.496681567517639e-65
SOCS7,163.12038,0.4665250842932998,0.02279324675688153,20.467688928627545,4.179772372588319e-93,1.253808541822979e-92
SOD1,10572.733,-0.19973292771879347,0.017651631418937986,-11.315267296172133,1.1026573474330831e-29,1.9286083278685687e-29
SOD2,17729.713,0.2109356563206695,0.0258085958777908,8.173077579248975,3.0062053562452983e-16,4.485732545279832e-16
SOD3,2281.0813,0.4504100934708015,0.03642572837836776,12.365163677503501,4.0338880249066005e-35,7.485728402066674e-35
SOHLH1,41.10105,-1.5245140712725955,0.10183445813771104,-14.970512920204186,1.1443525630916086e-50,2.440590177245135e-50
SOHLH2,64.90228,0.2819553841895464,0.04979061330740067,5.662822075494253,1.4890353445945615e-08,1.9573392678590313e-08
SOLH,2587.8552,-0.6954310431982907,0.015980987028491142,-43.51615090848055,0.0,0.0
SON,11229.093,0.24342575538207734,0.012991877530109846,18.73676493777872,2.482707358608247e-78,6.677954698626675e-78
SORBS1,3867.6682,2.051157440305179,0.033275617194520185,61.64145441133884,0.0,0.0
SORBS2,2508.0352,0.7072811639765577,0.03547365344159621,19.938210343657573,1.8973213503889518e-88,5.508780001792451e-88
SORBS3,4670.1587,0.2849659602312998,0.017248347573504096,16.521348437403233,2.5757433999328042e-61,6.0192332276437054e-61
SORCS1,300.1591,0.5929438117575756,0.05963308524112903,9.943201988627303,2.700057492871178e-23,4.3934199566307793e-23
SORCS2,669.05554,0.8988781351268207,0.03797534889940808,23.670042835099046,7.3397815596006e-124,2.8072630616552438e-123
SORCS3,133.64153,2.4185342573684845,0.08750203478883149,27.639748757901792,3.706503357922498e-168,1.9574760535394067e-167
SORD,4288.4683,0.2531228116517829,0.032288221569958045,7.839478278583673,4.52422209750285e-15,6.628905194894604e-15
SORL1,6676.8506,0.35942882867875714,0.026690901778393467,13.466342638513554,2.4679098996064453e-41,4.848420114454079e-41
SORT1,7100.9316,0.494037905159875,0.02004927534306466,24.641185115489474,4.574739311924605e-134,1.8846037566060915e-133
SOS1,2786.856,0.2002418582392029,0.013110916111090765,15.272911255210811,1.15881925199224e-52,2.513305758102697e-52
SOS2,2102.6978,0.5022065692031945,0.013451779329198011,37.33383940614611,4.637907514465446e-305,6.687192569900993e-304
SOSTDC1,497.86697,0.42087171199066087,0.057471910956984416,7.323085399155557,2.423334714479422e-13,3.4551909413885113e-13
SOST,46.79678,-0.22181982384904025,0.08513318515916818,-2.6055623718802208,0.009172357185254209,0.010490423006268772
SOX10,2075.164,-0.3198232958783537,0.0825389634446154,-3.874815996362237,0.00010670529666732106,0.00012981255660890286
SOX11,407.47244,1.8939276613624385,0.057338915767236105,33.03040589485027,2.9738162561653885e-239,2.671841357425911e-238
SOX12,2095.5408,-0.08639263739552067,0.020178197810913744,-4.281484313172589,1.856508126828054e-05,2.299905619696504e-05
SOX13,2329.33,0.09944548529018567,0.02144445730096999,4.637351456112041,3.5290205782345666e-06,4.439953649257048e-06
SOX14,8.90332,-1.33020029874373,0.13982332570982967,-9.513436273889285,1.8446624280614367e-21,2.9356274816620642e-21
SOX15,511.21246,-1.467232785787262,0.04719949496251397,-31.085772992964106,3.7502580016186467e-212,2.7593604139846053e-211
SOX17,1052.3917,-1.0130272677309289,0.04967669238250272,-20.392405757025415,1.9530220349986553e-92,5.835276725937426e-92
SOX18,559.3241,0.4164972180473596,0.026748239134537128,15.571014448931761,1.1457555432590875e-54,2.528611068315638e-54
SOX1,70.76122,0.5589295055665509,0.11379760432116996,4.911610476342622,9.033136791514573e-07,1.1517136268690204e-06
SOX21,284.31918,0.5764274817361383,0.07605246811455375,7.579339579984394,3.473183531828299e-14,5.023482773834352e-14
SOX2OT,515.3378,2.953869792254312,0.06801334004097725,43.43074153503768,0.0,0.0
SOX2,2188.3167,1.1800546116718131,0.0711452878958872,16.58654629943567,8.719230847294215e-62,2.0458086990902722e-61
SOX30,23.974003,-0.7714241437757072,0.0405769037532499,-19.011409753360546,1.372149504408497e-80,3.756298475225574e-80
SOX3,33.42546,2.253890604308783,0.10844632185163841,20.783467487189206,6.108355084557851e-96,1.8734558777721195e-95
SOX4,7486.014,-0.012232359753252268,0.021952842651084305,-0.5572107424843261,0.57738345092059,0.5936243650788956
SOX5,131.48874,1.2005763429632825,0.039281576138311826,30.563344473144628,3.7594435060426687e-205,2.6131277002226935e-204
SOX6,866.7527,1.2894379410911703,0.04063885286568124,31.72919140589416,6.150249145670641e-221,4.81773460395185e-220
SOX7,554.9841,0.04567249587799408,0.031826772600033554,1.435033845622975,0.15127745315810676,0.16326641586333204
SOX8,2114.7358,3.054983664562916,0.059785815848007164,51.098803641478575,0.0,0.0
SOX9,4488.1914,0.1321486831577185,0.03418912008670235,3.865226212976359,0.00011098628588751512,0.00013495608877643912
SP100,3310.254,-0.03353706109245148,0.01638865163592254,-2.046358775418782,0.04072108488759793,0.04533744762258593
SP110,1141.9901,-0.189700127665537,0.017250984574089575,-10.996481206670403,3.973356022805752e-28,6.827612699890472e-28
SP140L,766.1364,-0.34897744009419224,0.020253829638987652,-17.230195292174642,1.5761828917052068e-66,3.845357398708964e-66
SP140,231.81093,-0.6824610071050661,0.032051603417229846,-21.292569929222275,1.330292728567242e-100,4.2291426703467333e-100
SP1,5763.6523,-0.007913728951266661,0.011460986275335452,-0.69049283902358,0.4898843116704813,0.5070439604117605
SP2,1420.4435,0.16747214359959003,0.010327032504388706,16.21686999904561,3.8323331996349134e-59,8.79721181772096e-59
SP3,3732.7505,0.2216106643096407,0.011526734105289382,19.225798243055515,2.2514779242175193e-82,6.249194145759301e-82
SP4,531.3598,0.5578129813480674,0.017975224372016096,31.032323703089517,1.9759335437599442e-211,1.4423818937758589e-210
SP5,232.97023,-0.9760553862059546,0.05128075822369156,-19.033559955340518,8.993064142143352e-81,2.4671849194164738e-80
SP6,480.01526,-1.0672001924389716,0.03714039076426312,-28.734220897477552,1.42630744040115e-181,8.272989509722795e-181
SP7,7.139436,0.23983376339047469,0.05939328649548326,4.038061833953464,5.389464849510223e-05,6.602329554797439e-05
SP8,50.255478,0.16231323936500974,0.08745821533175784,1.8558947121125458,0.06346856685703785,0.07001661081779645
SP9,8.462769,-0.5410994267759682,0.09210911230625846,-5.874548274624971,4.239979130069496e-09,5.636049563142131e-09
SPA17,337.4734,-0.12377618745275712,0.021796044601793022,-5.678837133714383,1.3561352653299083e-08,1.7846007282561955e-08
SPACA1,0.8427632,-1.2811503849044554,0.18603076401703048,-6.886766238229128,5.707489259294058e-12,7.973018651706308e-12
SPACA3,4.4173594,-1.7495148669152518,0.08635366320271036,-20.259880149014226,2.9066932330528706e-91,8.606365260576409e-91
SPACA4,15.201012,-1.5033055366901602,0.05103696033992992,-29.455232574147153,1.0789544373130318e-190,6.672671138899154e-190
SPACA5,1.3228229,0.6278176730551808,0.049661818436089224,12.641858329515898,1.2408608836942259e-36,2.3358933639510626e-36
SPAG11A,0.9652848,-1.8284412168312028,0.20872662993693436,-8.759980541934954,1.952840818719535e-18,2.997428093208008e-18
SPAG11B,2.2092726,-1.9744105197388744,0.1717101634795174,-11.49850701746256,1.3421690047884028e-30,2.3756928159004598e-30
SPAG16,738.9614,0.42395412390685205,0.022323566465095812,18.991325806731147,2.0118448688314555e-80,5.498610509402551e-80
SPAG17,158.88718,-0.6830195706111284,0.05217186280515567,-13.091722892126286,3.6718336039319085e-39,7.081070412280925e-39
SPAG1,637.12415,-0.47697822986587063,0.023162498225225064,-20.592693638996963,3.191244543840573e-94,9.646703439948067e-94
SPAG4,335.96048,-0.3590325620054945,0.03398408724053221,-10.564725763100173,4.3423600411891794e-26,7.314753274745201e-26
SPAG5,1593.9465,-0.6015554731231141,0.024899184101719693,-24.1596459813945,5.912383116105143e-129,2.352358957607673e-128
SPAG6,108.19225,-0.4861793236276061,0.06631640436383883,-7.331207538940563,2.2808812154744795e-13,3.2543598476308733e-13
SPAG7,2080.84,0.0019858012897861284,0.013967842515280547,0.14216950739627116,0.8869461166769487,0.8934852048206828
SPAG8,74.038315,0.041249171551741515,0.032558009339458044,1.2669439068484567,0.2051753475971162,0.21931979952376818
SPAG9,5084.3535,0.8012451725643308,0.015741117105227204,50.90141742851647,0.0,0.0
SPAM1,0.4215162,-0.7512782253655201,0.13016054126950907,-5.771935319552269,7.83661991898116e-09,1.0366171459329313e-08
SPANXA2,2.8739452,-1.4850949383006617,0.18974389027077676,-7.826839305241056,5.002878771222978e-15,7.326016608165764e-15
SPANXB2,6.0517426,-1.057683843954807,0.14792541339882084,-7.150115856720251,8.670469034277425e-13,1.2267848986646334e-12
SPANXC,3.9226952,-1.1776936704355978,0.151112134861008,-7.793508254772743,6.517382148410071e-15,9.526664500249903e-15
SPANXE,1.9794955,-1.216629950217247,0.193518518694691,-6.286891603054753,3.2388535310712734e-10,4.3913038784683045e-10
SPANXN1,0.089912355,-0.48568750690373563,0.3201845171162887,-1.5168987909785079,0.12929223892515188,0.1401779045839369
SPANXN2,0.072632164,-0.5237098078114223,0.33676965369494855,-1.5550979788868007,0.11992273624979145,0.13035274892202373
SPANXN3,0.26336107,-0.11894327156760136,0.1337233155249245,-0.8894729471872216,0.3737489559864132,0.3913771728694263
SPANXN4,0.015302536,-0.4355662057461743,0.6393869679909374,-0.6812247160976667,0.4957293110598887,0.5129372354070072
SPANXN5,0.12087221,-0.6858670521373679,0.2438471491959088,-2.812692518239517,0.004912860464901386,0.005669477735229981
SPARCL1,20346.393,2.35028381236776,0.03404237284885657,69.03995273192896,0.0,0.0
SPARC,79785.93,1.3651679084209147,0.02610671080034232,52.29183863342195,0.0,0.0
SPAST,1299.3832,0.07757233178681408,0.013347761709119454,5.811635948955782,6.186526269238709e-09,8.200500573958648e-09
SPATA12,19.142555,-0.5535501254232347,0.032550318711842836,-17.00598173319377,7.4152508663324445e-65,1.7853251228436877e-64
SPATA13,907.1003,0.48376906057687696,0.027700823554445884,17.464067796613712,2.6906025408985654e-68,6.6737301571824926e-68
SPATA16,0.5467111,-0.9546196037292223,0.13695055269865952,-6.970542176852172,3.1572184920139235e-12,4.428676538439539e-12
SPATA17,83.035934,-0.24614700071631065,0.03456270783991348,-7.1217510461392965,1.0656441482623895e-12,1.5057918666347853e-12
SPATA18,591.30743,0.2865439236302052,0.035537293962544486,8.063189164943626,7.432936963357897e-16,1.1025658552787135e-15
SPATA19,0.47131738,-1.0381432037022542,0.11614903101837634,-8.938027244824848,3.961794196521273e-19,6.139303398308464e-19
SPATA1,6.874935,-0.31584976783574426,0.03026381857122204,-10.436547096409267,1.688406812493736e-25,2.8263669047492164e-25
SPATA20,3273.63,-0.14892450508587482,0.018273713107583755,-8.149657609764587,3.6495609497630196e-16,5.440138481199686e-16
SPATA21,6.481676,-1.488812505686568,0.0941389445422703,-15.815054151346056,2.449989453376002e-56,5.481848036188814e-56
SPATA22,11.840409,0.3266365345481126,0.07864479749600602,4.153313950165627,3.2769465810337755e-05,4.037970914130652e-05
SPATA24,106.36782,-0.07325166685340777,0.01680145072659243,-4.35984178065463,1.3015651750985107e-05,1.6189250610844685e-05
SPATA2L,702.4134,-0.369373806513058,0.016327420344042103,-22.622912789027506,2.578801983454483e-113,9.092800412391725e-113
SPATA2,1224.6259,-0.03610650026603508,0.012760990795986343,-2.829443327973522,0.004662905749664889,0.0053880525658339
SPATA3,0.4262225,0.8021738756084205,0.1340027623162927,5.986248803700132,2.147358096071173e-09,2.869204139785589e-09
SPATA4,12.618464,0.7427774645627642,0.05098799871321984,14.567692070843753,4.508673064216529e-48,9.408781766542058e-48
SPATA5L1,472.7848,-0.16948083681591367,0.010874216153631147,-15.58556813856603,9.124846480049071e-55,2.0159820888477378e-54
SPATA5,449.29892,0.05751944425248274,0.013657472986563128,4.211572983455512,2.5359859159392273e-05,3.132136451262238e-05
SPATA6,185.14111,0.928689713241901,0.024268608104796942,38.26711895596253,0.0,0.0
SPATA7,373.24026,0.43539940507581865,0.01527632344545507,28.501583291976996,1.1196803469996027e-178,6.351510778647232e-178
SPATA8,1.2623928,0.09010965674135102,0.078491093901025,1.1480239637757716,0.2509586712401447,0.2665936648984141
SPATA9,15.203083,0.4253981754373185,0.0250784360610672,16.962707499042345,1.5503314466298422e-64,3.721197585703484e-64
SPATC1,9.902109,-0.46880476392279635,0.032127768558981334,-14.591886861427907,3.163261830184859e-48,6.610639252795477e-48
SPATS1,10.123587,-1.327127505768316,0.08255690924503932,-16.075305118669526,3.8011720928287725e-58,8.649610219950931e-58
SPATS2L,5393.0435,0.19261418712748474,0.01863606756089755,10.335559607630444,4.865637813182776e-25,8.107670669388454e-25
SPATS2,1557.6245,-0.0738184500482813,0.012576834455590439,-5.869398242374796,4.373796971919391e-09,5.813549164412541e-09
SPC24,87.83032,-0.5408935403377525,0.033813759804541585,-15.9962554730487,1.356949402651515e-57,3.0726429639174944e-57
SPC25,289.3931,-0.6836043942099037,0.029315910989048954,-23.318545156767126,2.875038408641151e-120,1.0665617157712317e-119
SPCS1,4454.6914,-0.12857421980519168,0.01175581863849136,-10.937070718682998,7.663611657599714e-28,1.314103173057126e-27
SPCS2,1925.4525,-0.2019919950673311,0.013859005894309974,-14.574782391157072,4.064155743895415e-48,8.486374029740181e-48
SPCS3,5727.9297,0.08142837990471284,0.01137418408581279,7.1590524023854885,8.123663106912454e-13,1.1500567220195442e-12
SPDEF,3065.24,-0.5348869354726673,0.06574701549785632,-8.13553180204974,4.101339525671679e-16,6.107758862054694e-16
SPDYA,33.361717,-0.5999272652105533,0.021897066618580215,-27.397608805806883,2.9284735238304178e-165,1.5139866041560049e-164
SPDYC,22.768229,-1.349368092593223,0.08557684055033514,-15.767912018200098,5.173191101138763e-56,1.1547088874913287e-55
SPDYE1,36.64428,-1.0275752962066191,0.02978658939158735,-34.49791725724859,8.619550341023249e-261,9.00386995345779e-260
SPDYE2,23.594704,-3.709792989573118,0.06313209320459284,-58.76239486548865,0.0,0.0
SPDYE3,158.45259,-0.1763709947972491,0.015479986431890313,-11.393485102409864,4.505991120856569e-30,7.928223423171626e-30
SPDYE4,0.2342133,-0.27411983476620333,0.11256427010562423,-2.4352295316176624,0.014882345910223258,0.01688435109424549
SPDYE5,32.485622,-1.02606282103882,0.0320861099796311,-31.978411271736746,2.1767636644434824e-224,1.7516494642057255e-223
SPDYE6,96.25008,-0.948678949341059,0.02823154706023134,-33.603505586040846,1.4909578307765297e-247,1.4224184853223696e-246
SPDYE7P,32.16795,-1.6422119382351381,0.03233101936976953,-50.79369504107425,0.0,0.0
SPDYE8P,96.175766,-1.1360270636976724,0.030324682063203413,-37.4621261100096,3.812724854289803e-307,5.55642557684224e-306
SPEF1,95.427086,-0.3270318549976041,0.04540409505677384,-7.202695144318579,5.903386403903112e-13,8.372486506239183e-13
SPEF2,357.80148,0.23017593207438794,0.02963045991698227,7.76822002490977,7.959671128492707e-15,1.1617387949314146e-14
SPEG,1075.3208,1.137164066591607,0.040292997451128014,28.222374569449457,3.108126371799908e-175,1.719987627167011e-174
SPEM1,0.56284535,-0.3186731925391404,0.07830056583313734,-4.069870877028525,4.7039201394868537e-05,5.774668965256443e-05
SPEN,4747.449,0.16508280483060964,0.014559402247252374,11.3385702261069,8.451393317955103e-30,1.4809942895528313e-29
SPERT,16.534157,-1.7891163198364872,0.06233917746340911,-28.699710080176065,3.8471541947011303e-181,2.2263846574735736e-180
SPESP1,121.74546,-0.05455538155858457,0.04499603708626769,-1.2124485863941625,0.22534071199985872,0.24010632520045658
SPG11,3364.63,0.20557177952690148,0.012779857701352036,16.085607862844448,3.218774824248291e-58,7.33091359736782e-58
SPG20,2406.4932,0.8116522863825769,0.021259953381420612,38.17751957499079,0.0,0.0
SPG21,4472.8267,-0.06385073029219364,0.008665181492704357,-7.368654695340509,1.7235845219614453e-13,2.464217505801479e-13
SPG7,3084.1177,-0.07789378219491279,0.01175930368791199,-6.624013144161242,3.495756595550791e-11,4.810091141444888e-11
SPHAR,298.6412,0.14718034160891288,0.01637178856670849,8.9898755416497,2.475105534142733e-19,3.843975403891365e-19
SPHK1,1023.91724,-0.305045841939245,0.032115590260847676,-9.49837258047,2.131959937886782e-21,3.3893934386566454e-21
SPHK2,1060.463,-0.028669542822530942,0.015309695201937187,-1.872639686445442,0.061118157173532,0.06749685716820927
SPHKAP,88.13567,3.8521691496919734,0.0942809271247685,40.85841396737784,0.0,0.0
SPI1,1316.157,-0.10139166364248882,0.02662525487651302,-3.80810114730318,0.00014003799514915752,0.00016985603474779256
SPIB,222.18358,-1.7557381115509496,0.051300053238500065,-34.224878937031775,1.0315046750271278e-256,1.0505454566722008e-255
SPIC,3.5748274,-0.8498423765788872,0.0735223999550047,-11.558958590837431,6.651048703778114e-31,1.18188618800924e-30
SPIN1,4852.474,0.41211007944013994,0.012143078035874784,33.93785976031996,1.8424422141557762e-252,1.81823950741626e-251
SPIN2A,16.000751,-1.8364666113589097,0.050626271299618414,-36.274972740738896,4.014870925065006e-288,5.073790016349997e-287
SPIN2B,244.41296,-0.021269833975865012,0.01607487946574534,-1.3231722216760522,0.18577811151047996,0.1992444066924017
SPIN3,534.7725,0.3356632321613512,0.01856714868590929,18.078340290132317,4.720786376879974e-73,1.213976125387134e-72
SPIN4,525.2945,-0.31847909024219717,0.02310567501345483,-13.783587367897338,3.1996861789248933e-43,6.3959166339452035e-43
SPINK13,15.569422,-0.2346997350921945,0.09390648260551207,-2.4992921530043364,0.012444167328393473,0.014153676125070543
SPINK14,0.04261625,-0.4957121053306237,0.3943780738638993,-1.2569464130546342,0.20877304043796574,0.22298989194043042
SPINK1,3492.5945,-1.6784859880718497,0.09048870567996105,-18.549121411994676,8.289587752760249e-77,2.2043850190497115e-76
SPINK2,33.518208,-1.7675345699925327,0.05947198341894365,-29.720457741275172,4.178481765845814e-194,2.6526258269677243e-193
SPINK4,209.44727,-3.3354495543794056,0.12949325801767791,-25.757708203805198,2.642249730894426e-146,1.1848802262396392e-145
SPINK5,1319.0854,-3.3758298556952617,0.06086346543277855,-55.465620166234885,0.0,0.0
SPINK6,36.21174,-3.0935399784558624,0.10692103348841302,-28.93294123266315,4.6004299139191237e-184,2.7140003656180656e-183
SPINK7,67.20469,-4.9892992867540995,0.12342380981302929,-40.424123143761534,0.0,0.0
SPINK8,7.282467,0.5961737975258478,0.11645960713783848,5.1191465622946195,3.0692137948952784e-07,3.947073694035309e-07
SPINK9,0.9410444,-2.2883613355608365,0.14368030937608506,-15.926756738607944,4.1324241336046326e-57,9.311790031660955e-57
SPINLW1,8.025902,-0.7749549553353473,0.07921583160179539,-9.782829261086533,1.3342758542758376e-22,2.1554012629692753e-22
SPINT1,8706.42,-0.7756322649034392,0.03344094904550047,-23.19408650299061,5.223996442049341e-119,1.9235909488819412e-118
SPINT2,20300.785,-0.6912032181678212,0.030999181322876577,-22.297466857866066,3.910167917110367e-110,1.3433531661230167e-109
SPINT3,0.24203424,-0.21205622608639232,0.2037402596560875,-1.0408165104154776,0.2979607158755063,0.3144402972480527
SPINT4,0.013285622,-0.4297231578569567,0.6796863222467947,-0.6322374657127848,0.5272317190852376,0.5441503887689523
SPIRE1,1987.8094,0.9439121515404202,0.024249063403594926,38.92571584436887,0.0,0.0
SPIRE2,665.4161,-0.8732213314917174,0.027560151529376464,-31.68419921642839,2.5647919024516283e-220,1.9968106440540228e-219
SPNS1,2669.3284,-0.2622516740633955,0.012215667956827037,-21.46846778991152,3.0697318702803783e-102,9.902815900338808e-102
SPNS2,1779.355,-0.04752980487036248,0.031058239525680303,-1.5303444624111027,0.12593148813596935,0.13667248611121063
SPNS3,112.26358,-1.4875797190535012,0.042582610796779455,-34.93397166634056,2.2681460620074754e-267,2.4799777484645647e-266
SPN,1046.6908,-1.2320079169407574,0.03928463669459329,-31.36106174326203,6.875130751420258e-216,5.211123863297283e-215
SPO11,0.06856694,-0.5157899148914618,0.2499252366929747,-2.0637768386915383,0.03903888005415765,0.04351212958625838
SPOCD1,400.89658,0.8235890828171368,0.04498033028026315,18.30998300113679,6.889128318403124e-75,1.8043968021918077e-74
SPOCK1,3395.1118,0.8050437740868941,0.04296524223699076,18.737093803553485,2.467413050090528e-78,6.637693219713671e-78
SPOCK2,6266.079,1.0213790369996723,0.03795465568142321,26.910507252989863,1.6547421006270652e-159,8.180887427553769e-159
SPOCK3,430.66873,0.8342260428279621,0.07734798764316451,10.785361949900519,4.0365114476849595e-27,6.874630798345164e-27
SPON1,4298.2593,0.885674755064812,0.04483834981451192,19.752617095158207,7.616659565784961e-87,2.1852814557471256e-86
SPON2,6427.0693,-0.4041115177038807,0.041731479054181064,-9.683613590096154,3.5397841328584795e-22,5.685268630551103e-22
SPOPL,1550.3221,0.26520072854297494,0.016676876078941714,15.902302522823813,6.107797476547001e-57,1.3738664106178367e-56
SPOP,2659.8286,0.3940376912492604,0.010624111577644766,37.08900159505042,4.225999770283065e-301,5.921344069042871e-300
SPP1,31269.227,0.4571541065248627,0.047748276872928035,9.574253490685788,1.0259577819457146e-21,1.6373343640850359e-21
SPP2,121.9695,-0.2630554311060608,0.23268823670482366,-1.1305059285818535,0.25826310173118283,0.2741529009930211
SPPL2A,1562.0905,0.048457484428217464,0.015001887569333771,3.230092493645414,0.0012375017645780096,0.001459354635370928
SPPL2B,2453.8643,-0.3713025950388876,0.01478604704404363,-25.11168765613133,3.706897085580217e-139,1.5758763367159667e-138
SPPL3,3229.6042,-0.05627794059270977,0.009082263001394236,-6.196466737868132,5.774472571578998e-10,7.798506605955344e-10
SPRED1,2494.575,0.7495892425548886,0.019842667547110924,37.77663667322936,0.0,0.0
SPRED2,2375.812,0.3328464554520795,0.015689055353369303,21.215200530260038,6.9131379387698e-100,2.187852872616421e-99
SPRED3,8.377069,0.8669563921426556,0.04098326095431437,21.15391435320595,2.5396831040546093e-99,7.994033443946784e-99
SPRN,312.37732,-0.1030949852875313,0.0211361844445312,-4.877653559377706,1.0735526493425804e-06,1.3664556666436759e-06
SPRR1A,3078.1907,-5.3468277845766865,0.10893040339934885,-49.08480660789188,0.0,0.0
SPRR1B,4987.677,-4.827357900118522,0.11348102036863904,-42.53890108175819,0.0,0.0
SPRR2A,3157.127,-5.759980338213079,0.11616995409952888,-49.58235873346565,0.0,0.0
SPRR2B,125.39768,-4.920547746212705,0.15287671967111438,-32.1863770808161,2.7376056954793064e-227,2.2473755788009352e-226
SPRR2C,80.22056,-4.865503330915052,0.14697574161068186,-33.10412505897122,2.592220057035194e-240,2.343472830425378e-239
SPRR2D,1789.3104,-5.271832883915497,0.11095931028466811,-47.5114063920415,0.0,0.0
SPRR2E,1495.822,-5.890641786387662,0.1390172239538493,-42.37346724995191,0.0,0.0
SPRR2F,152.79509,-3.708574505330936,0.11884702013302054,-31.204606570531446,9.226620596479007e-214,6.878241256818605e-213
SPRR2G,287.29535,-4.988664171253106,0.1378678085815598,-36.1844017292979,1.0711047022215298e-286,1.3402941300769815e-285
SPRR3,4136.622,-4.974492031436327,0.11224158321263616,-44.31951055084813,0.0,0.0
SPRR4,26.924404,-4.015250439025285,0.15831220039581986,-25.362861668185776,6.482338583302186e-142,2.8091513669103706e-141
SPRY1,1975.9036,0.8455901351457055,0.024446932204257175,34.588803539057345,3.722791297996569e-262,3.916915143974788e-261
SPRY2,1634.4293,0.5358667666332428,0.025807083606660487,20.76432869365147,9.098976512417299e-96,2.7869123336287614e-95
SPRY3,163.0349,0.13277143215882162,0.02173078233699435,6.1098321312064465,9.973599052455298e-10,1.3415202372419226e-09
SPRY4,2709.952,0.47658062150870434,0.029195091641417183,16.32399813510468,6.662549453549427e-60,1.5384240027765994e-59
SPRYD3,3365.1887,0.20558017045778848,0.013890841411195657,14.799691708530789,1.4715553871686053e-49,3.1110484036724442e-49
SPRYD4,960.2815,-0.18964007958765203,0.01740967986036586,-10.89279533619562,1.247513182518097e-27,2.13591126758775e-27
SPRYD5,11.026452,0.09721230817345836,0.1807828996087921,0.5377295550841501,0.5907637718888268,0.6068906868445163
SPR,2024.445,-0.472629552158401,0.020107221093258704,-23.505463533041784,3.586394359733236e-122,1.3541432264430444e-121
SPSB1,2049.308,0.10127505587066658,0.021686485723150857,4.669961614045791,3.012560226182324e-06,3.7962808643752123e-06
SPSB2,544.72345,-0.5204914417592212,0.01975950855338207,-26.341315137118276,6.454074442929003e-153,3.046568550512209e-152
SPSB3,2240.8132,-0.3044642619138394,0.014133678495924944,-21.541756592356567,6.326188993280433e-103,2.054800282613215e-102
SPSB4,104.09767,1.1048155657428032,0.05218924774104915,21.16940966891571,1.8283312695251157e-99,5.7593990896273914e-99
SPTA1,23.764809,-1.6846850121332908,0.06475077096201852,-26.0179915559846,3.099327305443356e-149,1.4243612779124445e-148
SPTAN1,16903.365,0.5141894945374635,0.013064629884784138,39.35737170299174,0.0,0.0
SPTBN1,21424.748,0.6691405590066958,0.018040081096828958,37.09188198296491,3.79750191041811e-301,5.328279903115252e-300
SPTBN2,3234.3079,-0.1410465823760165,0.033095787442745495,-4.261768438657697,2.0281553950691844e-05,2.5096466108438296e-05
SPTBN4,289.98935,0.7961314632450249,0.04266320612192564,18.66084468592889,1.0308872007115248e-77,2.7586530651006745e-77
SPTBN5,224.9899,-0.5143211638970501,0.030698628869120156,-16.753880640395874,5.305000719242547e-63,1.2602626562784016e-62
SPTB,579.8586,-0.1972002928312526,0.03570996555398108,-5.522276198590956,3.3463590097206285e-08,4.3733806059123294e-08
SPTLC1,3413.282,0.12939271599150032,0.010286824616779676,12.578489554535357,2.7728081831912974e-36,5.1995580548578457e-36
SPTLC2,3252.5188,0.11380416867274933,0.01778919726025777,6.3973751602044056,1.5807062127039148e-10,2.153335415486049e-10
SPTLC3,696.1059,0.5669196379135647,0.032114245703612015,17.653213565897364,9.612738905404432e-70,2.4101693519104535e-69
SPTY2D1,1707.0009,0.14072933244732405,0.013266915098647341,10.6075399895845,2.7489133228357596e-26,4.6417123944275714e-26
SPZ1,1.6922493,-1.9558640587426126,0.1574446425544397,-12.422550726464587,1.9717311550503966e-35,3.6683244618176936e-35
SQLE,3358.734,-0.5568043346959508,0.02466135654274878,-22.57800919145581,7.128822611964628e-113,2.503202820920798e-112
SQRDL,3469.5278,-0.5273468142310699,0.02289822779830668,-23.030027427278327,2.3324223085022125e-117,8.472040281676458e-117
SQSTM1,27090.475,-0.2539007398778133,0.01842320851488322,-13.781570114277283,3.2903717535920487e-43,6.574607766353961e-43
SR140,4463.267,-0.12538791245590108,0.012456940572665548,-10.065706882397887,7.83226426041398e-24,1.2838733339594862e-23
SRA1,1743.5227,-0.298154482727088,0.012781795100443114,-23.326495252357134,2.387651231253261e-120,8.865619445027382e-120
SRBD1,788.0196,0.20094363076616284,0.01080853671425264,18.591196577163792,3.786359278830266e-77,1.0095139936839365e-76
SRCAP,8134.173,-0.12911107437018815,0.010705302213528492,-12.060479171436006,1.7078636139737567e-33,3.111444771086507e-33
SRCIN1,665.2694,0.4868833143401871,0.03522711787847546,13.821264516155136,1.8970781200359454e-43,3.804059238236168e-43
SRCRB4D,157.77649,-0.13884410436723862,0.03261758566042702,-4.2567253693362685,2.0744291554976837e-05,2.565814287775051e-05
SRC,4029.7925,-0.47560066040784443,0.01795113291963978,-26.494186330017335,1.1308995949012349e-154,5.403422870827092e-154
SRD5A1,971.1429,-0.4655079326031525,0.021823271437034,-21.330804318054142,5.878834524809666e-101,1.872745925373181e-100
SRD5A2,90.89187,0.8285498061512621,0.0672937338996244,12.312436212666253,7.764353972004324e-35,1.4373020777962906e-34
SRD5A3,1526.8694,-0.5201175193924436,0.020644586242451288,-25.19389409330618,4.672998286820716e-140,1.9991084707161788e-139
SREBF1,7672.974,-0.43600594482624055,0.01960858280245241,-22.23546439938077,1.5594672924273683e-109,5.332414277213435e-109
SREBF2,8834.795,-0.15474202929386652,0.01583300493485931,-9.773383506827129,1.4647683239507595e-22,2.3648864637044814e-22
SRFBP1,461.6836,0.19289377460290494,0.012519129357823266,15.407922475245028,1.4479235352349917e-53,3.1669827303232917e-53
SRF,3391.2412,0.24173202950382214,0.013146007637425159,18.388246543812972,1.631724692313028e-75,4.2953559620895965e-75
SRGAP1,1100.054,0.40779992758000816,0.02123185975312794,19.206981033299726,3.2354230246625976e-82,8.965561094202507e-82
SRGAP2,2235.2537,0.3658411580497407,0.017246040143296948,21.213052678178588,7.23614971462458e-100,2.2890113741460815e-99
SRGAP3,834.77435,0.7588660235410084,0.02983836873857415,25.432557328778138,1.1010182871562042e-142,4.793762041961754e-142
SRGN,4986.239,-0.23677415650652506,0.03172480203257061,-7.463376958615481,8.433262857929628e-14,1.212006201641884e-13
SRI,4887.746,0.4611538147975076,0.01896047115278796,24.321854192410154,1.151328371086741e-130,4.642482532571788e-130
SRL,190.72957,1.2062019096331265,0.04452142847725186,27.092614745041995,1.203101511363029e-161,6.046394389000224e-161
SRMS,41.05396,-1.1147375604445837,0.05164269091658829,-21.585582405941512,2.4537780488018653e-103,7.994313857506349e-103
SRM,3831.4172,-0.518434217783449,0.01754418359829667,-29.55020476608457,6.527428295745228e-192,4.067704703797891e-191
SRP14,9592.273,-0.02174025774194814,0.010644134607067287,-2.0424636238171456,0.04110556419112851,0.04575550472209871
SRP19,1392.0586,-0.14048745404274804,0.010184545160538901,-13.794180479171672,2.7627462273155693e-43,5.5279361613678304e-43
SRP54,2613.2031,0.035435318521299476,0.01054992467907976,3.3588219441572735,0.00078275484726493,0.0009288398866623949
SRP68,4594.1377,-0.03490855690619189,0.00865456025486408,-4.033544845513371,5.49416895277837e-05,6.729786758294617e-05
SRP72,5026.419,0.06378732080141955,0.01065236565452916,5.988089676052241,2.1231999601427165e-09,2.837111314554054e-09
SRP9,9382.179,-0.02455429269497809,0.012278062076893834,-1.9998508348631805,0.045516373438975216,0.050601640738497045
SRPK1,3109.6829,-0.5401455651996687,0.016765138365241263,-32.218378007517,9.758815568098975e-228,8.043713609349272e-227
SRPK2,2219.8914,0.2974724490442984,0.014869830486669039,20.005100213548882,4.971860368190081e-89,1.4505890690166504e-88
SRPK3,152.82112,0.10994567908983943,0.04138710867338294,2.656519931302865,0.00789517837317066,0.009046993668001433
SRPRB,3296.9138,-0.34480804745457627,0.013262277217720733,-25.99915850000874,5.061829723167833e-149,2.3205086992563365e-148
SRPR,8442.736,-0.08260345853260431,0.012278499207218156,-6.727488200190155,1.7261682731561715e-11,2.3884096692392616e-11
SRPX2,690.9311,0.18153973908885412,0.03712572724107555,4.889863514592659,1.0090591751805496e-06,1.2855716988423534e-06
SRPX,1179.9662,1.2979931537708456,0.03978732087820153,32.62328614043433,1.9177876883135464e-233,1.6510721741455395e-232
SRRD,601.0412,-0.07215880179915743,0.011392739336885165,-6.3337534253536285,2.3926778815662663e-10,3.2507526854059134e-10
SRRM1,4055.1165,-0.03473299167531452,0.010823447058607633,-3.2090508215395377,0.0013317395030352512,0.0015683066024002013
SRRM2,26183.88,-0.012086688376078267,0.014165992191417724,-0.853218624771008,0.39353807684451536,0.4111691320167037
SRRM3,482.87418,-0.4497355666015433,0.0386260739898656,-11.643315515823359,2.481767670129389e-31,4.42824785242456e-31
SRRM4,86.33579,1.2808189424796665,0.07562988467353082,16.935354959333043,2.468647824414281e-64,5.915631009563365e-64
SRRM5,68.672325,-0.38129414463485595,0.01741442190819646,-21.895308764478248,2.879475049300097e-106,9.622986298210877e-106
SRRT,4573.6143,-0.33430107592964203,0.009333946576847362,-35.81561916787354,6.310213084606072e-281,7.5614848846083e-280
SRR,532.4808,0.6895333907936498,0.01679681758002553,41.05143057656532,0.0,0.0
SRXN1,3625.8003,-0.6491754670500106,0.024383647815306095,-26.623394168386504,3.6390710362371326e-156,1.7548045292930314e-155
SRY,2.2745697,-0.40035269478741664,0.12202053576481052,-3.2810271834822933,0.001034297754070395,0.0012226958526953416
SS18L1,1111.5765,0.01614420139099773,0.014461625334496249,1.1163476454121604,0.26427335446158673,0.2802261053897627
SS18L2,766.23724,-0.4151955354795207,0.013557048221590125,-30.6258064951267,5.550120966535073e-206,3.8869939029132285e-205
SS18,3756.9949,0.08769197978810456,0.010383018241095176,8.44571181056261,3.021983670996291e-17,4.5671862191235603e-17
SSBP1,2778.0984,-0.3438035479481782,0.011021932419902934,-31.192674283445292,1.3393180548148715e-213,9.977012908150738e-213
SSBP2,831.0126,0.40300654635259636,0.024040140218968963,16.76390165289479,4.4822048622407076e-63,1.0652954563432005e-62
SSBP3,1767.6514,-0.13352508915739694,0.0166290357708381,-8.029635091143192,9.776300897033604e-16,1.4479536589750262e-15
SSBP4,1796.2224,-0.24617251440560595,0.016010587047622055,-15.375608256798323,2.3859215454150957e-53,5.205763234712885e-53
SSB,4474.531,-0.011408461750099996,0.010735961415937516,-1.0626399730874736,0.2879452521981758,0.30421781990153923
SSC5D,949.62396,0.8599513215722173,0.033861920147949705,25.39582273583166,2.80458727200415e-142,1.2184932196059005e-141
SSFA2,6240.2534,0.21595987234296316,0.019075809554359703,11.32113799561426,1.031244550893665e-29,1.8047887743182435e-29
SSH1,2613.722,0.22988338042409376,0.012638939563390149,18.188502229251267,6.365602849644707e-74,1.6528160746832875e-73
SSH2,1541.5093,0.07387230626518693,0.018805548666596904,3.9282186111592474,8.557740358164735e-05,0.00010438382119218491
SSH3,2550.0063,-0.6257712816812143,0.020697423389078682,-30.234260077581073,8.402291068294918e-201,5.651213870479558e-200
SSNA1,2392.409,-0.609742900113496,0.013759526920435005,-44.314234322106984,0.0,0.0
SSPN,1322.2239,1.3629537791303208,0.026235491327961276,51.950762503071985,0.0,0.0
SSPO,100.095665,0.45172594444717057,0.040847031254093856,11.058966357607611,1.983703332758845e-28,3.4208212901607084e-28
SSR1,8774.804,0.003920891219743546,0.010665844208364304,0.36761189673750616,0.7131626427748805,0.726036515864276
SSR2,12455.3955,-0.2800441870138058,0.013631757953827312,-20.543512286702487,8.796536570256008e-94,2.652379858321121e-93
SSR3,7326.8486,0.04109829894822982,0.012613801646986946,3.258200826239166,0.0011212102925490437,0.0013245166732044785
SSR4,9202.309,-0.7211529379192501,0.017305129552894538,-41.67278469167118,0.0,0.0
SSRP1,8263.579,-0.14807996028841977,0.010102493001688136,-14.657764203714418,1.2016501730803906e-48,2.5205435682818535e-48
SSSCA1,939.86035,-0.5264209102769541,0.014254564181622839,-36.92998983130067,1.5261314096651747e-298,2.08387051437782e-297
SSTR1,312.3317,0.33063653501457657,0.053030493720920904,6.234837954830093,4.522459861404743e-10,6.118197908056293e-10
SSTR2,226.93878,0.8635629512249047,0.04021353325925643,21.474436122225793,2.699764874289416e-102,8.717607149192422e-102
SSTR3,10.898835,0.29792916550543697,0.05889858232643975,5.0583418774698705,4.229177209573392e-07,5.423394986753885e-07
SSTR4,0.7083752,0.9520918779413595,0.09759409423664164,9.755630044916153,1.7451364926307697e-22,2.8146426248490725e-22
SSTR5,22.899525,-0.9850410280001076,0.07273749468339748,-13.542410723488196,8.785757138991636e-42,1.7315511093197553e-41
SST,579.0336,-0.5648428241154929,0.09921045779212151,-5.693379878349359,1.2454885123395711e-08,1.6405862204141648e-08
SSU72,5975.256,-0.3072638202538239,0.011107974028602238,-27.661553714713552,2.0266438459820663e-168,1.07393133941564e-167
SSX1,46.976868,0.3812281934696402,0.13510492482372627,2.8217194448465532,0.004776694474074746,0.005516093181944853
SSX2IP,1269.1981,0.08905676440264858,0.016822934022595503,5.293771246028378,1.1981930018751107e-07,1.5524731957726328e-07
SSX2,24.540146,0.001235606932877077,0.13545039615330362,0.009122209812355286,0.9927216305750264,0.993014281770597
SSX3,1.4760897,-0.5284544437796164,0.14073899523830127,-3.754854458672451,0.00017344223256459895,0.00020989778355719372
SSX4,16.719334,-1.38279886870832,0.11531241160035363,-11.991760899952242,3.9247203657895674e-33,7.119609901729466e-33
SSX5,3.9506328,-0.23933863967365218,0.12131773430305452,-1.9728248392422059,0.04851552215518206,0.05385058966074319
SSX6,5.073544,-1.124952120995556,0.0916805388181318,-12.270348053114546,1.3069034205331371e-34,2.4122617170112546e-34
SSX7,0.29817736,-0.2826684630569268,0.15480541805593237,-1.8259597539072987,0.06785632433037848,0.07470727379635386
SSX8,1.0695832,0.29597570900988673,0.13407666546525965,2.207510963841627,0.027278381881570758,0.03060175097679629
ST13,10402.925,0.32095295529500595,0.012171844450571446,26.36847329082798,3.1516742743052704e-153,1.4908210165097818e-152
ST14,10819.101,-1.0766676102206039,0.03352320349894926,-32.11708601340414,2.545882601211229e-226,2.0732649551223765e-225
ST18,107.81808,0.6699613279462666,0.05867018829010056,11.419109900134911,3.356539505115991e-30,5.913958267819685e-30
ST20,176.64157,-0.4733010136456207,0.018508950460702417,-25.571466877634016,3.1692731262333745e-144,1.3966067440905904e-143
ST3GAL1,4509.3706,0.246011907236724,0.02669200710484575,9.216688211957738,3.0641793800215796e-20,4.8102111186567455e-20
ST3GAL2,1443.5471,0.3128135011663842,0.016631345945841678,18.80867021737328,6.412622745074773e-79,1.7344836783177536e-78
ST3GAL3,643.2978,0.34399199545393655,0.01866533285731452,18.42945947353593,7.624098921733722e-76,2.0121730612856734e-75
ST3GAL4,2150.2693,-0.4075997421898875,0.028611742384653173,-14.245890261073953,4.754500469506035e-46,9.754799461722601e-46
ST3GAL5,1755.3181,0.5294018419360553,0.03378426028436146,15.670073504054557,2.4229901733098305e-55,5.377115428211777e-55
ST3GAL6,568.8638,0.27540074031325235,0.03415871687491168,8.062385402875716,7.48198746810522e-16,1.1096800674812718e-15
ST5,3726.421,0.2905829348065211,0.018821579134780917,15.438818003827578,8.972961133391386e-54,1.9666327453408894e-53
ST6GAL1,7385.769,0.31439363549033006,0.03114041642199354,10.095999720423881,5.754173535913227e-24,9.45437971250564e-24
ST6GAL2,584.35016,1.776394782746596,0.04706588902982625,37.74272236992851,0.0,0.0
ST6GALNAC1,1195.3667,-1.550664757118196,0.053873145741558326,-28.783631172330008,3.4382877236319126e-182,2.004584758459969e-181
ST6GALNAC2,1410.4434,-0.7240435278432112,0.0381839857449114,-18.961968315204,3.51731339971585e-80,9.59263007432217e-80
ST6GALNAC3,228.84271,1.4783051068239588,0.031480652620316456,46.95916328843561,0.0,0.0
ST6GALNAC4,1011.0781,-0.2604443220985851,0.01979436373617587,-13.157499052247944,1.5410277088776267e-39,2.9814485531730115e-39
ST6GALNAC5,323.29044,0.7509369964180074,0.04430720637845679,16.94841669781128,1.97706690823964e-64,4.7404434324403285e-64
ST6GALNAC6,2658.8428,0.5293966979337208,0.017042368889203116,31.06356289876523,7.483564386439131e-212,5.478528850899471e-211
ST7L,593.2732,0.26661166371021117,0.013813809529482217,19.30037207630476,5.332387638123095e-83,1.4861338798706104e-82
ST7OT1,104.191376,0.6512788496124605,0.023097155801579592,28.197361407066417,6.299829486883108e-175,3.4786609309317385e-174
ST7OT2,1.0533613,0.8156630698973516,0.0750169143690496,10.873055453662822,1.549239574878306e-27,2.6493883666482516e-27
ST7OT3,5.081847,0.6649321030123776,0.0275509056758713,24.134673133258044,1.0816827355761246e-128,4.290274462028895e-128
ST7OT4,3.7977672,-0.061804759942819094,0.03511781479821641,-1.7599261314504706,0.07842033200283162,0.08607718024830974
ST7,1523.627,0.16332205724331436,0.013342753427282231,12.240506289306527,1.8885091169398402e-34,3.477582951499476e-34
ST8SIA1,320.467,1.3496578888985094,0.037355959728262667,36.12965370763555,7.765789697448242e-286,9.62286746502427e-285
ST8SIA2,106.22258,0.7018273787131755,0.05398319462865879,13.000849311363037,1.2099206229329902e-38,2.3220940763850626e-38
ST8SIA3,337.44153,0.8583553194500341,0.13240248595974388,6.482924495171574,8.996152552813007e-11,1.2302859529973803e-10
ST8SIA4,772.56195,0.5754583013550352,0.027921552773370887,20.60982446162007,2.2404277240501832e-94,6.785609645036846e-94
ST8SIA5,78.03426,0.36586012908762305,0.05416118550767526,6.755024389851593,1.4281123035650732e-11,1.9782906979847127e-11
ST8SIA6,51.024147,0.4618327786937013,0.0553242503098024,8.347745809614223,6.957811698728991e-17,1.046808220325329e-16
STAB1,3647.5896,0.215151565744689,0.027653527919422525,7.7802574185688895,7.237712407316951e-15,1.0571245204144185e-14
STAB2,34.246647,1.300183049419336,0.05398884222492206,24.082439923469074,3.818831175112324e-128,1.5090757743422323e-127
STAC2,592.3964,1.283342897898926,0.06381079148958561,20.11169063948027,5.830241050161004e-90,1.7115771815461842e-89
STAC3,250.33359,-0.38073803766194564,0.030626713011733607,-12.431567093604807,1.761469762398952e-35,3.2795393591842946e-35
STAC,195.82019,0.9651898317323077,0.043590521368711665,22.142195170556047,1.2404581245214098e-108,4.214700760535945e-108
STAG1,1597.3391,0.38773716617408216,0.015171356576484026,25.55718496360993,4.568416919640057e-144,2.0092547000853732e-143
STAG2,5181.487,0.27768274347598065,0.012044522127711703,23.054691629242466,1.3198519153304098e-117,4.805233394887663e-117
STAG3L1,240.79427,-0.5299442780607978,0.026312063399011938,-20.140734309750034,3.244895768118753e-90,9.546652159411804e-90
STAG3L2,201.45723,-0.22481753708526164,0.021532360917806484,-10.440914395938146,1.6124992102926876e-25,2.7007400744594276e-25
STAG3L3,507.02124,-0.5320633706462952,0.020212985543127976,-26.322849215473088,1.050295931226564e-152,4.954350061131051e-152
STAG3L4,424.4504,0.1072149522949789,0.017099384362370396,6.270105988781708,3.6080242654233784e-10,4.887926937699931e-10
STAG3,231.27245,-0.9328585852766484,0.03932759292435893,-23.72020548195945,2.231311228557456e-124,8.569565233390161e-124
STAM2,1709.8483,0.34532056882037687,0.010997695616478077,31.399356816438516,2.064700871627942e-216,1.5714110297373186e-215
STAMBPL1,406.35654,-0.20741165289546323,0.02497409626027702,-8.305071412148171,9.975942943673062e-17,1.4975683703748698e-16
STAMBP,1744.7306,0.05747206250530974,0.009093895420557808,6.319850828214657,2.618159120634225e-10,3.5561479442919604e-10
STAM,1328.5304,0.1445447551479276,0.01308620758466718,11.045580181479583,2.302752737495446e-28,3.9689928024610387e-28
STAP1,76.23832,-0.5704818724276373,0.05164555380991443,-11.046098460427807,2.2895018069233987e-28,3.946487789954574e-28
STAP2,2066.0093,-1.0569061881675559,0.02787711186669511,-37.913044694929305,0.0,0.0
STARD10,5298.5127,-0.8017081929404449,0.028264521360833354,-28.364470875186523,5.549954078881923e-177,3.1084323271515016e-176
STARD13,1041.8527,0.9682131549863472,0.02082448568873066,46.493976824133696,0.0,0.0
STARD3NL,1777.0001,0.42152467512441183,0.015298744031528571,27.552894162795877,4.0857703504962e-167,2.139459839654119e-166
STARD3,2726.3643,-0.3178163292042155,0.018044412552248406,-17.613005038760004,1.9577019256865625e-69,4.901839073306202e-69
STARD4,350.7716,0.012210696121378473,0.02591621601165387,0.4711604547472374,0.6375261561589287,0.652591634231969
STARD5,353.6769,-0.8489553259203707,0.025873732757004733,-32.811474629246725,4.0396252247080555e-236,3.5403671954296726e-235
STARD6,0.3582913,0.5093432386339952,0.07536654367029107,6.758214107074338,1.3970298323720188e-11,1.9362877225993555e-11
STARD7,7929.224,0.08898903056664566,0.009691538776567985,9.182136358139703,4.2262221848343866e-20,6.619098196864626e-20
STARD8,618.0983,1.221333312220799,0.024781876141726358,49.28332726852691,0.0,0.0
STAR,473.09793,-3.5583043682997535,0.056484608834134475,-62.99599911807158,0.0,0.0
STAT1,13702.597,-0.16563802083226295,0.021925441664421175,-7.5546036138029935,4.20137390934273e-14,6.068518724392241e-14
STAT2,4887.2783,-0.13539371589230345,0.014161543629979137,-9.560660859433648,1.1700713853748078e-21,1.865863815684633e-21
STAT3,11186.267,0.15295676000095731,0.011984695553657145,12.762673804782832,2.6494794457589175e-37,5.021948797710251e-37
STAT4,183.34879,-0.13510007022750367,0.031268218589913174,-4.320683311043682,1.5554677670350886e-05,1.931550367128232e-05
STAT5A,2154.133,-0.17866352890819362,0.02010321758256925,-8.887310112143746,6.260608997469498e-19,9.671427162871348e-19
STAT5B,3728.1094,0.46233823393736717,0.012778807748087512,36.18007587652777,1.252734749569415e-286,1.56564927971048e-285
STAT6,8592.626,-0.250915785488942,0.016291885921020433,-15.401273167841214,1.6047828837617953e-53,3.5085668739804974e-53
STATH,42.916138,-4.22932521075128,0.21667118771447777,-19.519555208810445,7.488731340404411e-85,2.114899172690989e-84
STAU1,7486.6733,0.03472008769959725,0.009738389366084078,3.5652802937328656,0.0003634675343529498,0.00043602825595967856
STAU2,1801.7858,0.11630189166058155,0.012896872359402156,9.017836915769307,1.9183963955676508e-19,2.98324413514832e-19
STBD1,1279.6035,0.3428644963327538,0.02773914815241055,12.360310938494289,4.284960664598318e-35,7.948748443786529e-35
STC1,2350.9463,0.7101916237483321,0.03826617778073641,18.55925166651606,6.865430538459621e-77,1.8271019651307114e-76
STC2,3780.3567,0.08464600126455277,0.04595011081671252,1.8421283378878417,0.06545637959120039,0.07213524045129635
STEAP1,878.91095,-0.33754155882976544,0.039730187823835326,-8.49584603844395,1.9649631930193394e-17,2.9763176584093986e-17
STEAP2,2689.88,0.15139939394505356,0.042813794186941895,3.536229311608874,0.0004058822140533312,0.00048596541966077216
STEAP3,2667.222,-0.23581996601953295,0.026983398013136855,-8.739446599895393,2.342550793636979e-18,3.592346460353665e-18
STEAP4,3035.3767,0.3272262331174004,0.04595119121280293,7.121169756013389,1.0701488696794448e-12,1.5120522477482002e-12
STH,0.336112,0.8527272518511934,0.09007904772593552,9.466432798508333,2.8956362088703335e-21,4.594517775418215e-21
STIL,657.7335,-0.6691900085820774,0.0254637760463436,-26.280077525193594,3.2402534459011314e-152,1.5221116729372664e-151
STIM1,3722.5005,0.10349904935349544,0.01427200892933526,7.251890737032776,4.109933879405947e-13,5.836237975226733e-13
STIM2,1261.5923,0.12439642555209396,0.013310754525086704,9.345557783192884,9.140639483710342e-21,1.4446666417091092e-20
STIP1,7749.167,-0.3393011795157429,0.01158761495011103,-29.281364713667138,1.791283045081826e-188,1.0935151878507016e-187
STK10,2194.3213,-0.081172503669398,0.020744313525554225,-3.913000233505163,9.115644646050232e-05,0.00011107577768071384
STK11IP,1062.049,-0.31864931079994024,0.011585553275972611,-27.504021880490598,1.5715689508051136e-166,8.197686976541458e-166
STK11,2669.2124,-0.26410325508277804,0.01169533273099041,-22.581935987417832,6.522814231960526e-113,2.291595771328462e-112
STK16,1472.9017,-0.03883240147432188,0.010909564648192606,-3.5594822274374875,0.0003715866776500932,0.0004455844722746052
STK17A,1727.0923,0.009858962997197308,0.019390186973360053,0.5084511568012429,0.6111369844247427,0.6268395317599545
STK17B,2077.0212,0.0057344426553806865,0.023209108138183415,0.24707725179436918,0.8048484384785854,0.8145709564021436
STK19,857.0145,-0.18288250137875733,0.014035968480085977,-13.029560563507129,8.308477247293652e-39,1.597132360283745e-38
STK24,7275.5933,-0.3715575928897336,0.01411983052241578,-26.314592961995647,1.305621013007494e-152,6.150193938875421e-152
STK25,4365.396,-0.06675244620928839,0.009840352599477048,-6.783542107305774,1.1726459460272733e-11,1.627617863046718e-11
STK31,68.12486,-1.3578355429692786,0.04881037803315331,-27.818582803169452,2.5854706776535656e-170,1.3862943778337884e-169
STK32A,141.05331,0.8751599897203313,0.06348439159161924,13.785435565800771,3.118785079353212e-43,6.2354262428117505e-43
STK32B,409.5124,0.9948684116153654,0.04122975278949932,24.12986603860369,1.2149738339099995e-128,4.816131675345342e-128
STK32C,471.7489,-0.08281465549057908,0.022893222037966485,-3.6174311922209084,0.0002975413942050488,0.00035803801906853763
STK33,255.51962,0.690047561645914,0.04357897477311722,15.834414766259876,1.8012723405473377e-56,4.0361108938150174e-56
STK35,2553.6216,-0.32481294603618055,0.013187213786795235,-24.630900149766727,5.89642763543786e-134,2.427120303879486e-133
STK36,1202.9807,0.013806452779455549,0.017011115525848917,0.8116136039683122,0.41701338276045574,0.43453656769475474
STK38L,2275.6885,0.28635552040424156,0.018379895261501515,15.579823297689902,9.983032228304505e-55,2.204866057019434e-54
STK38,2906.6807,-0.3183981280741849,0.014659231040200664,-21.71997475181525,1.3285202911270297e-104,4.37305490817384e-104
STK39,1983.1608,-0.17888564086025988,0.021051742710023674,-8.497426713042833,1.938398061619593e-17,2.9362980756334294e-17
STK3,1087.329,0.00449278390779473,0.014563450425308438,0.308497215741343,0.7577040185216446,0.769074489634169
STK40,3140.9739,0.012004105634437535,0.013036019648304102,0.9208413272067434,0.3571332748396404,0.3744593058896966
STK4,2360.2937,-0.06377533349624984,0.013777701788990748,-4.628880380268526,3.6764804907464288e-06,4.622905707560159e-06
STL,13.55824,0.10509995131873914,0.03480545117356406,3.0196405383351608,0.002530748495923546,0.0029529750474843806
STMN1,9684.065,-0.28573828266059365,0.023800822834283003,-12.005395134869566,3.328702592167197e-33,6.044332507485905e-33
STMN2,868.5692,0.8081722049725621,0.07090058141456913,11.398668231604846,4.2456395399548755e-30,7.47207601953158e-30
STMN3,3198.8755,0.5764893916516054,0.031552107564719996,18.271026443133938,1.4077770651829757e-74,3.67542104001798e-74
STMN4,310.36703,2.478948007886394,0.09644596886459428,25.702971695651932,1.0828056868096416e-145,4.8333350093745874e-145
STOML1,855.99945,0.059344832898569885,0.017460873894601613,3.398732117120298,0.0006769898941842736,0.0008050722696085063
STOML2,4253.852,-0.3850156951510324,0.012602764089188749,-30.55009936124387,5.637443486259327e-205,3.913150764976258e-204
STOML3,24.602081,-1.0723159550044137,0.07805864460183008,-13.737311997591016,6.068739674179387e-43,1.2096482379735476e-42
STOM,10703.276,0.48993276215582604,0.021314107813251874,22.986313405584553,6.389013213439296e-117,2.3124252446650779e-116
STON1-GTF2A1L,15.207712,2.413247779103892,0.07573206249115513,31.865602226081446,8.003446306483384e-223,6.369904744085036e-222
STON1,965.0961,1.3676658844692646,0.02766547288057528,49.43583976941677,0.0,0.0
STON2,980.2217,-0.09847946765713886,0.031152445715063763,-3.161211436106255,0.0015711440626068795,0.0018460738714499603
STOX1,293.4157,0.6114985110416128,0.0336985758842077,18.146123241017488,1.3778922284435821e-73,3.564486388676352e-73
STOX2,119.13159,0.8058897450077686,0.03177689489657466,25.360871401397944,6.818479167574807e-142,2.9541906229550005e-141
STRA13,1641.734,-0.660447831283514,0.018128241976414317,-36.431984532354946,1.3270229458138543e-290,1.7034590260923243e-289
STRA6,952.2877,-0.7203214314240644,0.0471442796210069,-15.279084487338272,1.054111885826259e-52,2.2871857490713848e-52
STRA8,3.0848489,-1.1303690261377093,0.10383655599465573,-10.886041195317448,1.3435441133537079e-27,2.2991690849599172e-27
STRADA,1448.3243,0.019120764927718057,0.012147475710483408,1.5740525343233758,0.11547530469999323,0.12560569153107667
STRADB,920.9862,0.34216495679945386,0.021758677442035416,15.72544828200027,1.0123181170747226e-55,2.255146574627889e-55
STRAP,5306.8887,-0.01257354759181244,0.011688145162944422,-1.0757521759461937,0.2820381058541941,0.2982864310174305
STRBP,1673.0986,-0.27463416977635907,0.015806026657115772,-17.375281956311298,1.2698062999193265e-67,3.132814646153365e-67
STRC,43.678658,-0.39734136742515774,0.0326267400413608,-12.178396214928293,4.0517083511073826e-34,7.442144561547745e-34
STRN3,1429.405,0.2099484742752598,0.012542472666408152,16.739001938394,6.812079686031258e-63,1.6173426277307334e-62
STRN4,4620.8037,-0.21415364345213794,0.010049671910027178,-21.309515909515774,9.264825041560032e-101,2.94907087275048e-100
STRN,707.9448,0.15343697799675027,0.023225230986259872,6.60647801899254,3.935706742500261e-11,5.4128928980992236e-11
STS,1284.4812,0.29660765614377704,0.021705765703592495,13.66492480358276,1.644735934852833e-42,3.2627086522136626e-42
STT3A,7019.7993,-0.08655967036170657,0.011819478563033585,-7.32347623459712,2.41628402396958e-13,3.4453793559319706e-13
STT3B,3454.6985,0.02110538436476615,0.017391009719626323,1.213580160382984,0.2249080868750486,0.23967043918812428
STUB1,4293.4478,-0.22229807792009118,0.013675137994592718,-16.255636908965016,2.0374001050952596e-59,4.684823666098304e-59
STX10,874.1837,-0.3532750051406069,0.012513557213626209,-28.23138130186676,2.4096219493956764e-175,1.3345346373162832e-174
STX11,395.75272,0.23609743955108298,0.029531720391508136,7.994706587394514,1.2988280508952433e-15,1.9206014154689323e-15
STX12,2947.4648,0.7481319395700468,0.01353357763650685,55.27968728327678,0.0,0.0
STX16,3950.3145,-0.12873477835844777,0.012315028655422448,-10.453469655692954,1.4126076071333079e-25,2.3681882636385883e-25
STX17,1704.8397,0.20055534379558426,0.010813587990789247,18.546604879565642,8.686859129978946e-77,2.3094249807683644e-76
STX18,1566.346,-0.5354578376710782,0.018647821989135584,-28.71422936056777,2.534571544656232e-181,1.4684502583282933e-180
STX19,92.50007,-1.240444461743511,0.046790034956893205,-26.51086845492442,7.263431415521293e-155,3.475351355783737e-154
STX1A,494.08798,0.05528285192264005,0.03116747492454,1.7737353461095617,0.07610693693076058,0.08360101051976662
STX1B,322.14426,2.3109104113166903,0.041131051992781796,56.1840823259818,0.0,0.0
STX2,748.0635,0.5921513105409649,0.018150426520930765,32.624649886772964,1.8342574409997364e-233,1.5803490157136536e-232
STX3,2180.4863,-0.23261612706268397,0.0189079596452484,-12.30255042992652,8.775865720428261e-35,1.622925335654455e-34
STX4,1947.0645,-0.19403935907472789,0.011634397098169684,-16.678076004922854,1.8921550802156737e-62,4.472586239186219e-62
STX5,2337.525,-0.03544599572835125,0.009945330178214765,-3.5640843585058306,0.0003651285231351977,0.00043796922185291285
STX6,2877.392,-0.1260063364080043,0.012425978219916778,-10.140556677142497,3.650135262979274e-24,6.01579404347082e-24
STX7,3004.6848,0.38345738497157916,0.014699498941152005,26.086425565028645,5.19810422212204e-150,2.4035476688208633e-149
STX8,779.3523,0.09096745023363154,0.013841754647580307,6.571959448041052,4.9657388871478374e-11,6.818011734788429e-11
STXBP1,3030.0225,0.5088409211579932,0.03023784585018668,16.82794877912415,1.5228714260760104e-63,3.632162530867092e-63
STXBP2,3843.124,-0.6799677523365617,0.019321476767742696,-35.192328231958506,2.6199408467174357e-271,2.953453803893703e-270
STXBP3,1865.4963,0.2630948401456327,0.011310521819779176,23.26107003175998,1.0991359281401322e-119,4.0649061509545776e-119
STXBP4,319.88956,0.5544289633978918,0.017357297647087502,31.942124555945675,6.9497489180039445e-224,5.570470008726075e-223
STXBP5L,123.613335,1.3140917918429167,0.06430564427245607,20.43509254452458,8.153803389662345e-93,2.4426616128625023e-92
STXBP5,967.2977,-0.03154944998139347,0.020650845662760407,-1.5277558360859997,0.12657317117882463,0.13733229546097264
STXBP6,488.24796,-0.18237365294633456,0.04203404864287154,-4.338712516032237,1.4331985414090833e-05,1.7808049499266112e-05
STYK1,260.9842,-0.8010907331065277,0.042229878731229534,-18.96976162789951,3.032786652684403e-80,8.27563375713735e-80
STYXL1,1471.0194,-0.4413156237188288,0.013148667615443498,-33.56352420077078,5.716304928675486e-247,5.440778496629463e-246
STYX,1072.8453,0.08792933726703557,0.0130183994492355,6.754235619356356,1.4359023957733114e-11,1.9888112712122488e-11
SUB1,7211.934,-0.01403311639167562,0.013458246955324462,-1.042715031033349,0.29708029422648474,0.31357619816243276
SUCLA2,1786.1674,0.28208495918240584,0.013492472456793378,20.90683972753843,4.6396443705366056e-97,1.436631478931631e-96
SUCLG1,4114.8667,-0.015400842757890151,0.01440934941482109,-1.0688090290911563,0.28515572997509064,0.3014390834272185
SUCLG2,2866.9434,0.1248147521029873,0.018430063189769863,6.772345315249343,1.2671125381500174e-11,1.757777607263301e-11
SUCNR1,86.34462,0.6746161776544112,0.05066278436042613,13.315813297094847,1.873214176425904e-40,3.655398008037475e-40
SUDS3,2578.7664,-0.11481054849806564,0.010407738765073563,-11.031267318444664,2.700327003827727e-28,4.651096232735084e-28
SUFU,1354.8872,0.17658704012496249,0.013122632323071952,13.456678186013843,2.8127986389806094e-41,5.523318623746743e-41
SUGT1L1,110.03313,0.1642352502805387,0.023993908503255158,6.844872741690148,7.65438845842129e-12,1.0671484943162299e-11
SUGT1P1,12.996206,0.5354030047865717,0.031077010333514232,17.22826613759495,1.6296334462737596e-66,3.973854034337941e-66
SUGT1,1398.9153,-0.23630466684110113,0.011418625611950095,-20.69466806879086,3.8688281346039816e-95,1.1794769690386712e-94
SULF1,6649.212,0.7617961161460429,0.035361921057989985,21.54283741815876,6.180286139591995e-103,2.008050518926802e-102
SULF2,7531.794,0.3545951563811968,0.027729782334202733,12.787520367364321,1.9251890085405673e-37,3.6545382773778467e-37
SULT1A1,1417.3411,-0.23524049948985487,0.031148435876533508,-7.5522411597906105,4.27831338039308e-14,6.179212692354052e-14
SULT1A2,155.43065,-0.38984426144117507,0.04139177041544557,-9.41840026479521,4.580127098900903e-21,7.255996234263752e-21
SULT1A3,1958.6887,-0.7996461598409527,0.020237956390514247,-39.5121989795252,0.0,0.0
SULT1B1,74.94915,-0.9199132417813524,0.06372753719055166,-14.43509795507585,3.1120326094808915e-47,6.446014029547408e-47
SULT1C2,562.5086,0.07886495009911104,0.05408644567794829,1.4581278009781526,0.14480531972018898,0.15648044077406195
SULT1C3,2.57162,-0.12330755705666889,0.17271305053709415,-0.7139446421287413,0.4752614110571237,0.49258499555627866
SULT1C4,327.2909,1.247506324804506,0.04702742519072958,26.527208745641133,4.7063333909659326e-155,2.256092335923603e-154
SULT1E1,116.925125,-0.3818439969659452,0.07565524091470041,-5.047158562305891,4.4842917651703397e-07,5.747289647283786e-07
SULT2A1,1323.5093,-0.7154173431000366,0.18592406502051784,-3.8479007170001687,0.00011913431216785561,0.0001447255481487781
SULT2B1,773.22455,-1.7355410664004323,0.0482317688688888,-35.98335924851219,1.5233184397233299e-283,1.8570802463669025e-282
SULT4A1,217.39941,1.186302033814828,0.06014716751439826,19.723323355681654,1.3599233930522223e-86,3.8913113646029785e-86
SULT6B1,0.090997376,-0.38577849420629207,0.19467361436706498,-1.9816681138867185,0.047516398214954035,0.052770366095256885
SUMF1,2140.005,-0.04658922513809926,0.015383494612943884,-3.028520262158017,0.002457545964127473,0.0028693684856151416
SUMF2,7923.518,-0.030226086158942473,0.014134097914608863,-2.138522482407674,0.032474361417242546,0.036312710720801944
SUMO1P1,6.956701,-1.642579236464597,0.06716618815945942,-24.45544821696514,4.403717358966375e-132,1.789883843305978e-131
SUMO1P3,507.19656,-0.2911579657983052,0.014543090206626646,-20.020364424724352,3.660341885383195e-89,1.0690130604578463e-88
SUMO1,4307.9727,-0.09218100165233677,0.010709551485542881,-8.607363415431024,7.476014608331317e-18,1.1395940506964456e-17
SUMO2,7149.248,-0.1580146767281863,0.009837220620930122,-16.062939199715316,4.640316727446346e-58,1.0553195738838267e-57
SUMO3,5150.1675,-0.03486944773933802,0.010390324711861305,-3.355953611298791,0.0007909183397503771,0.0009383628484252872
SUMO4,4.1646113,-0.4452341986710498,0.03734524481965577,-11.922112194501173,9.077750856567291e-33,1.6410400434101712e-32
SUN1,5445.868,0.030173631044680543,0.011767188493572613,2.564217532604476,0.010340871151374154,0.011806291822051727
SUN2,7713.8096,0.2436543954453766,0.015549148821788173,15.669950698777606,2.4276762419792937e-55,5.386927586970729e-55
SUN3,5.2899704,-1.2115428905101044,0.0714955472216902,-16.9457111329382,2.07015673726176e-64,4.963061824530401e-64
SUN5,0.02298417,-0.46045753699587005,0.8656582662967074,-0.5319160630969434,0.594784131460054,0.610805050814388
SUOX,1623.3098,0.11192383072874187,0.016396582323549347,6.826046338205064,8.72867460648396e-12,1.215673049072424e-11
SUPT16H,6269.423,0.050642740669112916,0.010907157169932414,4.643074256665059,3.4326290960154097e-06,4.319748780181588e-06
SUPT3H,288.85275,0.08355995643430707,0.014952283992302029,5.588440968438449,2.2911723492316766e-08,3.00381531756112e-08
SUPT4H1,3077.0183,-0.062387580998639315,0.009895465083648343,-6.304663850689647,2.8882003929303656e-10,3.920058119977954e-10
SUPT5H,7637.186,-0.12124383738439677,0.01018891735268345,-11.899580022843628,1.189442317097113e-32,2.1487006329884757e-32
SUPT6H,6685.5386,0.026384629528167957,0.00941712823023755,2.801770230063268,0.005082305673458029,0.005862360408268103
SUPT7L,2275.2935,0.030231674077086105,0.008387057846038045,3.6045624856834895,0.000312679216898841,0.0003759204072778732
SUPV3L1,1232.8868,-0.2320358381705329,0.009878819681721806,-23.488214750984373,5.382595283606037e-122,2.0252126664005785e-121
SURF1,1945.1577,-0.16845908332766873,0.014096087873046791,-11.950768528463865,6.432759893355393e-33,1.1648542085637503e-32
SURF2,784.7102,-0.5913093701876767,0.01655688756690601,-35.713799939644986,2.414221489798768e-279,2.8592865218623105e-278
SURF4,13170.778,-0.10508053580243341,0.01121033653789687,-9.373539808301524,7.013986299327702e-21,1.1093672084214781e-20
SURF6,1874.0419,-0.2565067394659271,0.01193227776498644,-21.49687968366018,1.6651411529441997e-102,5.391318182695763e-102
SUSD1,702.4528,0.04000534238168254,0.020301405206030146,1.9705701145159997,0.048773067798680576,0.05412465318398222
SUSD2,2090.3018,0.3203147123312081,0.04144426109919806,7.728807411103926,1.0855876125934354e-14,1.5816142983247282e-14
SUSD3,577.05414,-0.17883396194783804,0.03754073044640736,-4.763731547609043,1.9004530385708388e-06,2.405279336831015e-06
SUSD4,922.87085,-0.1822075965687751,0.04128003330972027,-4.413940153625565,1.0150603006058593e-05,1.2653448848906865e-05
SUSD5,330.28616,1.6457291278430057,0.0399771636004328,41.16673069385015,0.0,0.0
SUV39H1,750.1818,-0.4902441717652037,0.015109559916761627,-32.44595967493114,6.176130437704005e-231,5.2217541354325515e-230
SUV39H2,480.00208,-0.29961270053076816,0.01598101814155184,-18.74803581830327,2.0087412957588366e-78,5.408803602744895e-78
SUV420H1,2132.5525,0.22199943854298052,0.0115012576451796,19.30218810775227,5.148234179908707e-83,1.4352033365570498e-82
SUV420H2,483.5465,-0.6191788375789736,0.015961981289352393,-38.79085098239047,0.0,0.0
SUZ12P,398.3224,-0.1901015996116411,0.01832507816454317,-10.373849317568801,3.2611742532632066e-25,5.442151362474231e-25
SUZ12,2091.521,-0.02446377401326974,0.012642440052043343,-1.9350516128661228,0.05298396240971915,0.058695205718765485
SV2A,1204.7422,1.3016915693080977,0.040851378721783106,31.86407925600805,8.401826620861389e-223,6.684360616417234e-222
SV2B,334.31934,0.8858308137878311,0.049271033985298564,17.978733997182694,2.859473458048476e-72,7.312651693557206e-72
SV2C,8.641656,0.3857272550670411,0.056665142611614684,6.807134638499584,9.956174803439232e-12,1.384925955337656e-11
SVEP1,940.89087,1.4533019500668798,0.03506848036670154,41.44182852721582,0.0,0.0
SVIL,4816.968,0.7629412191250297,0.024381666752645043,31.29159408440615,6.07210469706664e-215,4.565065713721555e-214
SVIP,815.86847,0.1315530367900146,0.01957569325853458,6.720223649431179,1.8144584710375047e-11,2.5093784397698907e-11
SVOPL,39.455147,-0.021850367863902112,0.05338488027146731,-0.40929880806683216,0.6823203901330326,0.6961692303657617
SVOP,120.06909,1.5442093520323883,0.08983915658186988,17.18860028060437,3.232423206811975e-66,7.859656523048488e-66
SWAP70,3065.1824,0.30768037635294854,0.016845957576383134,18.264344722338322,1.5911151024153351e-74,4.151417707301526e-74
SYAP1,2643.137,-0.16883979523918471,0.01333928183429549,-12.657337729014397,1.0189659611416404e-36,1.920311765517232e-36
SYBU,1381.5914,0.47148420673341673,0.03546291425804078,13.29513427189683,2.4702937903046737e-40,4.8145425308072805e-40
SYCE1L,69.6651,-0.898711238551019,0.04063571996156706,-22.116286838304152,2.2033491317044175e-108,7.473839548878746e-108
SYCE1,78.82896,0.3034840904320149,0.07304729056799149,4.1546248748204535,3.258216383403484e-05,4.0151339113680485e-05
SYCE2,41.600346,-0.17309161671278445,0.03278224803449014,-5.280041092077489,1.2915491752624586e-07,1.6718185576240922e-07
SYCN,10.452869,-1.0829276343512828,0.2457997676738402,-4.405730910975698,1.0542777533393302e-05,1.3137495887033555e-05
SYCP1,1.3066932,0.3947743979151218,0.13999298551392494,2.8199584176726775,0.004802987295375842,0.005545197819357874
SYCP2L,29.519423,-0.20934163921648832,0.048642306464695334,-4.303694755272939,1.6797305432590734e-05,2.08407789202337e-05
SYCP2,374.60422,-0.49608796845390757,0.04404780781930329,-11.262489395363383,2.009992336820076e-29,3.5050478788282593e-29
SYCP3,5.4721866,-3.524752477322508,0.09622772420606399,-36.629282323818984,9.781298904494266e-294,1.2839294932082447e-292
SYDE1,1011.3532,0.789742873675544,0.02408183401091814,32.79413325901561,7.138660590453941e-236,6.2456377722841336e-235
SYDE2,194.75508,0.6598128508952971,0.028923530180797068,22.81232086024411,3.4600727027471503e-115,1.2354195046515124e-114
SYF2,2527.9636,0.049327085204271336,0.010085010924622518,4.89112858408903,1.0025943757509722e-06,1.2774952369454276e-06
SYK,2743.2224,-0.5208216643176221,0.02522688500610325,-20.645500393394485,1.0714728899417204e-94,3.253410375290602e-94
SYMPK,5074.397,-0.32312800419372056,0.010439668119901224,-30.9519421961067,2.3922598522251514e-210,1.7320063418012752e-209
SYN1,533.73236,1.5133058060070683,0.0468850158674968,32.27696051727633,1.472863509331731e-228,1.2219245389765572e-227
SYN2,341.75082,2.0782422636767834,0.05667714930839371,36.6680803293154,2.357306071157651e-294,3.116389240434975e-293
SYN3,46.10478,0.9937199885862114,0.045624244629660686,21.78052473311933,3.549836007679416e-105,1.1745670612765354e-104
SYNCRIP,8025.3906,0.008465955946181911,0.010333581443149175,0.8192663882079879,0.412634445016978,0.4302599060742973
SYNC,773.6667,0.027463166723363915,0.035630825589989194,0.7707698676249574,0.44084335066318503,0.45831230026818076
SYNE1,3123.5625,1.342235554918651,0.02622852099927611,51.174656586839035,0.0,0.0
SYNE2,6792.056,0.34812580949599475,0.02009496345162236,17.324032976426682,3.098602487684234e-67,7.619814959145226e-67
SYNGAP1,1054.8943,0.5341135649635441,0.02151155604213492,24.82914596774729,4.344465678715462e-136,1.8132221556574023e-135
SYNGR1,1705.2853,0.4493220296541675,0.03226698847349409,13.925130633844738,4.4572580592228925e-44,8.994480803619671e-44
SYNGR2,10965.499,-0.7024397340910663,0.019114918929800315,-36.74824552857282,1.2401182594734527e-295,1.6523277254332477e-294
SYNGR3,302.77917,-0.07632851635959788,0.0430853364748181,-1.771565980556036,0.07646663101797624,0.08398252904434257
SYNGR4,9.696514,-0.7703592321353954,0.04309162519711365,-17.877237830124713,1.7741135874945707e-71,4.512077267682944e-71
SYNJ1,844.7571,0.7838364325630738,0.018951370478814532,41.360408918147286,0.0,0.0
SYNJ2BP,2321.311,0.37216459090944864,0.013564970310207421,27.43570994986998,1.0288988804223914e-165,5.338265113791913e-165
SYNJ2,1186.447,0.20782176739590788,0.021409937117126826,9.706790181539645,2.8208036931410026e-22,4.538386469784864e-22
SYNM,4847.5044,2.281344644764845,0.038503341284935155,59.250562902639444,0.0,0.0
SYNPO2L,58.68344,0.16834533270095822,0.05328605597672451,3.1592755293146846,0.0015816188559555947,0.001858167135345372
SYNPO2,4854.487,2.4685947369958168,0.03994602609011755,61.7982557620803,0.0,0.0
SYNPO,6277.845,0.7959437023147192,0.025559949006255817,31.140269572521895,6.869618154270864e-213,5.0894671034498e-212
SYNPR,64.31813,1.6239597032929856,0.09782384478726495,16.600857457857742,6.870244123675948e-62,1.6130930701639792e-61
SYNRG,2388.8523,0.22005390258585178,0.01156459648327675,19.028238720137427,9.954250122713019e-81,2.7283061153515663e-80
SYPL1,6560.435,-0.049346487037098194,0.013668269581878166,-3.6102951248871595,0.000305848804157081,0.0003679040356770465
SYPL2,207.30067,0.976249776201786,0.04091882457494556,23.858206738410075,8.323131477481405e-126,3.230092141632557e-125
SYP,1387.3396,0.5101141856279933,0.05315497468854312,9.596734616411018,8.251723940449942e-22,1.3182426844289107e-21
SYS1-DBNDD2,84.94585,0.5006978534989882,0.03182559040538071,15.732555064063662,9.048483066189187e-56,2.01661813622929e-55
SYS1,2252.4624,0.09006773665995702,0.010664753142886702,8.44536535006733,3.030960153898572e-17,4.580412542549067e-17
SYT10,13.414447,1.0255307365918722,0.08197681650659146,12.510009296462654,6.581652542091886e-36,1.2302390390028978e-35
SYT11,3575.3547,2.388523336975909,0.03700937176123393,64.5383378130673,0.0,0.0
SYT12,765.67163,0.3738267549436858,0.04635128445508053,8.06507865614738,7.318872998638016e-16,1.0858835109989168e-15
SYT13,1458.6471,0.05778681134410333,0.05844661265897561,0.9887110426959712,0.3228045384462218,0.3397073089127794
SYT14L,0.8384026,-0.039731978819129946,0.06563328348452732,-0.6053632655525536,0.5449376534096423,0.5615135988342397
SYT14,67.30373,0.8241993003328011,0.06307894855402836,13.066154703369193,5.139874334159979e-39,9.900908465243922e-39
SYT15,183.48546,1.0064561972427974,0.02954036839095835,34.070536424009234,2.0153715196513237e-254,2.022225173414554e-253
SYT16,13.302796,1.4836146930808862,0.05865536075334078,25.293761286710446,3.74122081495081e-141,1.6123521289496939e-140
SYT17,474.04678,0.37186238490905155,0.030749626697273245,12.093232499047762,1.1468395310751807e-33,2.0938486246219715e-33
SYT1,1231.9402,0.8989880621113735,0.05330743892770304,16.864214079588496,8.249203936954881e-64,1.9702668107985034e-63
SYT2,200.87207,-0.7897196596388647,0.047319135796321764,-16.6892240601793,1.5699797103208563e-62,3.7131989919170907e-62
SYT3,77.86146,0.8829835126442693,0.05119235035605611,17.248348757243793,1.1514332268414977e-66,2.8138313606128975e-66
SYT4,357.0619,0.18378626270577467,0.10002718115511763,1.8373632105134226,0.066156294097429,0.07288684406783684
SYT5,200.37505,0.22002775608878603,0.06483143727196497,3.3938435633592303,0.000689190497160049,0.0008192940167979353
SYT6,98.72944,2.163835636269686,0.053106103581867035,40.745516811150935,0.0,0.0
SYT7,2513.0725,-0.1487999705013683,0.042093597347595886,-3.5349787111950604,0.00040780801234762185,0.0004881850604683503
SYT8,544.71216,-1.907439811918516,0.0672495471833974,-28.363608259200674,5.687593733606249e-177,3.184645787197184e-176
SYT9,132.67068,1.1614386940877721,0.06119921254791149,18.978000626699366,2.5927633862593315e-80,7.078727340868142e-80
SYTL1,1883.947,-1.2214277387505768,0.036654102632433856,-33.32308393958009,1.7883183685124135e-243,1.655678656868769e-242
SYTL2,1871.7281,0.4429168107938135,0.03166425387894887,13.987912441804761,1.847558043236316e-44,3.743102219350001e-44
SYTL3,406.84137,0.1487200846369632,0.026129536182111078,5.6916465566189665,1.258200934012474e-08,1.6570584519390227e-08
SYTL4,928.4228,0.9567250248500594,0.02710299563197166,35.29960443639936,5.954990866428171e-273,6.79202571706505e-272
SYTL5,296.49808,0.2570283238911944,0.04807720242444896,5.346158073467402,8.984075484065468e-08,1.1662742637256192e-07
SYVN1,4314.741,-0.17504290023097752,0.01238706216211413,-14.131106951763494,2.4427411937090126e-45,4.981146630881589e-45
TAAR1,1.4318287,-0.10024964017662993,0.10178586521467416,-0.984907285163768,0.32466961457312815,0.3416347262298075
TAAR2,0.02670206,-0.43992069150507934,0.521519393720358,-0.8435365909728136,0.39892841031983806,0.41665128536918805
TAAR5,0.22545739,-0.2003163555214156,0.15921309392305735,-1.2581650829436313,0.20833205990050985,0.2225305565327639
TAAR6,0.30468282,0.1689131771618338,0.13285511113782253,1.2714089485545272,0.20358320077617098,0.21773221184083133
TAAR8,0.13748169,-0.3262614012166385,0.17963845399252618,-1.816211362129695,0.06933795582209631,0.07629311152689071
TAAR9,0.08058324,-0.38471068085882126,0.22798686139179739,-1.6874247862805245,0.09152170112610822,0.10012306895359685
TAB1,1743.9515,0.08796839700480238,0.010852140632814433,8.10608708283836,5.227598435663432e-16,7.773623296448164e-16
TAB2,4089.5942,0.36696301721199953,0.011856138916883597,30.951308835411005,2.4396691297635996e-210,1.7650754730937144e-209
TAB3,1731.4373,0.11566596835370246,0.014582442514006921,7.9318652031442225,2.158786874847084e-15,3.1806876527002303e-15
TAC1,58.10494,0.6277707942896436,0.07852491732041385,7.9945425695652945,1.3005581763015179e-15,1.9230201112152373e-15
TAC3,48.463715,-0.4404049334166822,0.08288237246866374,-5.3136139844837444,1.0747215759265524e-07,1.3937356878965974e-07
TAC4,3.5109541,0.1919223084107183,0.054182470346949986,3.542147620471533,0.00039688329926154274,0.00047541463224674916
TACC1,5522.6914,0.8968219594608914,0.020343778558217684,44.08335240645983,0.0,0.0
TACC2,3137.0227,-0.06148048824713184,0.02455545901124997,-2.503740134483531,0.012288825637999204,0.013984807219900827
TACC3,2429.7773,-0.8366131365143178,0.02494469943779203,-33.53871384983785,1.3150710840193839e-246,1.24818331932637e-245
TACO1,1190.4164,-0.27030686082747446,0.014825866847400483,-18.23211172808214,2.8702124133502916e-74,7.469596641109369e-74
TACR1,117.396576,1.2309892484596343,0.04123719260131066,29.85143194302973,8.411000833933922e-196,5.4121228185227785e-195
TACR2,121.187996,1.6400306908426208,0.03880307762028121,42.26547973569565,0.0,0.0
TACR3,1.1759821,1.2235669563414466,0.08496322705249401,14.401135629952865,5.090022503610951e-47,1.0531277251119446e-46
TACSTD2,14376.484,-0.8982224438455582,0.049488140808215016,-18.15025638822248,1.2780295004103537e-73,3.307411033285165e-73
TADA1,773.23975,0.054078700306538226,0.012668634099334504,4.268708045595779,1.9660840087775174e-05,2.4341707817259472e-05
TADA2A,417.4669,0.13555620247153938,0.012561997143614596,10.790975425467607,3.797374619626593e-27,6.470601764393858e-27
TADA2B,1761.5946,0.18370202195287422,0.010885918858559917,16.87519669581442,6.849643957865014e-64,1.6363752797251092e-63
TADA3,4566.199,-0.02269557837029103,0.011689241107009812,-1.9415784277630248,0.05218815650271,0.057838795766939184
TAF10,2405.6226,-0.5326895308990673,0.014532235539000328,-36.65571821138477,3.7101595709681716e-294,4.9016962170889686e-293
TAF11,1352.3219,-0.09858584887588617,0.010175382243442483,-9.688662943293334,3.3691021300199445e-22,5.413697732050201e-22
TAF12,934.49316,-0.12135656700525639,0.010622457828725675,-11.424528010558827,3.1536436577573566e-30,5.559358492361418e-30
TAF13,361.18326,0.28431052227601245,0.016775047893404272,16.94841791705403,1.9770259128359433e-64,4.7404434324403285e-64
TAF15,6593.0474,-0.23409542040330472,0.011138710282142259,-21.01638470466459,4.644951869513625e-98,1.450630083010092e-97
TAF1A,199.51953,-0.0027788157537682375,0.016460584006263105,-0.16881635261002423,0.8659410954139106,0.8732759442011
TAF1B,539.00354,0.14510677590270685,0.012867666692095514,11.27685223552181,1.707467506830747e-29,2.9787772897658257e-29
TAF1C,1928.8235,-0.12254078109295699,0.01421541168952173,-8.620276624368366,6.679255878858121e-18,1.01882797960345e-17
TAF1D,1472.9529,-0.2386946884581006,0.014381993186636723,-16.596773851894735,7.353871627435712e-62,1.7262478088661784e-61
TAF1L,65.37883,0.04340775926864244,0.0215930868923784,2.0102618715420375,0.04440348007271015,0.04937789222199618
TAF1,2011.9169,0.22037697190933478,0.013152218231831426,16.755878592097208,5.129745543306758e-63,1.2187710294804794e-62
TAF2,1635.831,0.020477661227566106,0.015043569108396286,1.3612235952794527,0.17344303977176878,0.1865064620880706
TAF3,461.9317,0.21115913756773658,0.0152979574678033,13.803093518343912,2.4414645386378205e-43,4.8889324817672266e-43
TAF4B,398.73196,-0.2862630178875057,0.02365868907232004,-12.099699058238393,1.0599904511178316e-33,1.9368466697458207e-33
TAF4,1127.1996,-0.18216991995709564,0.012981534551092525,-14.033003512806136,9.791522157142885e-45,1.9868992285186087e-44
TAF5L,1384.3141,-0.03137049300285197,0.010098599950181765,-3.1064200144186653,0.0018936753101600845,0.0022194079580651178
TAF5,261.84116,-0.21124918290529815,0.013805447745372033,-15.30187117445102,7.42896528323031e-53,1.6144994043689781e-52
TAF6L,763.6402,-0.20182330804014798,0.0118283730258537,-17.06264315464312,2.815237643162828e-65,6.798176156701698e-65
TAF6,3304.2888,-0.13233519899874763,0.011463517974127221,-11.544030314029584,7.912882215924083e-31,1.404641808649389e-30
TAF7L,25.913197,-0.8626772776720244,0.048299165243041786,-17.86112189167298,2.3683081413782158e-71,6.0187723692821236e-71
TAF7,5675.348,0.19142846558026422,0.011112788417103123,17.225961513461957,1.6958600637121284e-66,4.133861953677589e-66
TAF8,1104.6694,-0.05035054588040867,0.010144785595093625,-4.9631946785312016,6.934301333180369e-07,8.856122002522999e-07
TAF9B,1457.2981,0.49808578161757655,0.013823565541866692,36.031643218896804,2.6739378267375934e-284,3.2814165289060073e-283
TAF9,2655.1497,-0.1453244107342586,0.009666966272328477,-15.033093800093958,4.45694155085242e-51,9.537405195901243e-51
TAGAP,430.96454,-0.028402581818952354,0.03057365282786938,-0.9289888250795473,0.3528948776808104,0.37020594706567833
TAGLN2,30757.154,-0.5754294909782074,0.02045637699238498,-28.129589672326375,4.258961747005009e-174,2.3409341848616355e-173
TAGLN3,456.33484,0.7939246845601097,0.07934174801109106,10.006392655341148,1.4286719395685293e-23,2.3332530096001673e-23
TAGLN,20933.332,1.6343731954143113,0.03468594556183408,47.1191766273386,0.0,0.0
TAL1,184.13095,1.0385762112148498,0.031562915044660585,32.904952211964435,1.8671085758322899e-237,1.6555950999725432e-236
TAL2,6.8309636,1.2250551030671657,0.045118645859820755,27.151858831785262,2.4072314734784066e-162,1.2164017266951324e-161
TALDO1,9075.15,-0.6490738263712621,0.014694021743388935,-44.17264638003481,0.0,0.0
TANC1,2295.7961,0.51295381843005,0.017038704060844,30.105213201563238,4.140897340531812e-199,2.7371600310352976e-198
TANC2,2497.6692,0.33648066572230473,0.026237500349263924,12.824417770107603,1.1968223422570301e-37,2.2748675255355124e-37
TANK,1672.4501,0.22264842277646885,0.012971011549009343,17.16507783030026,4.848327097091178e-66,1.1774673907870605e-65
TAOK1,822.1987,0.6458368133351814,0.026183686433264148,24.665618226878117,2.502280652644681e-134,1.0318803282801916e-133
TAOK2,3503.7659,0.11711761884491298,0.010383737532664018,11.278946379037151,1.667308864973801e-29,2.909466116568237e-29
TAOK3,2476.4585,0.32572332545576926,0.01683079786993176,19.35281547392797,1.9300533784625728e-83,5.39974669948049e-83
TAP1,8723.442,-0.681557204267226,0.023071977310209626,-29.540476531486046,8.703850867662774e-192,5.417355543098332e-191
TAP2,4486.7124,-0.46651946758465196,0.019610743343719515,-23.788974207041377,4.343657978472104e-125,1.676446119122532e-124
TAPBPL,1635.7434,-0.22789769632501694,0.017847263393531584,-12.76933562865522,2.432215779442889e-37,4.611854433610672e-37
TAPBP,14672.25,-0.46337143128088215,0.01524292462635581,-30.399115828447307,5.642731243922395e-203,3.858930648136246e-202
TAPT1,1438.3333,0.4930769430563467,0.01594155274567141,30.930295870346203,4.677193027336998e-210,3.373112746849237e-209
TARBP1,1640.4188,-0.5103170975781456,0.016352027389054464,-31.208185103685427,8.25075975838952e-214,6.155266321768128e-213
TARBP2,1243.4589,-0.5245843172613357,0.01358550392578658,-38.613533964362176,0.0,0.0
TARDBP,7124.2197,-0.06612934702788917,0.006000563704221956,-11.020522452142457,3.042877904405599e-28,5.234469899095361e-28
TARM1,0.47136524,-1.52276781841199,0.24099855668450837,-6.318576506686087,2.639835982682606e-10,3.5848733171981837e-10
TARP,1108.5667,-0.4526669571867693,0.06788234878196299,-6.668404457257781,2.5859931059962123e-11,3.566953498982174e-11
TARS2,1514.6757,-0.17195865293906606,0.011606909703996339,-14.81519692359281,1.168463381970516e-49,2.4723286212365135e-49
TARSL2,630.43335,0.5052153698011644,0.015918750977414294,31.73712375537313,4.780401888819073e-221,3.747562651307952e-220
TARS,4543.181,-0.2167362398107805,0.012996384721557215,-16.676656197417596,1.9376572019775644e-62,4.5796102826864676e-62
TAS1R1,18.347029,-0.34974775983897344,0.04325268029131828,-8.086152291218243,6.157918053581501e-16,9.149022378520455e-16
TAS1R2,0.3956978,-0.6806793151627327,0.09156333696787088,-7.433972348578556,1.0538400903991712e-13,1.512202593771971e-13
TAS1R3,57.060314,-0.9330020809887141,0.03524857794424099,-26.469211962667295,2.1931031621996268e-154,1.0451635599068867e-153
TAS2R10,3.3486648,-0.09355211764384286,0.03911890118837927,-2.391481222678965,0.01678054230161313,0.018990275748668243
TAS2R13,2.2987585,-1.7178559496260282,0.06558968925344781,-26.190945088762206,3.369920321234525e-151,1.569263673833799e-150
TAS2R14,17.093954,-0.03831601864998447,0.024737511287853235,-1.5489035337519437,0.12140491134860029,0.1319145322167985
TAS2R16,0.037566748,-0.4707842275644974,0.5599154839957651,-0.840813017358988,0.4004526934237136,0.4182218316104127
TAS2R19,5.100742,-0.03285428913015821,0.0375934072012177,-0.8739375219252278,0.38215227934421514,0.39976560760296354
TAS2R1,0.62494993,-0.026596129697622244,0.07337520831514446,-0.3624675187754509,0.7170026918942163,0.7297999102226952
TAS2R20,45.311573,-0.09695658614783012,0.018710782030345367,-5.181856428586725,2.1968829364493934e-07,2.8338300515220937e-07
TAS2R30,1.4929899,-2.2561401812238886,0.08487570411094225,-26.58169619747549,1.1051472079339718e-155,5.31279622345401e-155
TAS2R31,6.3805304,0.01407276003343685,0.03535228633715988,0.3980721331351217,0.6905770151371797,0.7040994316495314
TAS2R38,2.436333,-1.555820213235758,0.08198975750634262,-18.97578747095821,2.7042890733109796e-80,7.381233576020676e-80
TAS2R39,0.14116755,-0.5803964952812235,0.19138680010198342,-3.032583725585831,0.002424698237620713,0.002831990787661069
TAS2R3,1.9803714,-0.25530760844134015,0.05766913577967923,-4.427110012827736,9.550402957652013e-06,1.1910361642562775e-05
TAS2R40,0.36489657,-0.6275828150898378,0.09528508404082575,-6.586369959236688,4.5070994759483684e-11,6.191635508153363e-11
TAS2R41,0.5561906,-1.7131076937184415,0.21664545041405756,-7.9074251983797135,2.6276692380093246e-15,3.8653697988895836e-15
TAS2R42,0.6328099,-0.7102553479088668,0.06684005684240023,-10.626193056411552,2.2511506922824292e-26,3.8062600236008615e-26
TAS2R43,1.9675157,-1.3349768998837326,0.06368393627285396,-20.962537462571742,1.4419183819809248e-97,4.4825189095662926e-97
TAS2R46,1.3867987,-1.7658207121752778,0.07258361881025527,-24.328088639275542,9.890683892086585e-131,3.990575373741395e-130
TAS2R4,7.450536,0.2798429174026031,0.0332736363058113,8.410349708418494,4.0879005896399433e-17,6.165770344086502e-17
TAS2R50,1.2920759,-0.9379556169153265,0.059677234734067795,-15.717142744549424,1.1541230397522524e-55,2.5693593183505856e-55
TAS2R5,20.384504,-0.0132725835636165,0.02807004735237636,-0.47283794704724164,0.6363287987932896,0.651431488642459
TAS2R60,1.4829497,-2.4033670810018375,0.09627693686660532,-24.963061343879037,1.5405739185099662e-137,6.484296962361878e-137
TAS2R7,0.07626097,-0.4466238782085895,0.25317872330129126,-1.7640656070340157,0.07772093410668969,0.08532329455260693
TAS2R8,0.21578102,-0.5040414953817225,0.10495650670319939,-4.802384446798264,1.5678730036487206e-06,1.9868653352285487e-06
TAS2R9,0.21382149,-0.49659304971095947,0.12957938966242816,-3.8323459541262817,0.0001269270774333498,0.00015408194916615402
TASP1,425.61194,-0.00917671948864937,0.01187796104999161,-0.7725837330183746,0.4397687746316983,0.4572651931933986
TATDN1,757.9225,-0.05948246873693869,0.013960952202056669,-4.2606312145511085,2.0385036029648444e-05,2.521991665821662e-05
TATDN2,2938.3372,0.017583550021201447,0.008868380069825491,1.9827240017632046,0.04739826706368953,0.052647788703674786
TATDN3,655.831,0.16272194018746364,0.01296347380312681,12.552340727391671,3.859304221253248e-36,7.227630819657334e-36
TAT,1485.127,0.08732613127103259,0.09256114859279824,0.9434426063056334,0.3454545588910556,0.36284937132863854
TAX1BP1,7464.986,0.11663348732829425,0.011478030906206827,10.161454371518015,2.9464795294522892e-24,4.859638426775694e-24
TAX1BP3,5773.368,-0.3467336232940033,0.01736256080563303,-19.970189142923584,1.0007373397910578e-88,2.9114049015155964e-88
TAZ,1036.6992,-0.448703402696364,0.013207127036224179,-33.97433836031648,5.333105361632954e-253,5.286109642526062e-252
TBC1D10A,1347.0681,0.061137830836832864,0.015061458477196846,4.059223808198653,4.9236105864894244e-05,6.038541441586638e-05
TBC1D10B,3418.3171,-0.2176993687175022,0.009702394620453867,-22.437694737602673,1.68769303707098e-111,5.874464445499758e-111
TBC1D10C,446.2752,-0.9907104041495222,0.03465872806117868,-28.584730587941543,1.0402240087472029e-179,5.937179869381638e-179
TBC1D12,644.6311,0.6251486028515132,0.016068489805157155,38.90524936891536,0.0,0.0
TBC1D13,2093.9817,0.21608313390491807,0.012068080861072975,17.905343558139375,1.0713204028783578e-71,2.7277403804652933e-71
TBC1D14,4710.972,0.14008829594695607,0.017989351186940568,7.787290074622239,6.8461654633894535e-15,1.0004384343177282e-14
TBC1D15,2128.4065,0.32930302385257426,0.011181205129308326,29.451478623659337,1.205248848805264e-190,7.449198941355911e-190
TBC1D16,1491.207,-0.2112431084626345,0.02817028807695418,-7.4987912046043395,6.440902823137533e-14,9.276339882304544e-14
TBC1D17,2255.9375,0.09738392824997766,0.012784633114707766,7.61726420900923,2.5910863114236717e-14,3.754318284412108e-14
TBC1D19,239.58232,0.5101080614406431,0.016072040358562318,31.738848961319654,4.525444511733445e-221,3.549057196239646e-220
TBC1D1,3490.7703,0.3990093745344906,0.01944743725385704,20.517324176240983,1.5078660421260223e-93,4.543235866752063e-93
TBC1D20,2768.49,0.18987907715432806,0.009609276789771354,19.759975834648227,6.583627375848869e-87,1.8902280319405883e-86
TBC1D21,0.053648815,-0.3316213102072312,0.33745442644543616,-0.9827143584997597,0.3257480419013159,0.34268094791861164
TBC1D22A,1096.7092,-0.3096163882193009,0.011519394303967905,-26.877835765431886,3.9889547803606527e-159,1.964468562490627e-158
TBC1D22B,1040.8014,-0.04653531846580058,0.010367161601705609,-4.488723167790166,7.165133663227159e-06,8.959277499670908e-06
TBC1D23,1790.5127,0.15850742422216182,0.012018584844115826,13.188526459482906,1.0216266629510944e-39,1.979754162480614e-39
TBC1D24,775.14886,0.1568341705722925,0.017659932287907368,8.880791161338973,6.638648607836567e-19,1.025075821061393e-18
TBC1D25,1039.3674,0.028804895962099345,0.00958318850905081,3.0057736978558505,0.0026490607034341477,0.003088901882085671
TBC1D26,2.839973,0.3362773563340374,0.05035847761689291,6.677671213421116,2.4276891703645958e-11,3.350642249301933e-11
TBC1D28,0.20392914,-0.19872034232640223,0.13495825481074708,-1.4724578545052258,0.14089727997799442,0.1523867256200589
TBC1D29,1.1566885,-0.5148917386298338,0.05574170806053399,-9.237100127442728,2.5326802934543748e-20,3.9801496020407267e-20
TBC1D2B,2900.8923,0.2688802218436507,0.015121243671148601,17.781620856799982,9.810239084095492e-71,2.4810764908459643e-70
TBC1D2,1796.0828,-0.4807552775648938,0.02473585961984047,-19.435559748216033,3.861789627666908e-84,1.08504243761621e-83
TBC1D3B,422.23486,-0.746689693754916,0.022414260880489024,-33.31315262797214,2.4904561214441763e-243,2.297380887017761e-242
TBC1D3C,141.18797,-1.5379306967506299,0.03797467662956981,-40.498849055454144,0.0,0.0
TBC1D3G,87.9934,-1.5221839290203791,0.07485297365714087,-20.335650738374706,6.220886870563801e-92,1.850811570916388e-91
TBC1D3H,84.0532,-1.799518003502787,0.03617633148000995,-49.74296535559863,0.0,0.0
TBC1D3P2,10.540643,-5.60382333053067,0.11315079035727518,-49.525269004631085,0.0,0.0
TBC1D3,833.58997,-0.5858789748052649,0.019671670073390497,-29.782879268485313,6.509711265910479e-195,4.158494247338294e-194
TBC1D4,2127.234,0.27010951264617195,0.022307897047763686,12.108246333925493,9.551442336645622e-34,1.7465224944473525e-33
TBC1D5,3075.467,0.49167439625263776,0.012993672521857737,37.839525001538355,0.0,0.0
TBC1D7,987.9964,-0.41358262017809605,0.02110400515309073,-19.59735212240156,1.6288185495801326e-85,4.627563054828624e-85
TBC1D8B,587.4631,0.3111686392352849,0.024613812203518288,12.642033532327293,1.2380985864061633e-36,2.3309089255264545e-36
TBC1D8,1637.6979,-0.2641894083749906,0.020507137905749186,-12.8828025436414,5.625506962489703e-38,1.0722750327621745e-37
TBC1D9B,7544.5825,0.14778855210524436,0.00994403078577451,14.862036863025818,5.813054294629306e-50,1.2331767467370849e-49
TBC1D9,3722.081,0.26858225567731137,0.03249388334344388,8.265625035903929,1.3896470330312313e-16,2.0828847784350172e-16
TBCA,3143.628,-0.14230027031325274,0.012530748882011604,-11.35608666753593,6.917441229623029e-30,1.2135474880990542e-29
TBCB,3298.7249,-0.08676731134729816,0.014499028251644416,-5.984353560898635,2.1725094450523836e-09,2.9026197527117387e-09
TBCCD1,700.6073,-0.02299777560589017,0.012015070919553525,-1.9140773916251472,0.05561026781785043,0.06154767287325996
TBCC,1179.2195,-0.20803588741248427,0.011133992390796531,-18.68475207369899,6.588422626012283e-78,1.7651493123172007e-77
TBCD,4418.351,-0.26989494852454055,0.01307034196094907,-20.64941753864738,9.880384182254476e-95,3.0027577484179564e-94
TBCEL,654.24866,0.631141102805699,0.014731558312613463,42.8427929627311,0.0,0.0
TBCE,949.97217,-0.09920434952739636,0.012466339462488471,-7.957777006306041,1.7515766235026163e-15,2.584832449832543e-15
TBCK,954.4787,0.326688902555752,0.012767181017872234,25.58817816544107,2.0655141321177044e-144,9.113958000820187e-144
TBK1,1345.9369,0.033327574923312106,0.01072895659535645,3.106320230406791,0.001894314501745448,0.0022200292966288037
TBKBP1,808.25745,0.327600069576665,0.019972232674590477,16.40277654052427,1.8269385429572206e-60,4.2391887162145037e-60
TBL1XR1,7301.224,-0.05984062830034518,0.014044280349668425,-4.260854013908799,2.0364722812309562e-05,2.5197848045205443e-05
TBL1X,2338.8826,0.3642243305708907,0.017943255154758673,20.298676434654386,1.3209504403555892e-91,3.9220110857808725e-91
TBL1Y,11.113193,0.07414508229499103,0.10621975337898697,0.6980347810679333,0.4851554428914616,0.5023282134886471
TBL2,2383.4324,-0.19159308593943591,0.01107323027096633,-17.302366269920988,4.51459037004336e-67,1.1087158666310347e-66
TBL3,2472.4395,-0.42095061401682465,0.011937783482184222,-35.26204128639503,2.2433412949456497e-272,2.547249605342916e-271
TBPL1,646.2578,-0.0352613336548283,0.013811410627695982,-2.55305809126541,0.010678168498466343,0.012186604207650446
TBPL2,1.7619063,-2.2410444729486483,0.1721297107099768,-13.019509901603264,9.477725671986457e-39,1.821552128348648e-38
TBP,599.92365,0.004546570435402358,0.008517498958857573,0.5337917218850093,0.5934856417100555,0.6095023294781587
TBR1,14.519405,3.3605934191883153,0.09138162460474093,36.77537397397032,4.571147311589356e-296,6.118605398859151e-295
TBRG1,1791.0665,0.2225300915383153,0.01268027587220179,17.549309950436857,6.020705998542387e-69,1.5025196546252079e-68
TBRG4,3345.1577,-0.6029781903331259,0.01369741038279071,-44.0213276438517,0.0,0.0
TBX10,24.276045,-1.7200756119616432,0.07836949552626836,-21.948279753633194,8.994088788153074e-107,3.018639196142572e-106
TBX15,276.64648,0.882600437583534,0.041584928099160444,21.22404625731102,5.727651690556943e-100,1.814016869930158e-99
TBX18,189.23763,0.404299694922125,0.04652697546003546,8.689576120618455,3.637942717967808e-18,5.5683689794080596e-18
TBX19,156.91502,-0.16725387356502455,0.0193438835843257,-8.646344093000534,5.317560770439288e-18,8.118501666694673e-18
TBX1,306.01358,-0.9798753440183136,0.049325398323163475,-19.86553332217408,8.088840566190212e-88,2.339879299333142e-87
TBX20,12.185251,-0.4191939585219509,0.1009796004626132,-4.151273688958135,3.3063009910151786e-05,4.073156352177056e-05
TBX21,63.071407,-0.3435290454065406,0.033844014305728885,-10.150363438074494,3.3013168616449807e-24,5.443549849050795e-24
TBX22,5.141873,1.6309182121958297,0.09638033357102847,16.921690886179675,3.113616032801384e-64,7.455905529499338e-64
TBX2,1528.9827,0.25440501869764015,0.03340093969091716,7.616702435674928,2.6023831894018642e-14,3.7704183997318924e-14
TBX3,3088.0383,0.16365680421298684,0.03990921977522572,4.100726727676581,4.118546909355972e-05,5.063069653256339e-05
TBX4,97.21843,1.0808969033554072,0.060358939466850656,17.90781801176344,1.02474680987262e-71,2.609809895195981e-71
TBX5,103.00639,1.1031932209587243,0.06434932093364124,17.1438207109655,6.990267125927676e-66,1.695031543791824e-65
TBX6,146.77042,-0.7733420303416895,0.02578215962618834,-29.995238628348414,1.1321910440973496e-197,7.387909444480108e-197
TBXA2R,184.9975,0.6601802174609512,0.02656032308081498,24.85588053474439,2.23373760832785e-136,9.343880001632771e-136
TBXAS1,809.93207,-0.042847385682874516,0.02693528590611004,-1.590752956260804,0.11166518393454225,0.12159774709688412
TC2N,2604.8733,-0.21509156689199715,0.03328458402713145,-6.46219783659211,1.0319306135233882e-10,1.4100050577666214e-10
TCAM1P,47.27093,-1.3124548657432074,0.060829807007011225,-21.575851220306095,3.028549716323764e-103,9.863740789415375e-103
TCAP,118.1292,-0.5051039390203179,0.048634433712181485,-10.385726746804997,2.8796770909913214e-25,4.8078846888217415e-25
TCEA1,3356.2964,0.009422699227762317,0.011891832405784664,0.7923673077648437,0.42814653596310304,0.44565853702504293
TCEA2,1183.3942,0.28784794655205587,0.024415194589837683,11.78970519742925,4.410822709351115e-32,7.921660156993592e-32
TCEA3,2436.2988,-0.06617730542253782,0.032127501993576564,-2.0598335169590536,0.039414459185331076,0.04391872226775521
TCEAL1,919.4458,0.5367023537209274,0.01976010657314478,27.160903800505785,1.882341590884704e-162,9.523507069786702e-162
TCEAL2,550.26044,1.8539799393377374,0.057892409700527676,32.0245771238097,4.961004546813557e-225,4.0127569157162177e-224
TCEAL3,1396.4565,0.6259713667034076,0.02445898161440144,25.592699506950684,1.8395112495315296e-144,8.122014645242336e-144
TCEAL4,4586.8066,0.3835872020624563,0.018466063096538858,20.77254908407375,7.667903670966468e-96,2.3503590911955183e-95
TCEAL5,164.56487,1.5305023290924373,0.04826788755246555,31.7085003446408,1.1863188616217596e-220,9.267945396683578e-220
TCEAL6,136.46716,0.7094356220128513,0.036771372193102794,19.29315061421396,6.1320074674342566e-83,1.7075850092941325e-82
TCEAL7,279.17786,1.381980601500284,0.04442680755393302,31.106907689070262,1.9424201220517078e-212,1.433335674695568e-211
TCEAL8,2172.8657,0.2374322409618729,0.013999669961835583,16.95984559701304,1.6277160481222534e-64,3.905099107202564e-64
TCEANC,95.944275,0.23993835048667714,0.013339131469347858,17.98755421505772,2.438869882800167e-72,6.244083493954804e-72
TCEB1,1753.0143,-0.37381825597941876,0.012971904663385915,-28.817530322632283,1.2936713293958463e-182,7.564001894075255e-182
TCEB2,6454.2476,-0.6131233530944481,0.016247261353767233,-37.737027782364315,0.0,0.0
TCEB3B,1.6260217,-0.3373706335277707,0.04964822660814538,-6.795220223886528,1.0814719873425626e-11,1.5022985937709628e-11
TCEB3C,1.4921529,-1.0399491549843949,0.08923580806866921,-11.65394450380421,2.190781742538895e-31,3.9121239800323972e-31
TCEB3,3109.9739,0.030439475882910804,0.009968860423244517,3.053455920792581,0.002262219535107118,0.002644343314878901
TCERG1L,239.4043,1.638696009117642,0.0771418808548207,21.24262451160131,3.857256569003534e-100,1.2224453064810547e-99
TCERG1,2106.8137,-0.16533939382890914,0.011792384765609261,-14.020861523370312,1.161954771981842e-44,2.357372915075069e-44
TCF12,4282.1064,0.9833549244116541,0.01884912985797733,52.1697782242971,0.0,0.0
TCF15,42.91291,-0.4512206731856087,0.036934002494896284,-12.216944893745554,2.5239252047162107e-34,4.644305246097012e-34
TCF19,1383.3304,-0.3436799763492391,0.02148029218762616,-15.9997812575016,1.2822480547531547e-57,2.905429955116247e-57
TCF20,2791.553,-0.2174670829154989,0.013282387325062671,-16.372590076872555,3.0016327712479687e-60,6.953036931373011e-60
TCF21,345.9209,1.6917375784961566,0.05846438466843716,28.936207711589333,4.1850680201026947e-184,2.4703914126202015e-183
TCF23,3.115763,1.8404195137852268,0.1093750450973158,16.826685759514195,1.5556997077110076e-63,3.7100258110915314e-63
TCF25,5074.288,9.746801201463252e-05,0.010952886398068188,0.008898842594754148,0.9928998445942616,0.9931437523874704
TCF3,4103.453,-0.3275363058391833,0.015291084005434413,-21.420084130253798,8.683192950247223e-102,2.7879060916903205e-101
TCF4,3380.5586,1.228060064016612,0.02414923948338084,50.8529498356147,0.0,0.0
TCF7L1,1208.0027,0.452243401132463,0.026625629477884737,16.98526607636062,1.0557377500470619e-64,2.537335008051958e-64
TCF7L2,1482.6367,0.1854668539685537,0.016401714999880208,11.307772020786135,1.2010049209429355e-29,2.1000823830178837e-29
TCF7,1391.1681,-0.9926348534318181,0.03169024019095974,-31.323046068769983,2.2660208407438316e-215,1.7111987498777326e-214
TCFL5,855.06964,0.01234467998365068,0.014624412211054994,0.8441146081973127,0.39860536536568303,0.41633524694643653
TCHHL1,4.9528537,-1.961589825964152,0.12975840153845541,-15.11724715091232,1.2464537096720874e-51,2.6785466619394164e-51
TCHH,122.73026,-1.6267131843762903,0.04453888642874472,-36.523436367875476,4.7098278080872135e-292,6.123076905801251e-291
TCHP,907.28674,-0.07093086238463957,0.010757972100596484,-6.593330203998832,4.3006856744433215e-11,5.910866107202564e-11
TCIRG1,3787.757,-0.7540395535543097,0.020404179325925077,-36.95515225139413,6.019935325406852e-299,8.23654995228213e-298
TCL1A,138.75615,-2.042287731989453,0.06470958057278872,-31.560824748233085,1.2738088096200022e-218,9.830732962491898e-218
TCL1B,20.059498,-1.9628191862881736,0.09047706127385326,-21.694108524890872,2.332012491940734e-104,7.655182573915092e-104
TCL6,44.031895,0.8858652933811618,0.062991534038877,14.063243686594854,6.388936960443061e-45,1.2991646781628075e-44
TCN1,750.4626,-0.8347916908121732,0.0743412724849389,-11.229182160976556,2.931796140458924e-29,5.103320590253354e-29
TCN2,2335.0593,0.5768311324701257,0.02677063957914752,21.54715544859217,5.630132948721858e-103,1.8301752627020324e-102
TCOF1,3289.6855,-0.49507172910460884,0.013562512469492635,-36.502951073277735,9.956196073419721e-292,1.2927180858338783e-290
TCP10L2,1.391507,-1.4390044793693202,0.11703327493937134,-12.29568667641567,9.554138993965028e-35,1.765729082953286e-34
TCP10L,49.94506,0.3141794165997728,0.033147454943840304,9.478236477945824,2.586166514730608e-21,4.105720841656304e-21
TCP10,1.7371581,-1.7277874663070867,0.11058242689940885,-15.624430705240048,4.9633474260744206e-55,1.0989536731642102e-54
TCP11L1,478.47995,0.3390851479331919,0.0171807787717127,19.73630837337122,1.0518826497799845e-86,3.013689680111273e-86
TCP11L2,306.42178,0.39741245332404906,0.022333383907107655,17.794547166565813,7.7894495733365e-71,1.971719555682678e-70
TCP11,24.631409,-1.3133082036413952,0.05437060674225292,-24.154746145600516,6.656657093899128e-129,2.647965646242523e-128
TCP1,8602.184,-0.18638778599822578,0.011392085136351019,-16.36116512186876,3.621325699650957e-60,8.383735492289497e-60
TCTA,2314.4368,0.28696757899109526,0.01615355627245296,17.764978445054098,1.3199088186892416e-70,3.3327574897301586e-70
TCTE1,13.801832,-0.2993852478328625,0.05330188607802524,-5.616785255865271,1.945429569279197e-08,2.5533136024339334e-08
TCTE3,111.20669,-0.028178907877145783,0.018725878944266756,-1.5048109603300213,0.1323726850855625,0.14344895383280815
TCTEX1D1,49.063774,0.3519996377324187,0.04094098659489569,8.5977321752257,8.130677336286416e-18,1.2389226846003678e-17
TCTEX1D2,321.69116,-0.30456204744793663,0.021880810218206887,-13.919139392494362,4.847051937510041e-44,9.780092209689487e-44
TCTEX1D4,19.00638,-0.5711776748371921,0.03689514991141153,-15.481104595282563,4.6541246993618095e-54,1.0221502130993213e-53
TCTN1,1320.9497,0.27692518254303405,0.019016573275637084,14.562307232177014,4.8783125321108154e-48,1.0173895189637789e-47
TCTN2,1010.2963,0.15213660362045336,0.018153119593840417,8.380741548801081,5.2595276194912364e-17,7.924713055448645e-17
TCTN3,2590.6924,0.27746320697513993,0.01307896794472443,21.214457298754855,7.023249896490424e-100,2.222355372126959e-99
TDGF1,243.69513,-1.1289100335378168,0.06882753356007404,-16.402012031311305,1.8500777949623104e-60,4.292391319388909e-60
TDGF3,39.373013,-1.4750047979716316,0.07842312605938857,-18.808288729202584,6.458930417029729e-79,1.7467768910774213e-78
TDG,1045.448,-0.3366841306915847,0.013621546589674247,-24.717026695544735,7.017235387960709e-135,2.9025578070599774e-134
TDH,14.185184,0.33756343779080106,0.053382053218420385,6.3235379203121225,2.556414314233104e-10,3.472513946054962e-10
TDO2,644.25867,-0.24419020128712757,0.05423222829277559,-4.502676894794986,6.7102861115108795e-06,8.3956929046368e-06
TDP1,856.12665,-0.30394591398910226,0.01347554699942456,-22.55536743718689,1.1894723815665146e-112,4.170938376905386e-112
TDP2,2292.274,-0.14716173182655365,0.01453784389558212,-10.122665567434959,4.383129738135074e-24,7.215082336569532e-24
TDRD10,72.99321,0.04740743021048663,0.0408797225828688,1.159680820103054,0.24617878195015996,0.26169349528630464
TDRD12,39.204987,-0.9247572780687277,0.0776015584562028,-11.916735906671867,9.682824335865101e-33,1.7498013549962506e-32
TDRD1,74.515594,-0.12540424344478185,0.06979668356887261,-1.7967077665092483,0.07238202534539281,0.079569419762789
TDRD3,855.92957,0.07820931870841705,0.015576507654401167,5.0209790566448875,5.140876525480267e-07,6.58051588696968e-07
TDRD5,131.51111,-0.5301464800416645,0.05224660116814774,-10.147004172299528,3.416916147498778e-24,5.633249319534183e-24
TDRD6,45.411022,0.2697857602125357,0.030539375820595665,8.8340299355625,1.0097061169969422e-18,1.5554333259640395e-18
TDRD7,1126.3365,0.026550224328038892,0.014632576548366997,1.8144599647422934,0.06960694103584847,0.07658080046197455
TDRD9,150.72025,0.19431324071939776,0.05258819027492146,3.694997673499765,0.0002198888007072585,0.0002653812373939816
TDRG1,3.6752174,-0.41459910196700644,0.07655627157575857,-5.415612508724741,6.107925026461544e-08,7.948813961501571e-08
TDRKH,727.43353,0.030858884533054316,0.020509278409510733,1.5046304368633554,0.13241911654512173,0.14349163262412887
TEAD1,3773.4106,0.8576267541001281,0.018585103009212012,46.14592416706172,0.0,0.0
TEAD2,1899.5114,-0.19404957578041576,0.025516141834317455,-7.604973237742096,2.8496285553538035e-14,4.125406226157156e-14
TEAD3,1984.6997,-0.1365046143247929,0.023316617354567443,-5.854391837761719,4.787586661705299e-09,6.35856721545164e-09
TEAD4,873.70544,-0.42255308133341835,0.02596383332186066,-16.274680094238747,1.4929768337962241e-59,3.438406714848114e-59
TECPR1,865.321,0.3004332244007794,0.016595621055282717,18.103162478824228,3.008854715769466e-73,7.757030917861285e-73
TECPR2,1695.8688,0.4751877644175641,0.014194626108355167,33.47659605756446,1.0560945625490302e-245,9.926606278363668e-245
TECRL,1.6343812,0.5323878610919248,0.1634925575807639,3.25634309579462,0.0011285728735134627,0.0013329752827297208
TECR,4706.538,-0.4554564375240631,0.013406924416435593,-33.9717315751939,5.82739858358026e-253,5.773236387499295e-252
TECTA,45.280895,1.1799991411758806,0.02876590040469576,41.02076154665602,0.0,0.0
TECTB,0.646523,1.2732710477885516,0.14380304728179208,8.854270280472488,8.423305207194217e-19,1.2988720041904648e-18
TEC,199.46896,-0.7455662547444319,0.028775892426635426,-25.909405126018747,5.217796767710609e-148,2.374365766513641e-147
TEDDM1,2.812103,0.15628530624961964,0.043047250019716495,3.63055261783361,0.0002828150392944252,0.0003404382064089873
TEF,1917.5902,0.6476797514736621,0.021322083586086726,30.37600658766256,1.1397118103837593e-202,7.775935907373645e-202
TEKT1,55.146263,-0.8329444749685173,0.10329921649082745,-8.063415224862613,7.419198575583321e-16,1.10060815943093e-15
TEKT2,118.616,-0.6900493761398013,0.05159998317151182,-13.37305428659084,8.689797470114492e-41,1.6996405677208275e-40
TEKT3,20.008577,-0.04253283691397308,0.03769634962413974,-1.1283012105431074,0.25919273241938023,0.2750680170624563
TEKT4,38.300415,-1.2433397352864353,0.0420368591764351,-29.57736994735856,2.9211886862458104e-192,1.8282348743706872e-191
TEKT5,12.158955,-1.450906411433813,0.04336309408998434,-33.45947612555009,1.8739693966938956e-245,1.7589738564910566e-244
TEK,627.4718,1.73865879120884,0.02806969548789373,61.94077851534627,0.0,0.0
TELO2,1991.8219,-0.46095100165088393,0.012984280554316087,-35.50069637841119,4.795262400752807e-276,5.5659491001668415e-275
TENC1,3935.9292,0.8911448560109634,0.02174313727751304,40.98510921570614,0.0,0.0
TEP1,1751.0305,-0.062340058849838585,0.015605133573761733,-3.994843014651047,6.47371334677565e-05,7.919620840464214e-05
TEPP,23.630148,-0.1882410864271249,0.06562744403744705,-2.8683287790351004,0.004126464800245224,0.004778493650429015
TERC,4.6881685,-1.1491970582347448,0.04858503184008249,-23.653314914299617,1.0911575863337047e-123,4.1663310765506176e-123
TERF1,1278.8507,0.20160495189153005,0.012594366517276733,16.0075500117431,1.1317946602688445e-57,2.565661673356353e-57
TERF2IP,3974.1008,0.3545506618540822,0.016248968793832388,21.81988693268085,1.5023030326892607e-105,4.986205973674708e-105
TERF2,1404.2457,0.23217974854783138,0.009823733033201108,23.634574327614292,1.700853762870285e-123,6.479730867940892e-123
TERT,55.059887,-1.2999443370571353,0.05472456158803725,-23.754312493958878,9.915862256923697e-125,3.816201128330993e-124
TESC,1295.3052,-0.7546367426124897,0.043799032029252546,-17.229530143690894,1.5944116526826138e-66,3.888431580853538e-66
TESK1,2228.8967,-0.12409102450830604,0.012857658958190075,-9.651136720286278,4.8613828801701695e-22,7.793754945852783e-22
TESK2,476.28506,-0.07967431223160297,0.022522492982686933,-3.5375441028152927,0.0004038667311112768,0.000483580708033552
TES,3806.442,0.16377619241192448,0.02352099827458229,6.962977952721821,3.331539760947778e-12,4.6706251200341414e-12
TET1,209.56793,0.3013133449701769,0.03155371361642032,9.549219741075918,1.3067674163431244e-21,2.082705325609024e-21
TET2,1399.1794,0.030060719454384866,0.018753498457594338,1.60293928742728,0.1089480587693718,0.11871513211762152
TET3,1855.824,-0.342605210248271,0.019287852994106073,-17.762744788285318,1.3735051611485178e-70,3.467227721738707e-70
TEX101,6.5417194,-2.27269680513863,0.0857546828773108,-26.50230551712466,9.11707251059135e-155,4.360217976112974e-154
TEX10,1140.5192,-0.1772615966898309,0.012835719753264389,-13.810023909625295,2.217579743907677e-43,4.4419230623983074e-43
TEX11,25.95116,0.4618483141263491,0.06408898095816645,7.2063607069648485,5.746705091996459e-13,8.151408692813761e-13
TEX12,2.4079056,-0.3121153994596063,0.03383623589009667,-9.22429434743826,2.8543408082532937e-20,4.4835679743251916e-20
TEX13A,0.21677895,-0.7064322653298056,0.23131171105083692,-3.0540272350263673,0.0022579158169860145,0.002639464177653782
TEX13B,0.5920923,-0.7605829814537977,0.11123158637869862,-6.837832725538228,8.040019554111652e-12,1.1206049024588152e-11
TEX14,29.323187,-0.14329201228305627,0.03531614653418146,-4.057407909562504,4.962037300463136e-05,6.0849365980080103e-05
TEX15,59.88987,0.9700466857299893,0.07021046282175966,13.816269637655088,2.03337240810362e-43,4.07535231901768e-43
TEX19,9.698871,-0.8115928604866396,0.047940248143801385,-16.92925864822787,2.7380684938130377e-64,6.558928869930536e-64
TEX261,4937.689,0.14087316673247147,0.008566614667916984,16.444438345062796,9.193267054539709e-61,2.139281334591084e-60
TEX264,3160.9966,-0.32658640193266913,0.015554714707464173,-20.99597505159973,7.138317481008206e-98,2.2245370518268188e-97
TEX28,0.08512148,-0.5390735137259829,0.5382723744186773,-1.0014883530074727,0.3165907681638598,0.3333922024025253
TEX2,3123.5151,0.3345805387893523,0.014866296900723377,22.50597717936549,3.6273020258794166e-112,1.268652155040011e-111
TEX9,149.5679,0.5490081576689332,0.024317101049443526,22.577039777588812,7.286882579259501e-113,2.55826250096817e-112
TFAMP1,1.8060324,0.7863866650470843,0.05155491501141303,15.253379137042453,1.5632892423911981e-52,3.385491510035358e-52
TFAM,1156.7512,-0.03546860757464739,0.012255704956976704,-2.894048747025072,0.003803091149657291,0.0044087878781387535
TFAP2A,2263.8486,-0.7557740640726268,0.046607655506663834,-16.215663625572592,3.9083313562463976e-59,8.969644694151776e-59
TFAP2B,465.86365,0.23041475491812718,0.10409561373977054,2.2134914876830725,0.026863779457609555,0.030144942180315985
TFAP2C,1078.4847,-0.495726236133391,0.046433110262122435,-10.676136776858927,1.31636334909501e-26,2.2309033067697752e-26
TFAP2D,2.222578,-1.547106575321412,0.18169710676226297,-8.514756249507512,1.6694107748914927e-17,2.531471321764926e-17
TFAP2E,70.19933,-0.27108541511155737,0.029604141936564094,-9.157009708048307,5.3355275093475976e-20,8.34493389896349e-20
TFAP4,745.1055,-0.5732180108632879,0.01465017317890878,-39.127046749763004,0.0,0.0
TFB1M,420.83704,-0.31666507546971956,0.012358511705911951,-25.623237085921623,8.405537848822922e-145,3.721799588172812e-144
TFB2M,910.574,-0.25567926587428325,0.014380788647892011,-17.77922422298875,1.0238690777177701e-70,2.589113222364437e-70
TFCP2L1,2132.4736,0.019398028134982245,0.04281478886787072,0.45306840575217705,0.650499484811462,0.665302874071966
TFCP2,1335.9595,0.03403793699529672,0.01075866202505732,3.1637704498961963,0.001557395780947283,0.0018301310651835923
TFDP1,4277.2534,-0.3437811119489783,0.015684879468676284,-21.917995138919068,1.749962173553372e-106,5.860746815491544e-106
TFDP2,813.7494,-0.2812601205637807,0.01693066278533764,-16.612469584318855,5.661374458180053e-62,1.3309459883843845e-61
TFDP3,8.256857,-0.8875474127535483,0.10526900061276963,-8.431232438677533,3.420435877061419e-17,5.165540688457342e-17
TFE3,3392.828,0.3266989057345853,0.01080259441797036,30.242633676139345,6.5209722518163034e-201,4.3887760024703513e-200
TFEB,1213.592,0.0738397164718123,0.01865894709956944,3.9573356458851934,7.579040022292764e-05,9.2573599600347e-05
TFEC,540.9569,0.22416378458615568,0.03873817661809126,5.786637476413078,7.180932063370943e-09,9.506866684755433e-09
TFF1,2542.682,-1.5240901302908731,0.09836643321009655,-15.494006243325257,3.8080324620781906e-54,8.370517479534645e-54
TFF2,438.98993,-1.5411307006911428,0.10924536829131817,-14.107057578692954,3.4361875092070574e-45,6.999233766878088e-45
TFF3,7299.6978,-1.6945850724384346,0.062301087580216886,-27.19992761372811,6.507701253255845e-163,3.30399725224528e-162
TFG,5657.553,-0.24174433484026597,0.011266333043919434,-21.457233147455913,3.908833015115534e-102,1.2599735806639829e-101
TFIP11,2023.9318,-0.08858193051338474,0.010480721885235486,-8.451892100884084,2.866194247922538e-17,4.333668673854806e-17
TFPI2,1389.9792,-0.2389815048630858,0.05488592969973786,-4.354148798616911,1.3358495125272555e-05,1.6611629749292936e-05
TFPI,3051.9705,0.5056495214466272,0.039052312454727574,12.948004603640689,2.4114073464454175e-38,4.6101833192114055e-38
TFPT,926.2999,-0.4034501179056569,0.01795035659870771,-22.475883177424024,7.146795230719921e-112,2.494455753509804e-111
TFR2,1750.4734,-0.42864688491926184,0.06167388574141984,-6.95021693162727,3.647249305699946e-12,5.109361357926457e-12
TFRC,9212.034,-0.783627293066664,0.02765145981807081,-28.33945470591564,1.1290112195365333e-176,6.302588269411648e-176
TF,17027.875,0.05126767031884861,0.07581956476302386,0.676179960661699,0.49892639402116357,0.5160879207335062
TGDS,578.18176,-0.036153363087755595,0.014864064674626939,-2.4322662662703314,0.015004672340306014,0.017017443272034437
TGFA,1732.4373,0.27595773761165154,0.03664848635282895,7.529853619461967,5.079723681630128e-14,7.33149684065701e-14
TGFB1I1,1557.0312,1.1380011605566074,0.02494699724463473,45.61675897893297,0.0,0.0
TGFB1,3657.3037,0.03077169476227309,0.021805479929377546,1.4111908961387163,0.15818833380989605,0.1705261192436553
TGFB2,979.05585,1.1614374907747747,0.033449614949185635,34.721998819393015,3.6688233416399107e-264,3.925043321726061e-263
TGFB3,1506.5667,0.9335253878150597,0.028372112595995137,32.90292129838902,1.996264489665569e-237,1.7693490964345372e-236
TGFBI,18243.896,0.1606178311620525,0.0371104499133764,4.328102503121583,1.5039947428889329e-05,1.8683158808027205e-05
TGFBR1,3335.147,0.5287778297586182,0.01652809911513382,31.992658446393698,1.3794586719313475e-224,1.1122534297762497e-223
TGFBR2,6067.258,0.9365936606808906,0.02192705528021163,42.71406482593822,0.0,0.0
TGFBR3,1787.8938,1.2020423150150232,0.027859219704693596,43.14702018780908,0.0,0.0
TGFBRAP1,748.6783,0.20101090548375444,0.020656165886625975,9.731278620971029,2.217873700257778e-22,3.572850978283597e-22
TGIF1,3282.55,-0.3092243459013509,0.01706894932597598,-18.11619098492285,2.374774246744368e-73,6.130091148658373e-73
TGIF2LX,1.7896158,-0.35693757821390104,0.16913076897525556,-2.110423670255542,0.03482187941491024,0.038892837558051216
TGIF2LY,0.5011792,-0.7098999278644423,0.19902229216733033,-3.5669367493144217,0.000361178613644665,0.0004333079195752348
TGIF2,1676.2041,-0.30892062762039324,0.018508079595331916,-16.691122708285132,1.520837201763611e-62,3.5978067151644613e-62
TGM1,1510.7968,-2.9793541265682624,0.056272155509442576,-52.945441659300236,0.0,0.0
TGM2,11892.851,0.2813294076607411,0.032049928095740574,8.77784832528625,1.6663178283701103e-18,2.5593786999462147e-18
TGM3,803.8844,-3.6347686404517554,0.06788166198543054,-53.5456636467134,0.0,0.0
TGM4,226.62238,2.060628222789234,0.08505175252331404,24.227933718642458,1.1298635233374853e-129,4.5236758056298646e-129
TGM5,52.683445,-1.6303896573940697,0.06736751923218715,-24.201420446770662,2.1494207536512218e-129,8.577039812541205e-129
TGM6,2.113469,-2.93791196896465,0.15892672092742158,-18.48595347478623,2.6792085377783938e-76,7.093108793319938e-76
TGM7,5.6824327,-2.411965292940506,0.09959477620998375,-24.2177891725482,1.445194867773426e-129,5.780495542828916e-129
TGOLN2,13836.074,0.34475102526085555,0.013845053102555998,24.90066471447549,7.317830748256616e-137,3.0699302741346885e-136
TGS1,1291.9818,-0.15357447333960372,0.013614792355715766,-11.279971763589185,1.6479886661805245e-29,2.875998736050857e-29
TG,68864.234,3.0608044252790627,0.08371254572368532,36.56327016242023,1.0973547454558766e-292,1.431200849630762e-291
TH1L,4311.9556,-0.30583154680031077,0.011236768666932642,-27.21703684265622,4.083044864098551e-163,2.0755732930881994e-162
THADA,2003.2976,-0.08711603362862665,0.009510012461363616,-9.160454203667289,5.1679336673975577e-20,8.084675083336936e-20
THAP10,186.23665,0.4304931789411079,0.018001336899891637,23.914511535179333,2.1635988346155973e-126,8.436833685872236e-126
THAP11,1544.2972,-0.016819982362987665,0.009174603276875219,-1.8333198564980773,0.06675501815299661,0.07352658594334874
THAP1,454.4763,0.2024614716331654,0.010127902634605508,19.99046386379992,6.667312832489163e-89,1.942748274748059e-88
THAP2,282.1367,0.5616344433495293,0.01570886605013143,35.75270433634071,6.005611612736179e-280,7.146010918976964e-279
THAP3,802.4186,-0.3255268034380216,0.015814162030612366,-20.584511705892538,3.7782505968637427e-94,1.1412671202010229e-93
THAP4,2681.8044,-0.29443525313819824,0.010286103263325493,-28.62456710773944,3.3238449827885743e-180,1.9040562747493695e-179
THAP5,1160.9635,0.39158964236548055,0.012302348443516969,31.830478884853772,2.4522290267506635e-222,1.9441172412623347e-221
THAP6,598.9398,0.1315107255643205,0.010846040101232178,12.125229515736354,7.764237495825423e-34,1.4212561695514277e-33
THAP7,1059.8396,-0.3868350056259241,0.015441549792422335,-25.051566120374552,1.6785754237892033e-138,7.109240077579444e-138
THAP8,365.85004,0.04824580966791065,0.015661510880200055,3.08053354730322,0.0020663007587062077,0.0024189418174055365
THAP9,268.37222,0.28753823116901667,0.01299160366666401,22.13262030974894,1.5339929950831681e-108,5.2103042020183886e-108
THBD,2326.1018,-0.09573343287955444,0.033394138890825986,-2.8667735135357617,0.0041467965997037904,0.004801491894066398
THBS1,13987.845,1.056853661276877,0.033013939260627304,32.01234644958863,7.341894176988888e-225,5.926789197038729e-224
THBS2,7781.738,0.9112034767589143,0.03646192143288247,24.99055016714405,7.745097337115083e-138,3.265322772547649e-137
THBS3,1437.3191,0.2457922912694282,0.019955339626219735,12.31711892021505,7.32652525921523e-35,1.356870078707931e-34
THBS4,1737.8702,1.506527246677595,0.04773986703678543,31.55700550059675,1.4371522692043766e-218,1.1087147801717281e-217
THEG,5.832267,-0.8228149174887263,0.07292042057143647,-11.283737957636378,1.5789137689645246e-29,2.756160972506967e-29
THEM4,790.8187,-0.08659587307449582,0.014977383250139992,-5.781775870206594,7.391614488702486e-09,9.780701896236443e-09
THEM5,35.631107,-2.1504763713937933,0.04804701772219397,-44.75774924944907,0.0,0.0
THEMIS,104.13445,-0.3415867669443684,0.03890501945121721,-8.780017893903953,1.6344865207066734e-18,2.5108663000880678e-18
THG1L,466.64365,-0.23583896675013433,0.013019295722400938,-18.114571769373896,2.4456817856839866e-73,6.312327012517784e-73
THNSL1,575.2057,0.18061639989290246,0.016944017518946544,10.659597093247804,1.5727730557191749e-26,2.663679114997644e-26
THNSL2,1376.0046,0.0914992888061145,0.03089173709159125,2.9619340775440133,0.0030571323047084665,0.003555158313335218
THOC1,946.6759,-0.1771403988519282,0.012841650892110194,-13.794207640449235,2.7617059265873973e-43,5.526397774660195e-43
THOC2,2891.7268,-0.05059511214720169,0.012960019350717864,-3.9039380095060734,9.464003134819799e-05,0.0001152585032133734
THOC3,2263.6619,-0.716257227235238,0.016440676408848585,-43.56616537077143,0.0,0.0
THOC4,2754.2068,-0.5392684008648527,0.015644721852129933,-34.469670088217946,2.28492944360712e-260,2.3819190241882925e-259
THOC5,1365.4863,-0.1875718090018157,0.0131607074127134,-14.25241084081993,4.330684890965174e-46,8.887049057066825e-46
THOC6,1347.8842,-0.6039836560270669,0.013751271246944422,-43.922023293757235,0.0,0.0
THOC7,1869.931,-0.2779324776012754,0.010935738698903201,-25.415062050554535,1.7189577084547587e-142,7.477833330433853e-142
THOP1,2178.2617,-0.41887493232390255,0.015691422489656194,-26.69451623012671,5.449987306911962e-157,2.642445619943335e-156
THPO,89.923065,0.1434080129334248,0.05092957727073202,2.815809999189565,0.004865443174296656,0.005616031159173695
THRAP3,6843.5786,0.11656934237876593,0.008139405781394849,14.321603506391282,1.6037952753866347e-46,3.3011493288440497e-46
THRA,3227.0771,1.3082101978708591,0.02590035597253844,50.509352043575184,0.0,0.0
THRB,884.13947,0.6710037749701445,0.03209171217995971,20.90894282010811,4.4396092011439384e-97,1.3749011823256684e-96
THRSP,358.21692,0.9500330975956688,0.07540632616106678,12.598851395656279,2.142416519340161e-36,4.023008477886583e-36
THSD1P1,325.7875,-0.026379847923798307,0.018270615294891802,-1.4438401497717337,0.14878394523978022,0.16066046150083196
THSD1,314.52444,0.3917301818415895,0.02606620263217206,15.0282796220612,4.7929241600207263e-51,1.0250986760569595e-50
THSD4,2717.5537,0.22638138006476666,0.03629414997733598,6.237406860503177,4.4488382471876603e-10,6.018999061303401e-10
THSD7A,273.17276,1.3290713750708822,0.03908855860522889,34.00154476131264,2.1137107000799856e-253,2.1043049458644708e-252
THSD7B,79.62671,0.53285850710908,0.046186321886200594,11.537149644043982,8.57187643878448e-31,1.5210915402877473e-30
THTPA,848.7888,0.39697417782724403,0.015444779228596082,25.702806880673595,1.0874093725042e-145,4.8528205644044294e-145
THUMPD1,2595.9495,0.22376332363189327,0.012252459215756618,18.262727481201036,1.6389563408090881e-74,4.275693508781679e-74
THUMPD2,467.74118,-0.1953709855839504,0.011563649574244042,-16.895270332223166,4.874746019560816e-64,1.1655308774191268e-63
THUMPD3,1850.4828,0.07086357007857975,0.009204508109108797,7.698789466919263,1.3736126825963771e-14,1.9986692828030046e-14
THY1,7323.4834,0.8918093414909696,0.02807382012573406,31.766583154584165,1.8742491464542324e-221,1.4766965314497568e-220
THYN1,1595.6715,0.025834189298558963,0.015474772315279222,1.66943905682226,0.0950303987352542,0.10391684863309918
TH,798.94714,-4.670071474736463,0.08605125522438423,-54.270811768624974,0.0,0.0
TIA1,3184.8506,-0.05957224246539695,0.014452235791299277,-4.12200875530009,3.755829224809033e-05,4.621354235941442e-05
TIAF1,1113.0043,-0.5511079950404978,0.01993332735237817,-27.64756657521842,2.9852807736020466e-168,1.5782220532267998e-167
TIAL1,2929.8896,-0.04357403384728417,0.0082418899951017,-5.286898256732496,1.2440778822827526e-07,1.6113099818941764e-07
TIAM1,1264.0013,0.20037073635998393,0.030604688144409378,6.54706022209823,5.86807053287543e-11,8.046611974056097e-11
TIAM2,267.75348,0.5905247344571846,0.026722592472346263,22.098332527739817,3.2795587728395265e-108,1.1111422375809605e-107
TICAM1,1492.7034,-0.3226611159745772,0.015608655058193834,-20.671935844029996,6.197977970566079e-95,1.88644989539176e-94
TICAM2,250.45073,0.26920361837502854,0.022710534675623513,11.853689145591975,2.0592148373782362e-32,3.709392574250886e-32
TIE1,1277.7336,1.078243990085477,0.022695316823576967,47.509536811812474,0.0,0.0
TIFAB,31.432047,-1.0665361807708873,0.04220239992375557,-25.27193199196566,6.502452500019264e-141,2.798212438129195e-140
TIFA,663.03656,-0.08764965107116898,0.01776748596814492,-4.933148743064428,8.091448850324246e-07,1.0324254646763055e-06
TIGD1,341.8786,-0.06844001044224819,0.017601745660244552,-3.8882512998030285,0.00010096905740506768,0.00012288552365553401
TIGD2,364.41354,-0.12209514826132305,0.016140660443974657,-7.564445623840717,3.895222347774028e-14,5.6299042864071724e-14
TIGD3,50.067738,-0.14473992472959102,0.026082871175255772,-5.549232818620923,2.8692587396352794e-08,3.756365422174436e-08
TIGD4,31.52121,0.43262828019027366,0.025778574167398316,16.782475143152432,3.2788043683161193e-63,7.801002469854841e-63
TIGD5,590.5359,-0.4719779524119187,0.015882698501668166,-29.71648378028121,4.7029098274831133e-194,2.9836877898949427e-193
TIGD6,355.53522,0.1564382443397965,0.012465529104290936,12.549667409299673,3.991831363958241e-36,7.47376262082268e-36
TIGD7,502.67743,0.5253162686004782,0.018413130755934523,28.529437799770665,5.0549521710148324e-179,2.874686347756731e-178
TIGIT,180.34605,-0.5488856212487002,0.03640108692420823,-15.078825046942994,2.2320574618613276e-51,4.787448152763882e-51
TIMD4,67.4731,0.06920861336305141,0.05433173461156507,1.2738156412241555,0.20272876057584777,0.21685256326189695
TIMELESS,2092.8516,-0.5282596876792802,0.01833037599993027,-28.81881351922567,1.2466505155082531e-182,7.297457689831088e-182
TIMM10,1179.3226,-0.4298316562219948,0.014266945201016592,-30.127798920217845,2.0958543620017494e-199,1.3880773895899028e-198
TIMM13,3139.4617,-0.6331584068113404,0.015888710970174098,-39.84957672147791,0.0,0.0
TIMM16,637.4952,-0.8228689516157187,0.0172826209881366,-47.61250924732799,0.0,0.0
TIMM17A,2557.8872,-0.16512040762357075,0.011979689462138579,-13.783362928181775,3.2096516510315607e-43,6.415206947118745e-43
TIMM17B,2047.2257,-0.5834057486372919,0.014664497565261824,-39.78354839918279,0.0,0.0
TIMM22,1058.8146,-0.0527653256962853,0.011012194355313587,-4.791536000345386,1.6550931490283625e-06,2.0964375923018994e-06
TIMM44,1693.9111,-0.24060737548344424,0.01267146440829344,-18.988127001798414,2.138199467331999e-80,5.84316818193452e-80
TIMM50,2595.983,-0.40457338796784076,0.014995803938102702,-26.979106264510694,2.599461233445011e-160,1.2945800208343197e-159
TIMM8A,368.77133,-0.4387605247614813,0.01485589935221073,-29.534430353837088,1.0407830710271298e-191,6.473969612905999e-191
TIMM8B,1437.883,-0.41766779226466183,0.015478183624660215,-26.984289784443664,2.2597460683950876e-160,1.1256709128078196e-159
TIMM9,1084.8383,-0.09312228496891096,0.010646317410523184,-8.746901053021933,2.1929182914750505e-18,3.3646562285131173e-18
TIMP1,19727.12,-0.08069033081628234,0.028828327319739385,-2.798994541769057,0.0051262003969699925,0.0059116525366439375
TIMP2,19252.104,0.8998862055825305,0.023935847118393277,37.5957533957936,2.52204059816669e-309,3.745165903579554e-308
TIMP3,21666.375,1.31048212848994,0.028039071020858685,46.73771565095907,0.0,0.0
TIMP4,435.6365,2.783147727229489,0.04941733437938644,56.31926048181243,0.0,0.0
TINAGL1,4206.087,-0.302504516341658,0.03292051402101826,-9.188936604954664,3.967439196306534e-20,6.217619474836788e-20
TINAG,193.38289,0.7356672231418947,0.11749266158058658,6.261388696495831,3.8156411554189574e-10,5.16747410917146e-10
TINF2,2415.6362,0.16165940751783026,0.00974996130626777,16.580517854353676,9.639457816818836e-62,2.260941494154547e-61
TIPARP,2399.9512,0.4979365153143378,0.02320766139356751,21.4556954649619,4.040237408060056e-102,1.3021243215243734e-101
TIPIN,254.09653,-0.3137984111201739,0.015120798205384721,-20.752767602468637,1.157338169953849e-95,3.5410651941825086e-95
TIPRL,2156.597,-0.003260794557311433,0.010390999777790838,-0.3138095108307941,0.7536657204262058,0.7652044884379177
TIRAP,344.1307,0.1313206206219961,0.014202987865077161,9.245985553849001,2.330826514464845e-20,3.6666123480134276e-20
TJAP1,1598.1719,-0.02843231534076441,0.011033959635883632,-2.5768007387211607,0.009971941717574631,0.011391469051066205
TJP1,5030.612,0.574336942262806,0.017839453103565838,32.19476174121081,2.0894831589847187e-227,1.7166984517259842e-226
TJP2,4875.179,0.41145549909018375,0.020009675494363915,20.562827178585557,5.908786415956007e-94,1.784027623349375e-93
TJP3,1434.5212,-1.0626724036216035,0.04714149419243275,-22.542187553151127,1.6020472348052869e-112,5.614749466930769e-112
TK1,2754.1484,-1.1800797700930996,0.027725551132013772,-42.56289674727153,0.0,0.0
TK2,1857.7817,0.41807029704989235,0.016073318339181,26.01020450337169,3.796413105115377e-149,1.7435410423425213e-148
TKTL1,103.07955,-0.4074716947224419,0.06883050433858179,-5.9199289419421035,3.2208074705090782e-09,4.29026559095095e-09
TKTL2,1.8383279,0.20281930049901478,0.0563600545648276,3.598635630590525,0.00031989100767531415,0.0003843865328018486
TKT,15162.664,-0.6576409815703459,0.017435194198387394,-37.719165848532505,0.0,0.0
TLCD1,534.87274,-0.7528870894000776,0.023174471554246012,-32.487778098315864,1.5867581919669674e-231,1.346594832440829e-230
TLE1,2357.45,-0.044258434341309674,0.020522220841619022,-2.156610372867329,0.031036035637386775,0.034732995247447086
TLE2,1673.7283,0.15901091380951143,0.028757340543827187,5.529402608254865,3.213231300625498e-08,4.202092500606019e-08
TLE3,3534.5337,-0.07639566938417186,0.014700626195423446,-5.196762938435583,2.0278869659216615e-07,2.616997384584122e-07
TLE4,1014.5593,0.20540671249657874,0.023789200488022744,8.634452116202718,5.900917304204993e-18,9.006430421793946e-18
TLE6,111.90332,-0.1388621317570227,0.0356235662867016,-3.8980412752459426,9.697389032895267e-05,0.00011808669377397855
TLK1,2788.744,0.08559991618434705,0.011209123885148489,7.636628612675298,2.2298350422176017e-14,3.233189347233684e-14
TLK2,1330.8973,0.027763705798623667,0.009387676538322627,2.957462976625357,0.0031018199634656666,0.0036067138406646587
TLL1,166.37845,1.2408907667440061,0.038856635485077166,31.93510583850134,8.697998792571834e-224,6.966268977890242e-223
TLL2,78.191635,-0.1862164101283731,0.03829889687924712,-4.86218730308333,1.1609568842164068e-06,1.4765990632699336e-06
TLN1,19043.738,0.496815609743475,0.014775242312157504,33.624870526467134,7.265987748767368e-248,6.944988008317128e-247
TLN2,1954.1958,0.8780712465332884,0.02439720751178983,35.990645491249964,1.171727255914963e-283,1.432744456647011e-282
TLR10,94.17315,-0.16971581890930768,0.03972821700247396,-4.271921362560498,1.937959218110766e-05,2.399641875776492e-05
TLR1,351.12723,0.3315253024405235,0.025622745543166927,12.938711110485762,2.7215708496374694e-38,5.200719065869085e-38
TLR2,967.5854,-0.07785157476189586,0.027732404748673518,-2.807242122254819,0.004996766920570195,0.005765326026403435
TLR3,527.892,0.9429998794763603,0.030696328384156913,30.72028249355921,3.0509857187037187e-207,2.1537801056549589e-206
TLR4,1065.3131,0.8611850627723129,0.026402532557193298,32.61751731228092,2.31527919830022e-233,1.989732764803469e-232
TLR5,367.66144,0.15677750985044775,0.025263947398240522,6.205582499802321,5.44946740379986e-10,7.363001518048935e-10
TLR6,86.102455,-0.19670720113751058,0.030961139709632286,-6.353357886121783,2.1066481286282135e-10,2.8653961284568276e-10
TLR7,270.71362,0.7712982178022457,0.0315823668976321,24.421799046988905,1.0035820588117582e-131,4.075788377288766e-131
TLR8,200.4691,-0.0507259825973523,0.037781183098828754,-1.3426255727530367,0.1793932454968583,0.19260980303082684
TLR9,105.59809,-0.8126297951380865,0.030681935437632844,-26.485610622247698,1.4197855863654112e-154,6.778943422329599e-154
TLX1NB,5.7048545,0.5868767358585263,0.08948485865689851,6.558391494014873,5.439126149295892e-11,7.461435838118393e-11
TLX1,78.962944,-0.6372364628356258,0.07449317861569428,-8.554292818179896,1.1859351544525998e-17,1.8029012701239905e-17
TLX2,24.256792,-1.6360422186611672,0.06773785634472795,-24.15255378521438,7.019285166842471e-129,2.7905804864625243e-128
TLX3,17.034342,-1.8964248950014544,0.11056133898844463,-17.152694715461614,6.000429373069433e-66,1.4562253141771438e-65
TM2D1,766.01135,0.19758363919979366,0.01172639117327604,16.849483893226978,1.0583424228534756e-63,2.526890276401303e-63
TM2D2,2240.1914,0.09085753468326833,0.013582695742741934,6.689212245059607,2.2437511255574378e-11,3.098035209577747e-11
TM2D3,1735.6094,0.18124223769727113,0.011248494292230567,16.112577647166226,2.0816257237869646e-58,4.750035654626632e-58
TM4SF18,322.47055,1.2940437492092243,0.03436966827099255,37.650748881430914,3.1806474484805e-310,4.75788401202163e-309
TM4SF19,117.81907,-1.0779711928873728,0.04873138169813916,-22.120677791669014,1.9990250661400254e-108,6.7841559129096136e-108
TM4SF1,10342.763,-0.2104862933941082,0.03198059623068081,-6.581687591933534,4.651381475437042e-11,6.387257214246778e-11
TM4SF20,121.19088,-2.110183311011351,0.09211272294907802,-22.90870624004794,3.8047685124753397e-116,1.3685738894962092e-115
TM4SF4,1834.0259,-0.5519728595858776,0.09583257202669535,-5.759762551631389,8.423234434323491e-09,1.1133456459676164e-08
TM4SF5,506.90457,-0.9855497578565807,0.12458769824464506,-7.910490134598349,2.5637749346264094e-15,3.772469925849889e-15
TM6SF1,264.48038,0.9330627657111815,0.022331691381617776,41.78200163016885,0.0,0.0
TM6SF2,120.894714,0.02166949724133167,0.04987578016941637,0.43446933898027157,0.6639476552805113,0.6782733862138557
TM7SF2,2533.202,-0.3973270512378784,0.03157820662192115,-12.582318432296896,2.6416167619220105e-36,4.9558241833123064e-36
TM7SF3,4656.6997,0.018732778769576474,0.016904380420256163,1.1081612164341368,0.2677921970677005,0.2837356929534902
TM7SF4,199.18352,2.200671859400843,0.05948730806139173,36.99397285097721,1.4314006372083257e-299,1.9717107965442697e-298
TM9SF1,3869.826,0.028303838634371623,0.01080153832400367,2.6203525632523603,0.008783890313873229,0.010052345300738902
TM9SF2,8429.027,0.0722650500990885,0.015148883043309665,4.770322002783139,1.8393165550358887e-06,2.328192349165361e-06
TM9SF3,11173.434,0.04170067704455077,0.013030682239504793,3.200191385077895,0.0013733635974078496,0.0016168570797216453
TM9SF4,5674.942,-0.15009133847798145,0.010277577581490381,-14.603766041940816,2.6575036508491132e-48,5.555978314606397e-48
TMBIM1,10697.156,-0.1868640445668397,0.017986764767180682,-10.38897472589394,2.7832884576501836e-25,4.647717331799548e-25
TMBIM4,3035.5867,0.13207837209988815,0.014741190732423587,8.959817052592554,3.252175401048611e-19,5.04503497332739e-19
TMBIM6,46334.55,0.12596541392646618,0.012663350800242477,9.94724191989171,2.592691855067096e-23,4.2193935633342134e-23
TMC1,6.9229717,0.7812827158708974,0.04897035983801259,15.95419593515907,2.663822880855063e-57,6.017171866340644e-57
TMC2,6.236391,0.2661226121856324,0.04426820343840597,6.011597298180643,1.8370420032314887e-09,2.4590925204674783e-09
TMC3,8.438213,0.889224308134852,0.050046395975120776,17.7679988900081,1.2507345377833388e-70,3.159268542770595e-70
TMC4,2955.6287,-0.5239574365663807,0.0385391922368236,-13.595444173989394,4.261655738410498e-42,8.421144247141543e-42
TMC5,2035.9314,-0.7060283963071591,0.05404713050397143,-13.063198540305104,5.3434613700418295e-39,1.0291129508341841e-38
TMC6,2810.853,-0.6758023441903688,0.021043653644591754,-32.11430655550876,2.7838308751215503e-226,2.2661340578408494e-225
TMC7,326.07425,-0.2498667181457182,0.032046277567571994,-7.797059038100614,6.336659936738965e-15,9.265823432598475e-15
TMC8,1051.8224,-0.8534742010887286,0.029681848728463113,-28.75407825491335,8.054266626268742e-182,4.685051835548723e-181
TMCC1,1892.7468,0.3388376879640681,0.014663366668082078,23.10776887968164,3.867952767358121e-118,1.4137818741587788e-117
TMCC2,560.6208,0.4287802571059434,0.03624763437508911,11.829192842460888,2.757808874665423e-32,4.961667628076471e-32
TMCC3,1305.5234,0.6951512637140695,0.02501924207153524,27.78466516797299,6.646495764492371e-170,3.5562682593771405e-169
TMCO1,5278.2993,-0.05070902519192758,0.013114427703905304,-3.8666594026689474,0.00011033635500886305,0.00013417380549668158
TMCO2,0.52230316,-0.3375627998509168,0.06180655827194919,-5.461601637250835,4.718579718146224e-08,6.15410406673536e-08
TMCO3,2494.6472,0.1724566127807584,0.017791282110779717,9.693321240534269,3.218874628592965e-22,5.173527162195009e-22
TMCO4,1348.2336,-0.16320955988291397,0.018120278551544983,-9.00701164271,2.1174760264150656e-19,3.2910675946090785e-19
TMCO5A,0.5137925,-1.278201234152885,0.14151997751091216,-9.03194910453068,1.6864085824132669e-19,2.624491081589336e-19
TMCO6,531.6648,-0.27847010228931995,0.014540234558090706,-19.151692579427426,9.369154050753855e-82,2.5888518908699477e-81
TMCO7,722.7034,0.2976966628186891,0.013917140962630284,21.3906479511885,1.6327498970789294e-101,5.225775059680856e-101
TMED10P1,118.18482,-0.04040923564035315,0.014522915500500957,-2.7824465162631604,0.0053950756772605446,0.006216443811950163
TMED10,15871.3125,0.1085761051312909,0.010157253461886319,10.689514201718767,1.1396634567910256e-26,1.932728722766222e-26
TMED1,1660.2883,-0.10883316589929828,0.014542564884555638,-7.483766912044538,7.222200119108394e-14,1.0392025742096812e-13
TMED2,13565.1875,-0.09572393687664996,0.012583089248013454,-7.6073478451853385,2.7977758892752092e-14,4.050655083178916e-14
TMED3,5685.708,-0.4822549181193395,0.01798899337881558,-26.808332626730433,2.583654449451329e-158,1.2659595893232157e-157
TMED4,2963.2126,0.19959427571807248,0.013296765909050275,15.010738482071131,6.244854010722745e-51,1.3346523494048328e-50
TMED5,3484.5,0.38141150946532754,0.015841797191570188,24.076277764008115,4.4308005768129743e-128,1.7505660575069927e-127
TMED6,84.28807,-0.38117553297481704,0.045933216999572285,-8.298472388258075,1.0545860586078236e-16,1.582656462273086e-16
TMED7-TICAM2,197.2136,0.2019070147527331,0.03390988833793443,5.954222341890258,2.6131135138812183e-09,3.4867202797947125e-09
TMED7,5204.875,0.3274608116862847,0.01355796416077689,24.1526535844981,7.002357333110351e-129,2.784394393453001e-128
TMED8,950.9665,0.21317813528446558,0.014396938396391373,14.807185348372345,1.3163813883366957e-49,2.7841480038590052e-49
TMED9,9502.7295,-0.29133863474105814,0.012846497054838148,-22.678449502414082,7.312046813760579e-114,2.5876231719338022e-113
TMEFF1,269.89188,1.1575398409725566,0.027543755030121863,42.0254914301507,0.0,0.0
TMEFF2,732.373,0.4087433580938412,0.10617833264149534,3.8495929247065708,0.0001183142920946647,0.00014375511295985192
TMEM100,550.24805,2.3949659244748935,0.047691740721720284,50.21762444045479,0.0,0.0
TMEM101,2007.6349,-0.3884071869494334,0.020065504443237278,-19.356960999818728,1.7808635961912018e-83,4.984410496955826e-83
TMEM102,518.4569,-0.6904476833076595,0.018371808956424474,-37.58191068420704,4.245108771977845e-309,6.280971619818091e-308
TMEM104,1402.7262,-0.08314018676927941,0.012975440480016656,-6.407503999368866,1.4792120837990207e-10,2.0158831791996965e-10
TMEM105,36.226204,-0.8562036559392534,0.048704318834909284,-17.579624896130596,3.529032445247356e-69,8.814571408758548e-69
TMEM106A,359.20013,0.2787283297881448,0.02584092840903912,10.786312526242131,3.994991198746719e-27,6.8044863896331e-27
TMEM106B,3572.828,0.41843988888934036,0.01569498832318677,26.660732730279516,1.3438713775484387e-156,6.49878322458638e-156
TMEM106C,3718.8972,-0.37287389474976124,0.01711088565772941,-21.791618634382314,2.786264424694077e-105,9.226668416126661e-105
TMEM107,499.17987,0.11489651362509862,0.01599075515356439,7.185183721576015,6.711687269794966e-13,9.510247851180103e-13
TMEM108,354.536,1.3257138727915678,0.042356607345954325,31.298868248903627,4.834736642598011e-215,3.636143454253894e-214
TMEM109,5658.2656,0.052681138126099994,0.012256384342498363,4.298260943354309,1.721434303907449e-05,2.134649835135324e-05
TMEM110,432.44882,0.054134805885049195,0.014266550494148324,3.7945266381844394,0.00014792540058347812,0.000179348096145726
TMEM111,2435.3992,-0.0900410321711008,0.012323220920310907,-7.306615109260665,2.7395582283796297e-13,3.9019634791927297e-13
TMEM114,5.1997156,-1.8743069143287079,0.09568400979809473,-19.58850719450126,1.9378945472262093e-85,5.501826117274912e-85
TMEM115,2720.3118,-0.04863977137107534,0.012073094282506377,-4.028774250653637,5.606842641216858e-05,6.86697403191566e-05
TMEM116,468.60895,-0.02281338626496579,0.019706093094886214,-1.157681847696433,0.24699389435064478,0.2625188564387772
TMEM117,389.6367,-0.16824038975127387,0.02153233917657814,-7.813381926208827,5.567356807212848e-15,8.147927340812766e-15
TMEM119,1117.4248,0.8005438798168399,0.03268875787467591,24.48988373574831,1.8932930137460345e-132,7.709110493371104e-132
TMEM11,1205.0558,-0.2677931302362869,0.012063527613050205,-22.198575642715895,3.545064135607504e-109,1.2091466030630454e-108
TMEM120A,1952.878,-0.16817416124875645,0.01764418087805627,-9.531423556075163,1.5514100979217315e-21,2.4710654188380952e-21
TMEM120B,1058.2758,-0.2841427540946362,0.013020659858896744,-21.8224542514631,1.4202887855873523e-105,4.715534798723566e-105
TMEM121,160.81789,0.4100612258647914,0.030397058346266433,13.490161488444087,1.7870869093320216e-41,3.5149553074186676e-41
TMEM123,13201.931,0.019406245784473176,0.018240897650514083,1.0638865562587185,0.28738009388321595,0.3036364799090972
TMEM125,1135.2083,-0.27471971011807256,0.043062104019693875,-6.37961651832974,1.7753196835141867e-10,2.4174793282499715e-10
TMEM126A,632.3344,-0.11761457222581038,0.011639921838223901,-10.104412543354057,5.2811127567998885e-24,8.680621234917563e-24
TMEM126B,1200.0029,0.09945476098454924,0.01192682887667141,8.338743014841134,7.508439077398876e-17,1.1291498831198383e-16
TMEM127,5264.1826,0.11334384449546354,0.009329974760185968,12.148354889354957,5.853150358925961e-34,1.073165419284705e-33
TMEM128,1177.7809,0.21524071417338175,0.011482183397284776,18.745625873235948,2.101843818221777e-78,5.657997923466502e-78
TMEM129,2931.3032,-0.02622166784325881,0.015922655890190228,-1.6468149549984115,0.09959608649346219,0.10877510460385155
TMEM130,928.4055,0.3976781870667267,0.05562610630690785,7.149128592114699,8.733049346722e-13,1.235553520847208e-12
TMEM131,3550.8162,0.053799826322248556,0.011039309050486447,4.873477685623619,1.0965065824596703e-06,1.395410520833631e-06
TMEM132A,3795.3843,-0.28416546074218607,0.029566599649835656,-9.611029476085378,7.1827204326437815e-22,1.148456807415336e-21
TMEM132B,234.64905,2.642612756731201,0.04996102194241612,52.89348884370326,0.0,0.0
TMEM132C,202.51761,1.5103238445358689,0.06258298508692745,24.133138463082847,1.1225679527861022e-128,4.450703203655746e-128
TMEM132D,75.651024,0.9023776489215409,0.075036645258896,12.025826125463134,2.5997471644078696e-33,4.728692264824427e-33
TMEM132E,192.41437,2.059885158210597,0.050284203823512716,40.96485579130125,0.0,0.0
TMEM133,299.27832,0.7851774363798943,0.023910728201602765,32.83787217853378,1.6969937019487592e-236,1.4924015022883278e-235
TMEM134,1619.6278,-0.5711840412831707,0.015216712628976767,-37.536625367786776,2.328605723921373e-308,3.4155680067230003e-307
TMEM135,1046.4318,0.3219738881601592,0.016815961388899604,19.14692123238922,1.0268065303966685e-81,2.836081149416059e-81
TMEM136,430.34644,1.0512784994236524,0.02461113930287532,42.71555601250981,0.0,0.0
TMEM138,1223.7941,-0.34620620490713444,0.01119652440820069,-30.920863679229065,6.26324543130646e-210,4.508960881752766e-209
TMEM139,710.0658,-0.07285513257919657,0.043724627345957674,-1.6662264952598163,0.09566831065789032,0.10458632533340434
TMEM140,1686.438,0.2965662536251393,0.02352670497714394,12.605515898348354,1.9688010274201008e-36,3.698700758258359e-36
TMEM141,3036.6855,-0.6160136166001863,0.02186917117327527,-28.168128170900776,1.4374130248832682e-174,7.919970710040178e-174
TMEM143,380.32913,-0.11636209431213632,0.016774956356578833,-6.936655561938391,4.014911049818112e-12,5.619771334702437e-12
TMEM144,802.1469,0.7315130122493583,0.02655673125822824,27.545295583872317,5.038555127565366e-167,2.6356614553469497e-166
TMEM145,138.79538,0.9192134361704362,0.05187570651310572,17.719535751059293,2.963478856341597e-70,7.460549775721352e-70
TMEM146,6.7712297,-1.263627826681106,0.10007058292587742,-12.627365502777963,1.491898953184819e-36,2.8069097854070538e-36
TMEM147,3861.4033,-0.4599323300385533,0.014900227795146945,-30.867469703272246,3.265459458438306e-209,2.3400735344718576e-208
TMEM149,509.1849,-0.47145405374716043,0.021535414924237023,-21.892034836838118,3.093908629895152e-106,1.033621361930348e-105
TMEM14A,1274.464,-0.13701976883515382,0.017159261335993246,-7.985178741216635,1.4031883698926705e-15,2.0738665715168696e-15
TMEM14B,2208.826,-0.06478784292865028,0.012821401896861782,-5.0531013261902356,4.346931320416301e-07,5.572644968978998e-07
TMEM14C,4339.536,0.013866332606319726,0.011616699841137456,1.1936550652032683,0.23261292448045456,0.2476865339695384
TMEM14E,6.1462274,-2.5892135065671784,0.07358408405021469,-35.187140534361575,3.145121820463632e-271,3.541567209226719e-270
TMEM150A,960.2877,-0.02325207355747368,0.015816963206448143,-1.4700719255637167,0.14154227497233726,0.15305992331023607
TMEM150B,107.65958,-0.925264642193078,0.04490011471378566,-20.607177689659544,2.366330947035203e-94,7.164802461435112e-94
TMEM150C,549.79474,0.5851581092153283,0.035237788646531515,16.60598271602738,6.307859142979974e-62,1.481390059890752e-61
TMEM151A,200.67403,0.8354542615539519,0.060152199086836465,13.889006125077483,7.385297352397993e-44,1.4869191930129623e-43
TMEM151B,264.03168,1.9174858268120558,0.04634607341973448,41.37320996854023,0.0,0.0
TMEM154,519.79285,-1.248437040463522,0.03531056743955517,-35.355904223306624,8.135836989432113e-274,9.336950691535986e-273
TMEM155,35.876022,1.5529736376505228,0.04850020435189049,32.01994008897386,5.755990301343508e-225,4.653939894561258e-224
TMEM156,104.0948,-0.4594326186492236,0.03868450940111208,-11.87639770445211,1.569879858732295e-32,2.8324338925851465e-32
TMEM158,603.9287,0.6962290526047773,0.03757224386761671,18.530409178059575,1.1739088590423627e-76,3.1188321103019e-76
TMEM159,1692.274,-0.20656306944323116,0.022883085089575907,-9.026889015822796,1.7662139734524555e-19,2.7478488679136895e-19
TMEM160,347.05502,-0.7384964373632977,0.023065401526715452,-32.01749757132716,6.224689277114568e-225,5.030903096180051e-224
TMEM161A,1671.0746,-0.45523279789242965,0.014339930118462706,-31.745817038976774,3.626665674449117e-221,2.8474850160474187e-220
TMEM161B,535.2519,0.12002276781700381,0.01294292997416837,9.273230099872785,1.8059228948013624e-20,2.84286586370223e-20
TMEM163,469.95184,0.3400020769456635,0.04295140619589338,7.915970792550474,2.4533120990528834e-15,3.61201771945456e-15
TMEM164,1691.7504,-0.28428986395605577,0.01639692127562084,-17.338002615084925,2.4303672430297452e-67,5.98160622592391e-67
TMEM165,3412.4253,-0.25176557793204696,0.014411135259245953,-17.47021129168281,2.4159834434097423e-68,5.994029603263337e-68
TMEM167A,4325.501,0.2655216750631685,0.01114119311415633,23.83242731209719,1.5407193299568896e-125,5.969077990217377e-125
TMEM167B,2510.2822,0.29842987332716997,0.009831948653803099,30.35307484155079,2.288372706179984e-202,1.5586811617637436e-201
TMEM168,1488.153,0.03787479819017055,0.013420380772183648,2.822185065618514,0.004769764383011242,0.005508715286687422
TMEM169,129.0395,1.3269682075844267,0.03514553710718167,37.756378670146226,0.0,0.0
TMEM170A,1225.7316,0.18181528917098158,0.01402409347143055,12.964494962998504,1.945072559671431e-38,3.7235291248096537e-38
TMEM170B,663.57733,0.8620631597381998,0.027996691649256913,30.79160818492926,3.3941268573637995e-208,2.4144314706173862e-207
TMEM171,274.91727,-0.26829044742554436,0.04835727198646874,-5.548088972029212,2.8880890709087025e-08,3.780531434104692e-08
TMEM173,2005.0095,-0.1356957411129808,0.02271915460137137,-5.972746059168503,2.3329289346981283e-09,3.115111181315616e-09
TMEM174,62.238518,3.9280366217164886,0.1612854033918565,24.35456984394919,5.185785380111071e-131,2.0964536249738146e-130
TMEM175,1173.618,-0.11660190396687119,0.016968191931227734,-6.871793084346287,6.339987214184408e-12,8.850507384365084e-12
TMEM176A,6080.372,0.01419609380049212,0.041794525727195414,0.33966395247918363,0.7341096111405215,0.7465403383221717
TMEM176B,9187.047,0.08085439457085972,0.03893070029824857,2.076880044577498,0.03781263199039232,0.04217076826581196
TMEM177,553.60156,-0.35154020130873,0.014524266425157951,-24.203645886019817,2.036526137058889e-129,8.129732475369004e-129
TMEM178,347.88867,0.7697667817674266,0.04356957759063778,17.667529141545636,7.459327913842278e-70,1.8714042760063456e-69
TMEM179B,2533.2388,-0.2461708194958682,0.012184683327503812,-20.20330056015493,9.156776905150974e-91,2.705701320928428e-90
TMEM179,20.486423,0.7070490582935869,0.09365194827245917,7.549752795708931,4.3608516633795816e-14,6.297530076233857e-14
TMEM17,187.53445,0.14526962357795128,0.01849711858617238,7.853635305476624,4.041483576646392e-15,5.927567476186434e-15
TMEM180,405.11847,-0.32180560885545373,0.01888570342133627,-17.03964113361493,4.172841782746636e-65,1.0063360087057423e-64
TMEM181,2792.2737,0.09269535451739352,0.014453297688190864,6.41343979188436,1.4227231912488493e-10,1.93941891199433e-10
TMEM182,249.34973,0.07556572128086625,0.017974295816638716,4.204099123088619,2.6212405537061193e-05,3.2364507509796155e-05
TMEM183A,2724.633,-0.2893314675530525,0.011337560546412079,-25.519728549067395,1.1907970487848468e-143,5.223752880028161e-143
TMEM184A,1399.4833,-1.3092993571054203,0.038839570530689115,-33.71044888539323,4.063435839458404e-249,3.9300470430182255e-248
TMEM184B,4270.8096,-0.001316852818790542,0.013070252521373017,-0.10075190334977613,0.9197474080433792,0.9231026610971238
TMEM184C,1268.4583,0.361715279532661,0.011642553569146785,31.06838009242409,6.442416200609233e-212,4.72142373751632e-211
TMEM185A,1180.1604,0.0034556061622503793,0.011227227918718885,0.3077880120781133,0.7582436440497996,0.7695838451173972
TMEM185B,1170.3828,-0.08334618528761142,0.01379773646009245,-6.040569446204147,1.535712683402291e-09,2.0572163785621294e-09
TMEM186,566.6844,-0.2553073080455652,0.011169586200945611,-22.857364941948433,1.2346036195481167e-115,4.425228008869737e-115
TMEM187,569.3305,-0.2648813928509275,0.015226493552824974,-17.39608610032111,8.833632861984272e-68,2.1823071403608516e-67
TMEM188,572.2876,0.12552629546415237,0.011385866318417466,11.024746993656905,2.9033376007921326e-28,4.997383345834209e-28
TMEM189-UBE2V1,102.0481,-0.5678855348326952,0.09002654392527576,-6.3079788479279415,2.8270283885925414e-10,3.8383108345018704e-10
TMEM189,2871.0735,-0.5636954718682152,0.016066620952852263,-35.08488023227709,1.1463777548158133e-269,1.2823683906755573e-268
TMEM18,1269.2493,-0.03166866310068933,0.010991869318328282,-2.881098945370806,0.003962912129450382,0.004590142120013672
TMEM190,34.522327,-1.4788658340726377,0.07663538652092712,-19.297427744672472,5.645017048716419e-83,1.5728329286275843e-82
TMEM191A,77.90437,-1.305945096959385,0.02645498870886354,-49.36479509899917,0.0,0.0
TMEM192,1275.1141,0.3479162961326205,0.01706157474420956,20.39180446990674,1.9771744711089597e-92,5.9065730091426724e-92
TMEM194A,1403.4077,-0.08914509325908566,0.0161240209543062,-5.528713557971277,3.2258756105163944e-08,4.218086162781199e-08
TMEM194B,295.09232,-0.1006961249376293,0.01656006431166245,-6.080660258469764,1.196886569564357e-09,1.6076673266319685e-09
TMEM195,231.79102,0.6621397432620737,0.06645211491758334,9.964163579794064,2.1870697532153954e-23,3.5626942795417057e-23
TMEM196,19.466677,2.1835907008985895,0.11070790491521598,19.723891465301058,1.3447317369829238e-86,3.848382546139351e-86
TMEM198,328.73053,0.38741628977236137,0.028097797976222433,13.78813706683384,3.004179758638484e-43,6.007474286034858e-43
TMEM199,1045.6622,-0.0723685519200465,0.009637463922418904,-7.509086674939557,5.954129563053867e-14,8.578918879986814e-14
TMEM19,1698.6681,0.04666503803654451,0.014541781925550185,3.209031621809234,0.0013318284363999036,0.0015683206163841538
TMEM200A,576.82983,0.7158298275099632,0.03503823872086582,20.429960341690215,9.057547165004817e-93,2.712201834568805e-92
TMEM200B,361.68448,0.689409077183034,0.034754165927806474,19.836732051493268,1.4348807547217937e-87,4.144238514027664e-87
TMEM200C,71.64968,0.2781560510672321,0.04581129212129822,6.071779209604832,1.2650078100848037e-09,1.6984959444382061e-09
TMEM201,1259.4258,-0.3192032461280105,0.01654191695304035,-19.29662970949337,5.7328572944481756e-83,1.5970886926336947e-82
TMEM202,0.3298346,-1.217657583969001,0.2156334152201151,-5.646887254120776,1.6337889758398458e-08,2.1465094062418315e-08
TMEM203,1943.8121,-0.07560542905719156,0.00994907499050176,-7.599242053092471,2.97870174459612e-14,4.3116522444530685e-14
TMEM204,790.47296,0.7776124017821758,0.02433011721075594,31.960898299265338,3.812440874425131e-224,3.058214490245124e-223
TMEM205,4030.6736,-0.23576821479698937,0.0186377742235957,-12.65001989875504,1.1184649128762227e-36,2.1068492932315893e-36
TMEM206,613.99023,0.16415521926576576,0.01893241029353532,8.670592741264347,4.2987665674055975e-18,6.5699713644479065e-18
TMEM207,5.5142336,3.749298720855544,0.1768076581364529,21.20552220629487,8.492290011301145e-100,2.685114650412797e-99
TMEM208,1928.5747,-0.45008075266295633,0.015342649947069555,-29.33526830213067,3.683483381827066e-189,2.2567570921040397e-188
TMEM209,1313.7229,0.06172720797882855,0.01209326658315512,5.104262570777133,3.3208691963292546e-07,4.2688203035779326e-07
TMEM20,290.51752,-0.28186245383447206,0.024227959065860505,-11.633767956610223,2.775690082572196e-31,4.94922704423606e-31
TMEM211,12.361193,-3.351191369687801,0.08513012329772304,-39.365517631964174,0.0,0.0
TMEM212,6.3595276,-0.8270804654329889,0.08455295853211427,-9.781803969861722,1.3478640621997205e-22,2.1771790258905194e-22
TMEM213,234.05266,2.5281735497149858,0.08256755803925739,30.61945405376947,6.743338906193508e-206,4.719409996259663e-205
TMEM214,5675.475,-0.20605479839924942,0.010964679401589832,-18.792596741987033,8.682504675948136e-79,2.3456357842041944e-78
TMEM215,57.433853,1.508821319822981,0.06946324869462416,21.721145327597537,1.2950982121962384e-104,4.2644192951808533e-104
TMEM216,593.05133,-0.2478395771986094,0.014091814597708538,-17.587484953067044,3.0721321433326454e-69,7.676182904529864e-69
TMEM217,62.207283,0.1785968114136576,0.02555074350981068,6.9898870592584545,2.751076177407111e-12,3.862967093994853e-12
TMEM218,569.92615,0.1576270831852649,0.011841084049312299,13.311879430027311,1.9745151932767003e-40,3.852707956672449e-40
TMEM219,4933.0415,-0.3076143439187312,0.0141661513765666,-21.714743527842113,1.4887159893778755e-104,4.8956176429888816e-104
TMEM220,441.43237,0.5167490876922529,0.032746900911545494,15.780091346294817,4.265702847117212e-56,9.525660224246936e-56
TMEM222,2159.7861,-0.05699549522716121,0.012221008319106757,-4.663730990024157,3.1052726147120567e-06,3.9114177543106326e-06
TMEM223,842.69476,-0.37113239998779074,0.013288502410678155,-27.92883565943159,1.191712414857547e-171,6.457831528901997e-171
TMEM225,0.06355967,-0.4663445694412641,0.37203994511306093,-1.2534798361491652,0.21003113278820706,0.22428658968975126
TMEM229A,30.617002,1.3147028646737966,0.087622681128444,15.004138742874176,6.898050879939659e-51,1.4731712772966695e-50
TMEM229B,822.82745,0.12267958875680843,0.027036740516333684,4.537514005532365,5.692125124785409e-06,7.134517971772834e-06
TMEM22,295.35052,0.5097776378656723,0.029099894440664378,17.518195432121768,1.0407450943943172e-68,2.5902847648867854e-68
TMEM231,670.823,0.32805676849699217,0.02461035524187794,13.330029789198571,1.548358264149001e-40,3.023211460612785e-40
TMEM232,53.09068,0.7731085256837713,0.03936911700386054,19.63743625766258,7.404300157691337e-86,2.108309746999132e-85
TMEM233,66.406235,1.3502062380175874,0.045699245602835094,29.545481992241534,7.506132020010389e-192,4.6761732495529835e-191
TMEM25,1078.776,0.32031213369015826,0.02591926148512522,12.358073314472401,4.4059035181335606e-35,8.172356935648793e-35
TMEM26,224.59648,0.23756202790279718,0.037792804347631444,6.285906325384549,3.2594644996179144e-10,4.4189543682307466e-10
TMEM27,814.9509,1.129529104320069,0.05421618371982502,20.83379955618378,2.138079891324182e-96,6.590335883038459e-96
TMEM2,3600.9658,0.1537012596823131,0.022558250115509288,6.813527596125026,9.523407970492645e-12,1.3250892760474285e-11
TMEM30A,8863.909,0.4599844823369933,0.01286105488873573,35.76568845374167,3.7736026822300546e-280,4.498054859925157e-279
TMEM30B,2659.7803,-0.11924177837989519,0.03698420444038621,-3.224127169535244,0.0012635727321514206,0.0014894092898257742
TMEM30C,0.034927763,-0.4446156079423077,0.3505053629958666,-1.268498730353381,0.20461990384135076,0.2187490349877158
TMEM31,6.180246,0.07691462576995199,0.040494638583665796,1.8993780031161167,0.057514793542751776,0.06361058679578897
TMEM33,3752.4216,-0.10450097605465287,0.011559687327831995,-9.040121336417833,1.5649800803174702e-19,2.4360753463707756e-19
TMEM35,244.18,1.5535143136688048,0.05041007130421246,30.81753850919443,1.5256704663404256e-208,1.089099755407599e-207
TMEM37,1391.7944,0.6433563833267634,0.037108219259955076,17.337301443107357,2.460191587361009e-67,6.053546111564271e-67
TMEM38A,277.12012,0.3382775337428587,0.032304433286761663,10.47155140410665,1.1671429760205874e-25,1.9581263987476832e-25
TMEM38B,626.8538,0.4400551506179549,0.023994352412485473,18.339946961392968,3.971844088733158e-75,1.0413750650678476e-74
TMEM39A,1295.9395,-0.07191979281789637,0.01312443678656752,-5.479838410399766,4.257144578512788e-08,5.555134372128051e-08
TMEM39B,801.92926,-0.167902462915167,0.012043716722421076,-13.941083702391714,3.564859013418045e-44,7.204384023642841e-44
TMEM40,302.2859,-2.649908495449798,0.07039575126372448,-37.64301748158653,4.2560987762397e-310,6.3479791198142e-309
TMEM41A,1813.342,-0.4306750538921726,0.01374397033834499,-31.335563399071862,1.5303054769266613e-215,1.1564769563752747e-214
TMEM41B,1839.4185,-0.06809743520808806,0.012397429665899521,-5.492867234842836,3.954600880160909e-08,5.1626623481369636e-08
TMEM42,545.1938,0.026642557270103173,0.016473556561610203,1.6172923661300136,0.10581518634338744,0.11536932355620548
TMEM43,5207.5103,0.35150881071840334,0.013036754031614823,26.962908854917085,4.025960722799742e-160,2.0010872645380846e-159
TMEM44,667.1028,-0.40552920161627787,0.018744664885982223,-21.634379919992263,8.528829225649664e-104,2.788476540950723e-103
TMEM45A,1589.0945,-0.4668306057177827,0.03753992270497267,-12.435577169047944,1.6752635801700464e-35,3.120180333792148e-35
TMEM45B,1569.1144,-1.1271700804437392,0.04661060187297925,-24.18269739394148,3.3835278154178303e-129,1.347256851048144e-128
TMEM47,1900.8601,1.5662412257763458,0.0301921308950266,51.87580933660913,0.0,0.0
TMEM48,802.5646,-0.31276282244165976,0.02042452138532903,-15.313104113485759,6.250808562834563e-53,1.3596176445592828e-52
TMEM49,5415.3877,-0.1668954615939972,0.013966598064455946,-11.949614417467552,6.52271554716467e-33,1.1810384722938946e-32
TMEM50A,5494.167,-0.0054853312579739594,0.009362775501754919,-0.5858659386787404,0.5579656082722095,0.5743274088080244
TMEM50B,2266.4282,0.334737320523242,0.013816631872678424,24.227128840652213,1.1521504649608835e-129,4.6119998655404305e-129
TMEM51,1333.2314,-0.2349524960363978,0.02256756262627174,-10.411070966205312,2.207243988725324e-25,3.6906439197157415e-25
TMEM52,121.95892,-1.2031310568228122,0.036883795329955026,-32.61950257721157,2.169969584585918e-233,1.8656423468152323e-232
TMEM53,683.2842,-0.3624120383010189,0.016889707316100067,-21.457567707851908,3.880812529848083e-102,1.2511395454501523e-101
TMEM54,3341.9038,-1.0727561044195852,0.027055419949017712,-39.65032168937128,0.0,0.0
TMEM55A,589.6962,0.6171969557706548,0.02322948958169846,26.56954444048217,1.527106841910467e-155,7.332634008126226e-155
TMEM55B,1448.3073,-0.02940844603499661,0.00993114983588345,-2.9612327395099176,0.003064102969864939,0.003563061021446213
TMEM56,1059.5319,0.4755332927325127,0.03366960171145535,14.12351998719138,2.7205554423235088e-45,5.5448781910365715e-45
TMEM57,1957.848,0.030360169061118835,0.011767243747214402,2.580057803961598,0.009878377854912065,0.011286486040078272
TMEM59L,798.13403,1.6903426805012114,0.06046971973379412,27.953539191889888,5.97060620279315e-172,3.242346537281028e-171
TMEM59,12939.329,0.06641958643074074,0.012886338460606018,5.154263690480248,2.546294306783601e-07,3.280805378887876e-07
TMEM5,729.7071,0.016194256563303318,0.011089685114635995,1.460299043291174,0.14420790488361507,0.15584313050191195
TMEM60,779.01135,-0.17050919886824834,0.011760940153512141,-14.49792249961663,1.2487236489254064e-47,2.5938949870903324e-47
TMEM61,91.5361,-0.16830426020354772,0.04527738395917925,-3.7171816365381414,0.00020145760919519843,0.00024330992855223614
TMEM62,1143.4824,-0.334465613900737,0.016312358919588196,-20.503816495792293,1.9905304109315274e-93,5.992194090811026e-93
TMEM63A,3496.1973,-0.4306375871368087,0.02150002689248782,-20.029630162335977,3.0390645514040098e-89,8.879494144953248e-89
TMEM63B,3253.7712,-0.30351241034804194,0.014915526042843644,-20.348756689923444,4.761998090064058e-92,1.4178051932672443e-91
TMEM63C,500.6588,-0.2669386647396047,0.0464899583850428,-5.741856392486829,9.364422385610016e-09,1.2363831086163055e-08
TMEM64,1573.5345,0.38483913308540785,0.021688984554816836,17.743529306905252,1.9339734478428384e-70,4.875404336878696e-70
TMEM65,1109.1383,0.23947681199667023,0.01706448238169768,14.033640554694962,9.703941722192514e-45,1.9693236595107396e-44
TMEM66,13621.842,0.5035420861122458,0.015836197979693198,31.79690521411385,7.143144503264643e-222,5.647661318134557e-221
TMEM67,456.27887,0.2581583869614608,0.018497761558848583,13.95619605865058,2.884221797952758e-44,5.834065731199226e-44
TMEM68,945.75024,-0.15005484905936686,0.01225787268127992,-12.241508209538585,1.865338216840546e-34,3.435225758177899e-34
TMEM69,1328.0886,-0.24724679830244128,0.01066688819866099,-23.178905946860688,7.432772365511908e-119,2.7334503719193807e-118
TMEM70,1230.7367,-0.21167773370475332,0.01426395439171324,-14.840045606688786,8.070107792221338e-50,1.7100262754145943e-49
TMEM71,151.50941,-0.36687202166558647,0.03572040503767621,-10.270656821461767,9.55518698647214e-25,1.5859616163181664e-24
TMEM72,57.188015,2.470787795960619,0.09600425591136288,25.736231925403434,4.597034642961124e-146,2.0587555718443806e-145
TMEM74,22.390701,0.6855997936912442,0.044933542801137996,15.25808451662709,1.4545582450468138e-52,3.150691702405371e-52
TMEM79,1169.0453,-0.9557273109555869,0.029515012858983353,-32.38105690557734,5.072490075523699e-230,4.24982820771963e-229
TMEM80,738.5922,-0.022886364834947687,0.0160044595920465,-1.4299992263607066,0.1527172411151192,0.16475044043359008
TMEM81,125.7245,-0.13663766101418065,0.015500680874899444,-8.814945750895415,1.1974302842909744e-18,1.842388388594313e-18
TMEM82,106.880455,0.14980534871353354,0.09781770364578055,1.5314748059922947,0.12565208840484612,0.1363837963338627
TMEM84,55.727135,-0.1315465492152328,0.05407666224307854,-2.4325937245150495,0.014991111159240015,0.01700301014434359
TMEM85,3202.5396,-0.07471623894587308,0.009238863789305224,-8.08716749697766,6.106825943193952e-16,9.073775315828758e-16
TMEM86A,572.2524,0.28659269506086116,0.02226790798103847,12.8702119348122,6.622020133241508e-38,1.2612752165091577e-37
TMEM86B,329.88196,-0.44165454945184945,0.027383506222962945,-16.128487924657794,1.6091201399553376e-58,3.673478014055923e-58
TMEM87A,4284.529,0.1493666420681594,0.01444972653839367,10.336987462792774,4.793704240069068e-25,7.988460720599669e-25
TMEM87B,2454.1462,-0.18144431411077075,0.017791907387373112,-10.198137285693242,2.02111513591758e-24,3.3415529520989125e-24
TMEM88B,4.271273,0.8614809198695931,0.08410763553167255,10.242600620310908,1.2775533743424265e-24,2.1177095870572758e-24
TMEM88,174.3217,0.8483883203660088,0.027567508127377315,30.774936800452906,5.673389587917462e-208,4.028759630987499e-207
TMEM89,0.97983074,-1.749067473689334,0.0667658558089368,-26.197035183591794,2.8723582715613786e-151,1.3390964518140166e-150
TMEM8A,4618.634,-0.4106688643368936,0.016526747811238626,-24.84874029829558,2.668226438688471e-136,1.1154501450771782e-135
TMEM8B,1198.5345,0.4577770170732641,0.01995792737805783,22.93710205482329,1.9820001846229046e-116,7.145659953734321e-116
TMEM8C,1.2675946,0.19363531817837634,0.11717453337079184,1.6525375660394475,0.09842501364758266,0.10751340556127993
TMEM90A,30.081575,0.8237439875822147,0.04581857195962128,17.978386325705632,2.877458257927423e-72,7.357720757742326e-72
TMEM90B,305.93372,1.336652225783947,0.04170799600429732,32.04786501001456,2.350967311170005e-225,1.903872056010745e-224
TMEM91,442.83597,0.16101042854140094,0.029410661705380176,5.474559877445628,4.3860032245996765e-08,5.7225480421446304e-08
TMEM92,294.5136,-0.8239775902375587,0.04534757269879743,-18.17026890745598,8.876226429712562e-74,2.3014657906586606e-73
TMEM93,873.04425,-0.3902303178999381,0.013421974881037482,-29.073986604702572,7.657335044206351e-186,4.5851671813234444e-185
TMEM95,0.22193068,-0.5176449731284197,0.1032970698410488,-5.011226106654914,5.408432100751024e-07,6.919081886338451e-07
TMEM97,2302.7144,-0.5880500360429867,0.02537137865719657,-23.177693415418194,7.645027663090035e-119,2.810493286255869e-118
TMEM98,2989.0796,0.18212995339672572,0.02692121412905857,6.76529492776984,1.3303791132287198e-11,1.8449144040748932e-11
TMEM99,666.6813,-0.16524409483381614,0.018456871870926816,-8.952984882238248,3.45997262680455e-19,5.365751272784418e-19
TMEM9B,2873.8127,0.25542663058715914,0.012566621045835941,20.325800360773748,7.603890272550844e-92,2.2606250300651668e-91
TMEM9,5430.9023,-0.15631324279882802,0.015506904192664206,-10.080235284665944,6.756414004291962e-24,1.1087686015910047e-23
TMF1,2216.5012,0.26606935293471007,0.013895247749667699,19.148226625975276,1.0013915686106738e-81,2.7662592870209916e-81
TMIE,109.02429,0.26342656609858883,0.04412250366276894,5.970344931284376,2.36752512566192e-09,3.1608921262608057e-09
TMIGD1,6.2146497,-0.763229641916702,0.14689587670449342,-5.19571862083012,2.039305182469769e-07,2.631565836971669e-07
TMIGD2,47.975338,-1.2202114856937414,0.04462723882583545,-27.342302992479574,1.3332628411143638e-164,6.8683952890301956e-164
TMLHE,460.1286,0.08181805043007608,0.017143371486811332,4.77257641491465,1.818840640763454e-06,2.3025604157009798e-06
TMOD1,1657.4182,0.5742198491272439,0.036045992353786555,15.93019949322947,3.911073478475077e-57,8.813985493499457e-57
TMOD2,1467.1239,1.926576799763724,0.030914751789806627,62.3190123880912,0.0,0.0
TMOD3,3355.544,-0.032713817274782536,0.015971427919122066,-2.0482712904846383,0.04053342444846193,0.045133449373563575
TMOD4,13.5202265,-0.08600025109796589,0.04857527125400913,-1.7704533372187379,0.07665165121641701,0.08418119360853565
TMPO,3725.8894,-0.336546783300421,0.017050117188234137,-19.738678601732047,1.0036864912160473e-86,2.8760103131129498e-86
TMPPE,119.33349,-0.21958424784776157,0.02235376623846566,-9.823143245987241,8.950822160336641e-23,1.4487978085728549e-22
TMPRSS11A,204.38889,-4.911156835650463,0.11392827119446329,-43.10744632706351,0.0,0.0
TMPRSS11BNL,6.072052,-4.261939837429597,0.17204762451367633,-24.771860986030696,1.8027557285069897e-135,7.493324597115926e-135
TMPRSS11B,54.498386,-5.057612513810707,0.16258010794444094,-31.10843373002964,1.8522741337994067e-212,1.3678073663410272e-211
TMPRSS11D,582.20197,-5.37408767481317,0.10271542658370214,-52.32016118273978,0.0,0.0
TMPRSS11F,23.08531,-3.5057659611427776,0.098367995703831,-35.63929442761071,3.45207771619268e-278,4.060129995607555e-277
TMPRSS12,1.2378103,-0.22704813701948517,0.05941068958291203,-3.8216714637291433,0.00013255020324244137,0.00016082178711638044
TMPRSS13,631.405,-1.2031329121673575,0.044075635687190445,-27.297006461940153,4.603276733894365e-164,2.360657708447239e-163
TMPRSS15,10.645234,-0.23900390345003858,0.0932537871322423,-2.562940453143307,0.010378984762991235,0.011848477671287348
TMPRSS2,5528.9385,-0.21725676305317135,0.05894131353864172,-3.6859844141535563,0.00022782029397852568,0.0002748396163254802
TMPRSS3,799.32794,-0.40942332582454427,0.05067108903760466,-8.080018282628542,6.475706400220033e-16,9.617661701348092e-16
TMPRSS4,3440.1467,-1.8372815015255264,0.0646488821947444,-28.4193854425976,1.1650101603319231e-177,6.550246300524061e-177
TMPRSS5,76.44771,1.5702585190497318,0.045048197954878015,34.85729930024198,3.300593261831413e-266,3.5819178154384724e-265
TMPRSS6,752.674,0.0934405556524605,0.06484207240197706,1.441048260660026,0.14957104901570586,0.1614846999475397
TMPRSS7,3.514187,-0.3194926779508831,0.05194443135287257,-6.150662729956228,7.71598443990169e-10,1.0404671295003213e-09
TMPRSS9,28.65033,-0.3542469843049643,0.049007493475992335,-7.228424862791686,4.886280445549475e-13,6.935772404025781e-13
TMSB10,47404.727,-0.6859312573971469,0.021251775178900378,-32.2764216929119,1.4987277792904272e-228,1.2428757172535155e-227
TMSB15A,179.73692,0.2239901505830754,0.048327304855920385,4.634857069949666,3.5718418858930603e-06,4.4929953015073725e-06
TMSB15B,115.59113,0.2632583374050148,0.030129299746343857,8.73761885013477,2.380751701804209e-18,3.650103463892755e-18
TMSB4Y,49.745342,0.12525376418624093,0.0785422135017881,1.5947317830988987,0.11077222747379048,0.1206576308993045
TMSL3,72357.73,-0.199847918703722,0.020398127467917148,-9.797365911064604,1.1555982097404698e-22,1.8682461647031069e-22
TMTC1,1403.7823,0.8728641950887092,0.03235998646129878,26.973564903453195,3.019208394674402e-160,1.502886643207241e-159
TMTC2,863.10657,0.5496775502723945,0.02399754920114812,22.905570300741214,4.088699415168888e-116,1.4696651022850173e-115
TMTC3,1596.2208,0.021717692804530297,0.01862638317792381,1.165964030540848,0.24362898865215865,0.25910476832102064
TMTC4,1235.1854,-0.04309535796553176,0.017700851491984863,-2.4346488633637655,0.014906246995597783,0.01691052505201021
TMUB1,2124.199,-0.5681196883148352,0.015083883226288107,-37.664020583553665,1.9289103263323e-310,2.8896751533333e-309
TMUB2,2040.3718,-0.05009870695377395,0.008950825328869602,-5.5971047487864345,2.1796102787952828e-08,2.858641091669984e-08
TMX1,2468.753,0.13910448543658707,0.012227732019871628,11.376147695298236,5.497488117277517e-30,9.663560747682003e-30
TMX2,4403.8325,0.008956784722696062,0.010868808424244713,0.8240815711422828,0.4098932106819526,0.42762059319876367
TMX3,2050.5427,0.3191911297972151,0.012749689814089384,25.03520747967409,2.5301342982361417e-138,1.0700250140795516e-137
TMX4,2356.3977,0.28293305529036056,0.018746876027357903,15.092277501460375,1.8204833124997586e-51,3.908385506609995e-51
TNC,13897.37,0.49667788673288404,0.038283886681744206,12.973549181716875,1.7283804997515431e-38,3.311509372712372e-38
TNFAIP1,3450.1658,0.14580517771333915,0.012962780813635161,11.24798604632511,2.3694042516006577e-29,4.1286118759275755e-29
TNFAIP2,6623.982,-0.844116309855745,0.02984607201293342,-28.282325040627047,5.70159990876375e-176,3.1680914995229583e-175
TNFAIP3,2623.442,-0.055232424377775265,0.02536965401359351,-2.1771059372027994,0.02947266418043605,0.033017882025504736
TNFAIP6,400.73633,1.129516831307764,0.04243253474113298,26.61912228903073,4.0780187163484054e-156,1.9650741549381583e-155
TNFAIP8L1,474.01254,0.16092940440771214,0.021614965344604255,7.445277003318673,9.6741213897612e-14,1.3891623457056584e-13
TNFAIP8L2,245.74088,-0.19086353715749724,0.02771352776241302,-6.887017011827683,5.697441124618898e-12,7.959528158657527e-12
TNFAIP8L3,312.85464,0.9538612434640222,0.034555177279847936,27.60400375721122,9.961459927680047e-168,5.2431582902698574e-167
TNFAIP8,1027.9767,-0.1603127719967027,0.024672512682770775,-6.497626490578391,8.159707989148616e-11,1.1167966047131206e-10
TNFRSF10A,268.04782,-0.4646896286931368,0.026751774337777107,-17.370422717603912,1.3820405758056345e-67,3.408062510032329e-67
TNFRSF10B,3170.101,-0.19269564398675723,0.018946397477173835,-10.170569060366876,2.683363449566743e-24,4.427473577253369e-24
TNFRSF10C,198.9142,0.1686052908073269,0.032239699539068224,5.229741381522808,1.6974733361724136e-07,2.1940740048970966e-07
TNFRSF10D,495.70776,0.2770233656519149,0.02920446226225698,9.485651992638536,2.4087251092282577e-21,3.826407186234246e-21
TNFRSF11A,244.90742,-0.6698110150764974,0.034876888847743114,-19.205010458375245,3.360563240892785e-82,9.311065190709882e-82
TNFRSF11B,725.1585,0.8072302081081548,0.04455566405345968,18.117342099078748,2.32561554685963e-73,6.003957255708243e-73
TNFRSF12A,3349.698,-0.05000659751974194,0.03018852721044749,-1.6564768851140217,0.0976252823008839,0.10666271988642778
TNFRSF13B,35.69187,-1.131580415828295,0.05465864785871246,-20.70267853594413,3.276449586375443e-95,9.994791298923831e-95
TNFRSF13C,31.509228,-0.6223293231502199,0.03931892888558004,-15.827728292426988,2.0032410127892506e-56,4.48668688441984e-56
TNFRSF14,3415.3533,-0.5639045237816807,0.02364850469120568,-23.845250731281265,1.1343025112232082e-125,4.3987171097130086e-125
TNFRSF17,76.86081,-1.135139952511819,0.0510893543040769,-22.21871793007248,2.264423022283444e-109,7.732537455663977e-109
TNFRSF18,280.26724,-1.846706942091077,0.038245292636140765,-48.28586251542991,0.0,0.0
TNFRSF19,1364.7316,0.5820837045047197,0.034829296353562675,16.71247384948041,1.0633126241033858e-62,2.52131163686476e-62
TNFRSF1A,6536.123,-0.05240592204283038,0.014570666545125623,-3.5966729374066913,0.00032231332649936803,0.0003871829722799525
TNFRSF1B,2581.9978,0.020119527301099813,0.022688292213733217,0.8867801556664309,0.3751972735669139,0.3927523930561366
TNFRSF21,5984.5693,-0.26452791623533983,0.026487080631052096,-9.987054440617396,1.7366563609369433e-23,2.832832854123486e-23
TNFRSF25,355.54498,-1.2055373260475684,0.027778181732603355,-43.39871261741458,0.0,0.0
TNFRSF4,200.18681,-0.3011942353211608,0.029808310088023926,-10.104371379381602,5.283330944634235e-24,8.683566214725793e-24
TNFRSF6B,804.0792,-1.5273264380873848,0.037660212936911394,-40.5554381927147,0.0,0.0
TNFRSF8,102.79679,0.16174572373900795,0.036696073645776234,4.40771198849022,1.0446833393544443e-05,1.3019532386090311e-05
TNFRSF9,59.078556,-0.05929323325624261,0.04142030576992809,-1.431501582474811,0.1522865137685076,0.16431189431411555
TNFSF10,6830.8784,-0.27278992741083435,0.03265757936959688,-8.353035732488879,6.653051262032526e-17,1.0012527398264355e-16
TNFSF11,66.37797,-0.22282827891961388,0.04753706426627856,-4.687464031675215,2.7661129668672735e-06,3.489824248153363e-06
TNFSF12-TNFSF13,538.43884,-0.7340575494588858,0.03974035589918914,-18.471338085672844,3.512683921680309e-76,9.29607850792791e-76
TNFSF12,1312.2781,0.515864472420493,0.020586440681252063,25.058458643134333,1.4119602717952848e-138,5.983784174329768e-138
TNFSF13B,202.49046,0.028327838474777683,0.033915267964804076,0.835253270125278,0.40357512214277025,0.42130991240409493
TNFSF13,2054.0935,0.14182339681704315,0.02334067918006714,6.07623264614167,1.2303886879082497e-09,1.652122628751092e-09
TNFSF14,36.82207,-0.4589130572319749,0.043158892449167055,-10.63310551290182,2.0903368990778456e-26,3.535235830563703e-26
TNFSF15,69.113235,0.10004445534114062,0.03997775529632707,2.502503069509061,0.012331855614587786,0.014029854621815743
TNFSF18,9.507272,0.48955594170640426,0.049162388757813064,9.957936424083996,2.3284546014491065e-23,3.7920972106953336e-23
TNFSF4,257.3611,0.38045658226383294,0.028545691510986078,13.327986190750034,1.5913551765828162e-40,3.106866133491519e-40
TNFSF8,88.42847,0.225059276648106,0.033482417546641614,6.721715250536922,1.7959767220865224e-11,2.4843246422720146e-11
TNFSF9,220.52234,-0.7287331281354735,0.0370645440932032,-19.661192278609647,4.637004590806014e-86,1.323122305034613e-85
TNF,106.822235,-0.23469878952345882,0.03785174506377817,-6.200474750318747,5.629309126929471e-10,7.603470079954694e-10
TNIK,887.5664,1.0219471550218018,0.030890267889094027,33.08314316634999,5.194054542558832e-240,4.687311898579577e-239
TNIP1,7583.2837,-0.03842163129077971,0.015413622774815894,-2.49270608552561,0.012677373753668083,0.014413282640918552
TNIP2,1718.6451,-0.35097665919250837,0.011410217428767282,-30.759857240549234,9.027131389198229e-208,6.392464972267366e-207
TNIP3,54.022205,-0.6183631962576263,0.048733838169583654,-12.688579834525868,6.841507172417325e-37,1.291840516817328e-36
TNK1,659.83124,-0.6284650380237466,0.025971635668377725,-24.198130839673937,2.3278419059409135e-129,9.281733913641022e-129
TNK2,3714.0676,0.2446965594659368,0.02213909561672975,11.052689942809952,2.1274311154852667e-28,3.667742406652938e-28
TNKS1BP1,9011.685,-0.17533536036036973,0.01699781769877002,-10.315168892125323,6.017541415225042e-25,1.0020540297118161e-24
TNKS2,3160.1145,0.31726121901935805,0.011971507866663891,26.50135827106711,9.34917545975467e-155,4.4691209951900755e-154
TNKS,2646.323,0.5330212305595587,0.014867771747131288,35.85078111401625,1.7882270372767955e-281,2.1529576730880117e-280
TNMD,27.313871,1.9624948155947761,0.06749954080479985,29.074195056675475,7.61101327410237e-186,4.558770792805242e-185
TNNC1,268.12262,-0.06532935972033267,0.05486547570435851,-1.19071891534047,0.23376394970110115,0.24889912933239464
TNNC2,107.73253,-1.2110301803755754,0.050627690640044756,-23.920312482467693,1.8828519385140068e-126,7.346297933347387e-126
TNNI1,286.14505,-0.4329394962895087,0.04858717635382092,-8.910571240789178,5.077029436064725e-19,7.854946598437703e-19
TNNI2,150.40842,-1.6421377639824626,0.05046451271295656,-32.54044626018653,2.858230782521827e-232,2.4388399204258958e-231
TNNI3K,41.42988,1.2553361678760226,0.03527909368507893,35.5830050250684,2.5663886610923154e-277,2.997653858357915e-276
TNNI3,79.87644,-1.4559204271454826,0.060716041529719836,-23.979172397673942,4.5870804361991995e-127,1.8007784535399055e-126
TNNT1,919.1953,-0.6885061231091661,0.06291170954287612,-10.944005942803537,7.099217426428359e-28,1.2176324143610358e-27
TNNT2,101.14459,0.05722677843090018,0.058224713334812175,0.9828606300185022,0.3256760367523499,0.3426229036916645
TNNT3,212.83615,-0.744378458565639,0.07542182558838849,-9.869536473806056,5.642474469640218e-23,9.154126840975792e-23
TNN,118.5598,1.2959579068298834,0.045380824256747825,28.557390220544157,2.2739853805208886e-179,1.295719797425826e-178
TNP1,0.7050001,0.5176342890270881,0.20882254599884964,2.4788237618266544,0.013181641938621735,0.014981580317557077
TNP2,0.046982713,-0.45499146396835966,0.2964087518520566,-1.5350135956695865,0.12478048848499157,0.13547386759097393
TNPO1,5320.586,0.27561423069071,0.011024225666376477,25.000779105177816,5.995283087595193e-138,2.5302232251316447e-137
TNPO2,4597.325,0.22834274078036945,0.012491649676707926,18.2796305283953,1.2023781664767278e-74,3.141583302271522e-74
TNPO3,2366.8076,0.10761304026092174,0.012537246119087436,8.583467153690583,9.205559884983648e-18,1.4020797014915993e-17
TNRC18,8049.802,-0.1225909434998971,0.014940773075544114,-8.205127196567945,2.303468825822076e-16,3.442942649211632e-16
TNRC6A,2603.3618,0.22822937952174435,0.012084623450576993,18.88593223075124,1.4888608567798977e-79,4.045338073292665e-79
TNRC6B,2151.6846,0.12177197848388245,0.01653235640196799,7.365675861511603,1.7625160466204774e-13,2.519524237687565e-13
TNRC6C,1237.2572,0.5187202807521387,0.019075448191262175,27.193084825642377,7.84077077074643e-163,3.976837372237831e-162
TNR,325.85226,5.538285287135035,0.08708539158537641,63.596031278167175,0.0,0.0
TNS1,12574.512,1.6631593856356277,0.026507183307197434,62.74372370541663,0.0,0.0
TNS3,6934.8647,0.6363575076551674,0.019720903649776012,32.268171832095284,1.956414970971555e-228,1.6204496498783518e-227
TNS4,3272.4622,-1.5143623198230054,0.059223457699097024,-25.57031248525185,3.2643677911912196e-144,1.4378897416889234e-143
TNXB,2865.5493,1.6202353931943634,0.03905299047654342,41.4881260928669,0.0,0.0
TOB1,4105.933,-0.04769427061558185,0.021927079101409994,-2.175131051199379,0.029620297165003615,0.033181447671525734
TOB2,4099.125,0.45572543316627034,0.012386931125978256,36.79082643888355,2.588180664549232e-296,3.471196979549263e-295
TOE1,631.4257,-0.12512431762146267,0.01132907086347199,-11.044534819258441,2.3297116140823296e-28,4.015118831042254e-28
TOLLIP,4133.2993,0.009260650023370226,0.015073522401835923,0.6143653604311026,0.538973920566113,0.5557059682368832
TOM1L1,1875.3508,0.03726558535951333,0.02609600218410391,1.4280189393229454,0.15328640727931156,0.16534693047576052
TOM1L2,3730.8657,0.45158862639719094,0.018849782095295205,23.957233251513543,7.767884332816475e-127,3.0383546038772446e-126
TOM1,3318.164,-0.2391092926664108,0.015379277398385979,-15.547498524963519,1.6544253333759425e-54,3.646470213510968e-54
TOMM20L,4.233716,-0.20418509472119076,0.02595537124931241,-7.866776119667327,3.638970177079056e-15,5.342211842742466e-15
TOMM20,12053.652,0.09292406292373001,0.011783919469561073,7.885666832988909,3.1286029768873153e-15,4.5959468941805934e-15
TOMM22,3192.0415,-0.33542839937841057,0.011849548253978326,-28.30727317100844,2.812193971719981e-176,1.564729627500604e-175
TOMM34,2622.0469,-0.38115720371292094,0.01453618114619202,-26.221275029499132,1.520296406566135e-151,7.105535936932953e-151
TOMM40L,1043.5366,-0.06649307754471524,0.015053403991651412,-4.417145622451385,1.0001285345668966e-05,1.2469604283941117e-05
TOMM40,3084.7307,-0.6819516759914865,0.013972102819835935,-48.808091722838775,0.0,0.0
TOMM5,2387.4822,-0.3987272261428103,0.012775802656592474,-31.20956364624669,7.902968474534919e-214,5.897966831856906e-213
TOMM6,5012.1133,-0.4004325912265386,0.012633773538784214,-31.695406760082975,1.797432993129381e-220,1.4020666018054047e-219
TOMM70A,4464.047,0.026472382825955893,0.010953872463312761,2.4167145376777457,0.015661294021786898,0.017748304202035037
TOMM7,4768.2803,-0.12133791860366111,0.015613063274461726,-7.77156388023697,7.752296562398912e-15,1.1320399204840012e-14
TOP1MT,1793.7701,-0.7771558642306245,0.018238562592733695,-42.61058733544309,0.0,0.0
TOP1P1,248.91116,-0.2948966890793677,0.01247397205816351,-23.640961171335515,1.4621242908260502e-123,5.574417310286059e-123
TOP1P2,13.984458,-0.6057904573484204,0.02361605969040395,-25.651631359763826,4.054511619376382e-145,1.8015233971820988e-144
TOP1,5426.992,-0.01784570608251662,0.012040080263946167,-1.4821916209275874,0.13828931545655807,0.1496774148527414
TOP2A,5280.6987,-0.5748426597522589,0.03252779875112145,-17.67235047629653,6.84830713803457e-70,1.7189580202594724e-69
TOP2B,7220.352,0.2875224797532367,0.01392552143257049,20.647160764892334,1.035281747030223e-94,3.1453963718532027e-94
TOP3A,1019.11127,0.04350225798880003,0.01198824001787197,3.628744329772112,0.0002848031248407969,0.0003427908258134073
TOP3B,838.34705,-0.36283423999218634,0.013029579916587434,-27.8469637789532,1.172301870121733e-170,6.303986733705326e-170
TOPBP1,2153.9893,-0.2000554907111328,0.01622020445279248,-12.333721889472926,5.962756712383293e-35,1.1051048148148517e-34
TOPORS,1197.485,0.2444077763987484,0.011611646296543477,21.04850338676808,2.36015277413821e-98,7.384409148406304e-98
TOR1AIP1,3507.005,0.6008127493108465,0.012388230442327123,48.49867397187229,0.0,0.0
TOR1AIP2,955.3863,0.2512256092948806,0.018238111800492573,13.774759802058869,3.615837007594535e-43,7.222096108860704e-43
TOR1A,2001.32,0.02879070560168611,0.00839000756801782,3.4315470359567337,0.0006001490461497687,0.0007147373167922282
TOR1B,1378.4111,-0.08950203856196282,0.01142272346055737,-7.8354377457366535,4.6721209596342404e-15,6.8436369967043315e-15
TOR2A,790.77075,-0.5797926777974626,0.012816457361812524,-45.23813885769971,0.0,0.0
TOR3A,2596.147,-0.3959011960197908,0.012852874388857773,-30.802541442636343,2.422935744663413e-208,1.7247744344616235e-207
TOX2,389.4462,0.3815044685601403,0.031221999419346603,12.219091526974484,2.4581629222391836e-34,4.5237041429872125e-34
TOX3,716.8163,-0.20703957208738896,0.055315322050468345,-3.742897345847343,0.00018191055764359284,0.00021994993722923784
TOX4,3597.0786,0.11794088774647823,0.007941872271067893,14.850514302041208,6.903697919517382e-50,1.46378239891121e-49
TOX,485.12408,0.627542317378851,0.03604629664012037,17.409342314527304,7.008442277510485e-68,1.7322432478795188e-67
TP53AIP1,83.36846,-1.8880047977632934,0.0537508638584049,-35.12510613293279,2.7896560136698503e-270,3.1257351008422937e-269
TP53BP1,2443.7544,0.2748057696429909,0.013282084985830033,20.689957181885745,4.2659180532177136e-95,1.2999524868351958e-94
TP53BP2,2731.4055,0.46212695644223206,0.014050573560050286,32.890255651640324,3.029260570298962e-237,2.6802571034644313e-236
TP53I11,4652.643,0.022196711047205317,0.023270075428685505,0.9538736182970413,0.3401476189967704,0.35744117761718014
TP53I13,1540.7517,-0.4373483139183588,0.0161089492167592,-27.1494004999008,2.5736184857397535e-162,1.3001562965552268e-161
TP53I3,1273.2274,-0.2855916097386124,0.020981495544073716,-13.61159451854606,3.417063342172157e-42,6.758767374262407e-42
TP53INP1,3036.0383,-0.0015455076812087387,0.023276657195927152,-0.06639732106718334,0.9470615029770328,0.9493931330498504
TP53INP2,3458.6006,0.590801939288931,0.021317753853866778,27.714080167116986,4.7243560307789207e-169,2.5145925341340665e-168
TP53RK,1143.3671,-0.2133207304235898,0.011356467504992016,-18.784074390193904,1.0194842072470125e-78,2.752377532865923e-78
TP53TG1,837.4283,-0.3835648622332932,0.01991158827316616,-19.26339862853654,1.0898489753694379e-82,3.029524206655706e-82
TP53TG3B,24.652279,-0.6368796310892069,0.06928809947477849,-9.191760719617328,3.864629579465973e-20,6.057899107510605e-20
TP53TG5,1.6297686,1.558982272988679,0.08507587297290478,18.32461094445882,5.265658902913868e-75,1.3795335169788116e-74
TP53,3491.7827,-0.34617798960336693,0.018061609446766286,-19.166508423497437,7.048363168180173e-82,1.9483723793751546e-81
TP63,3613.9397,-2.029262547452613,0.061152168558543114,-33.183819892011336,1.8428186341781155e-241,1.6794066505475495e-240
TP73,245.82227,-1.1799377931094144,0.03856013653720581,-30.599938150398376,1.226276308575148e-205,8.552846648263595e-205
TPBG,1648.0719,-0.3025792250151128,0.029938108811581852,-10.10682494740807,5.1527148524534576e-24,8.471624136404742e-24
TPCN1,3301.0562,0.23032157895144184,0.016528286739022888,13.934994145984783,3.8823222611039156e-44,7.842845694960768e-44
TPCN2,1038.8008,-0.26494360386187393,0.02114985447159914,-12.526970538622413,5.315454867554708e-36,9.944619155352536e-36
TPD52L1,2099.3574,-0.07717210460710752,0.031993303530582856,-2.4121330431956673,0.015859493161465645,0.01796791437252527
TPD52L2,6389.381,-0.20221787681245634,0.010860017443386704,-18.62040073753275,2.1956486824723074e-77,5.861685225079164e-77
TPD52L3,0.49526194,-0.13915830187086844,0.13480004985610874,-1.0323312344425086,0.30191697374985804,0.3185163057608747
TPD52,6455.1733,-0.2709533936431874,0.025654698363822243,-10.561550551117785,4.491800500872771e-26,7.56460967799394e-26
TPH1,16.95194,-0.23291872831122246,0.048935288431892536,-4.759729344098902,1.9385273699524752e-06,2.452857596324577e-06
TPH2,1.0449848,0.937507637043461,0.08876396564237643,10.5618043342116,4.47967111828244e-26,7.544806775075462e-26
TPI1P2,45.856056,-0.01722043589064935,0.019297012738802022,-0.8923886885363796,0.37218463192220463,0.3898192674814366
TPI1P3,91.94891,-6.925433534402351,0.07511125618331758,-92.20233938705593,0.0,0.0
TPI1,23980.535,-0.40544620346831606,0.016336093621697426,-24.819042597173087,5.585173454620845e-136,2.329615782885183e-135
TPK1,283.02322,0.1541899398855606,0.0271278792710727,5.683818419598252,1.317201295001949e-08,1.7339261066173984e-08
TPM1,11940.18,1.0031420381649683,0.025798974210040116,38.88302030917874,0.0,0.0
TPM2,9847.422,1.290774041552928,0.03413927258459404,37.809066914197025,0.0,0.0
TPM3,17467.42,-0.30379045563360807,0.012954342091251052,-23.450859448800447,1.295482397522746e-121,4.860804668478729e-121
TPM4,23975.074,0.14713602719622798,0.019674908574553954,7.478358877180382,7.52564552122648e-14,1.08240633816072e-13
TPMT,2355.1855,0.17005599141817213,0.018196460264921648,9.345553417661057,9.141016591432167e-21,1.4446666417091092e-20
TPO,1671.3436,3.5219572655016482,0.09542485642127956,36.90817463694144,3.4168635023998385e-298,4.6562198156197e-297
TPP1,11841.635,0.17205749589945443,0.017998988750440145,9.559286818002315,1.1857094684139156e-21,1.890653122449789e-21
TPP2,2156.773,0.09072612536359866,0.012324627116930812,7.361368786481557,1.8203389247094238e-13,2.601634269439042e-13
TPPP2,3.1865613,0.7313497303700797,0.09246295901065121,7.909650936931754,2.5811158698808492e-15,3.797711786868845e-15
TPPP3,1819.0773,-0.2344414379751962,0.03630725417090674,-6.457151424110056,1.0669213102638568e-10,1.4575220395666553e-10
TPPP,1389.776,1.1950879672705073,0.03637809295674326,32.85185863622844,1.0714896819684434e-236,9.435319392385614e-236
TPRA1,1892.0057,-0.3641720964280214,0.011240434041945514,-32.398401615903246,2.890723683656345e-230,2.4258962685721155e-229
TPRG1L,3547.5056,-0.03564260740402105,0.013446221267002324,-2.650752705631115,0.00803126213467047,0.009199823653843251
TPRG1,361.93164,-0.7033792706088791,0.047203560777247064,-14.900979058086653,3.2478519517091617e-50,6.903635193657008e-50
TPRKB,765.89374,-0.24642157393066116,0.01223892396733046,-20.134251555809804,3.698583825889797e-90,1.0875139819654879e-89
TPRN,1552.6604,-0.6662405293095094,0.02004841809043526,-33.23157599288898,3.768118024005223e-242,3.4494206317770834e-241
TPRX1,0.6326613,-0.8535447735364102,0.14826692488054682,-5.756811738181525,8.571741361935263e-09,1.1326069729208206e-08
TPRXL,98.25403,-1.7943992626795695,0.05270022116542094,-34.049178978720455,4.173942707839504e-254,4.175788677587442e-253
TPR,6515.0625,0.15310419560844465,0.011903533566093135,12.862079546241416,7.357039697685105e-38,1.4006168992441655e-37
TPSAB1,828.5341,0.10097047523177519,0.04424288849541524,2.282185423816496,0.022478395294529035,0.025306218192950487
TPSB2,1207.7529,0.13314630844456796,0.044223906873222626,3.010731476670765,0.002606192165441343,0.003039611955557992
TPSD1,55.825294,-0.2988492508848601,0.059573780706474545,-5.016456020431499,5.263331762002441e-07,6.735145904626505e-07
TPSG1,42.851562,-1.1827902815959588,0.06293615720209543,-18.79349382260311,8.536949131327564e-79,2.3066190758420422e-78
TPST1,939.2051,0.7249937801907818,0.02193649037284407,33.04967056572898,1.5726444937531844e-239,1.4148240940486558e-238
TPST2,1725.4598,-0.03564211379932241,0.01949717804795628,-1.828065257015923,0.06753975842375375,0.07436678971061128
TPT1,123996.16,-0.06775922896016887,0.014984556943459492,-4.52193743304133,6.127617371914305e-06,7.67563908661806e-06
TPTE2P1,48.15997,0.8553491126184012,0.03912035299261233,21.864555076482294,5.651360751893102e-106,1.882769653866661e-105
TPTE2P3,4.4392734,0.2098280071956355,0.061262903311409635,3.4250418418638184,0.0006147047430379238,0.0007318581206730463
TPTE2,3.8347983,-0.3242525078213648,0.05174963553968014,-6.265793071580904,3.709326464047802e-10,5.024830493149857e-10
TPTE,20.389717,-0.6362550131839129,0.06607558870012542,-9.629199310981019,6.0196694490549425e-22,9.63781458896741e-22
TPX2,3316.146,-0.7137796148924442,0.03088019185828117,-23.1144812236984,3.311185174709135e-118,1.2117997298562516e-117
TRA2A,2621.9631,-0.15046811386242911,0.010867792323163884,-13.845324734602963,1.357658063189812e-43,2.727238333347941e-43
TRA2B,5747.539,-0.14892650872660976,0.00928359030655202,-16.04190876685961,6.512166404574813e-58,1.4792055766008996e-57
TRABD,2379.7424,-0.8537730258363179,0.01458084838405212,-58.55441352576827,0.0,0.0
TRADD,1133.8273,-0.4263432755531391,0.01668544270370789,-25.551810828393293,5.242034711332707e-144,2.3045256896571493e-143
TRAF1,835.8624,-0.03925343139303083,0.024124564334134124,-1.627114622645877,0.10371275595988197,0.11311340861344818
TRAF2,1248.4365,-0.654619844181238,0.013948850700674089,-46.93002013059062,0.0,0.0
TRAF3IP1,1023.6476,0.11926233085735187,0.01210070439255681,9.855817230830842,6.46882806978268e-23,1.0488083990818314e-22
TRAF3IP2,1764.5988,-0.2858544779816666,0.01762069082228031,-16.22266010253245,3.4875705468495746e-59,8.006703739660633e-59
TRAF3IP3,346.16245,-0.8266852840575848,0.03205902868757802,-25.786348429760828,1.2616318989465574e-146,5.6726068530594e-146
TRAF3,597.34515,-0.1721287214583297,0.014370591764359822,-11.977845051949929,4.642343453573244e-33,8.417658565309733e-33
TRAF4,3902.5237,-0.5350603548127008,0.01783914789563877,-29.993604960442628,1.1891157955150881e-197,7.756875514543955e-197
TRAF5,1063.702,-0.2715444693912384,0.02340784693444094,-11.600574377975093,4.093217404108055e-31,7.286972117019578e-31
TRAF6,413.36847,0.2863093895940636,0.012632105710751388,22.66521482244889,9.876509695953661e-114,3.490900362845844e-113
TRAF7,5680.7876,-0.4905609041821916,0.011495849710585196,-42.672870342980474,0.0,0.0
TRAFD1,2279.5642,-0.05599681133774342,0.011570933829315405,-4.839437521963296,1.3020711558743384e-06,1.653497172058736e-06
TRAIP,282.09064,-0.7088149254670328,0.021272609183194447,-33.32054471376286,1.9463647403929165e-243,1.7987308102432767e-242
TRAK1,3824.9343,0.037221010773527144,0.01517317608320951,2.453079735541694,0.014163893868909802,0.016082694661301432
TRAK2,3125.6343,0.6414417879367126,0.016763868722912873,38.26335069422187,0.0,0.0
TRAM1L1,184.03976,0.819383404251885,0.031884899210431576,25.69816510455873,1.2254083244762603e-145,5.4626862443643935e-145
TRAM1,11437.897,0.10418428833339728,0.015881472968556368,6.560114955311206,5.376631365815355e-11,7.376202019988869e-11
TRAM2,2381.439,0.35470441765720695,0.018474043047502116,19.200151084695385,3.690171045542805e-82,1.0220132269923271e-81
TRANK1,1545.7279,0.04857835634296974,0.020388002536560156,2.382693265603538,0.017186507955111553,0.019436735665932455
TRAP1,5312.675,-0.42932373530296347,0.013888276605230617,-30.912671709121287,8.070634825315834e-210,5.801908700868822e-209
TRAPPC10,2542.0173,0.03634237501646414,0.010625250925269957,3.4203780477345087,0.0006253416661590759,0.000744391684577713
TRAPPC1,3677.8572,-0.3446326911042457,0.013295507520853159,-25.920988015215762,3.863048949224766e-148,1.7598526193167827e-147
TRAPPC2L,1558.5867,-0.36763440280585596,0.01508820339402539,-24.36568444931167,3.953943220803733e-131,1.5994104914036001e-130
TRAPPC2P1,342.45197,-0.17454167386734745,0.014247037454005589,-12.25108549274394,1.6576222156931483e-34,3.0549045613557355e-34
TRAPPC2,724.47406,-0.04459503728158807,0.01204740906459716,-3.7016288765885976,0.00021421979998428482,0.00025860070607056356
TRAPPC3,2595.4646,-0.11164740631024131,0.00997183403109346,-11.196276027269443,4.252353523257764e-29,7.388092283666566e-29
TRAPPC4,1838.3531,-0.04877404199646251,0.011407609268874398,-4.275570879653305,1.9064813217953723e-05,2.3610957619339368e-05
TRAPPC5,1885.6823,-0.8053576966808073,0.019040218842306375,-42.297712192852764,0.0,0.0
TRAPPC6A,1083.5685,-0.5513712389154213,0.01918903689478945,-28.733658804165383,1.4495592800352643e-181,8.405462085513514e-181
TRAPPC6B,1352.316,0.226717418260991,0.011096876115269109,20.43074248157387,8.913623675854501e-93,2.6694978584395675e-92
TRAPPC9,2144.5508,-0.12345430881039561,0.013452363571651464,-9.177146317287638,4.42666589252243e-20,6.931432926154757e-20
TRAT1,73.22133,-0.7198919045138129,0.044313041355197993,-16.245599094483467,2.3998550071440266e-59,5.51638795195272e-59
TRDMT1,268.99362,0.3115243193365587,0.017965790182311037,17.339861824907814,2.3530188856935226e-67,5.7926374236801e-67
TRDN,49.4883,0.2761899484917682,0.08649302436096606,3.1932048917509186,0.0014070307257720786,0.0016558230373406792
TREH,43.153267,0.69186142103162,0.07366314821827885,9.392232585301599,5.874169339484036e-21,9.295935762343993e-21
TREM1,325.81842,0.04840261648481822,0.046931129665128524,1.031354174301563,0.3023747621978907,0.3189662064034641
TREM2,752.70233,0.5331373063894878,0.03297952351467172,16.16570676505708,8.802262146945782e-59,2.0151271230143842e-58
TREML1,9.3322525,0.2924447394506091,0.036755132529851124,7.95656876527643,1.7687584851678533e-15,2.6099988402937107e-15
TREML2P1,0.031859025,-0.45081836303261064,0.5489325995880325,-0.8212636002506399,0.41149613639927984,0.42920486915072176
TREML2,52.3802,-1.4074780005626033,0.046337541835476344,-30.374464091339178,1.194442791367737e-202,8.146620029968428e-202
TREML3,11.749303,-1.3335464281258118,0.057698025454912406,-23.11251412178567,3.4655022794715615e-118,1.2680474641941323e-117
TREML4,3.6003718,-0.8275845422525785,0.06523416093197584,-12.686367547757042,7.037469433690751e-37,1.328103820916852e-36
TRERF1,881.6504,-0.24193007036165318,0.02412418617858312,-10.028527742686423,1.1420675773374762e-23,1.867278654594738e-23
TREX1,1020.5591,-0.5146917156859433,0.016883200563864387,-30.48543513648432,4.0648129478974666e-204,2.800525441835686e-203
TREX2,30.962168,-1.0319174659335322,0.03715824087367416,-27.77089123895055,9.749280553192262e-170,5.209595873554889e-169
TRHDE,178.00754,1.1234481664382805,0.057660764557102,19.483754248969753,1.508051664586333e-84,4.248882346984937e-84
TRHR,0.72769886,1.3920727538001367,0.09316136291156221,14.942597556474427,1.7405598498973905e-50,3.7067006259478004e-50
TRH,83.485596,-0.6047945152042703,0.07962614909066437,-7.595425901052125,3.067817413989896e-14,4.439384087811522e-14
TRIAP1,1204.4375,-0.24900007578408323,0.011777879426572907,-21.141333406954104,3.3157661394509795e-99,1.0425588082329342e-98
TRIB1,5343.3223,0.21452677579752732,0.02453756310103396,8.742790590663326,2.2742198142858535e-18,3.4883478640130855e-18
TRIB2,3245.7654,0.5053393598628672,0.026123699619217202,19.344096250866695,2.2857619547194808e-83,6.391406075557466e-83
TRIB3,2009.7471,-0.3370026403988496,0.027153693767574958,-12.410931760645934,2.2798407522836617e-35,4.239225306031881e-35
TRIL,1100.1014,1.6496216040907556,0.0344409801276399,47.897057458213446,0.0,0.0
TRIM10,52.37045,-0.06312446021369791,0.0712546811823232,-0.8858991320468891,0.37567188388947304,0.39320877508126995
TRIM11,1529.6252,-0.6176167370991822,0.012025322812334784,-51.359680462438114,0.0,0.0
TRIM13,1513.1273,0.10664235443129325,0.01247098005337253,8.55124087881561,1.2177219221339927e-17,1.8506718880804688e-17
TRIM14,2373.4417,-0.3018224328735393,0.0182766885013229,-16.514065600652593,2.906273544517609e-61,6.789308444387149e-61
TRIM15,249.28656,-1.0018632865218655,0.08026025069045063,-12.48268324485893,9.280553945409418e-36,1.7331021626728153e-35
TRIM16L,681.3805,-0.6946544913982526,0.02993092790547998,-23.208585233038168,3.7294105683975574e-119,1.3767374390209586e-118
TRIM16,2227.4475,-0.8780547808484753,0.02617397159669388,-33.54686840721511,1.0001214341295538e-246,9.505822725230431e-246
TRIM17,132.43887,-0.6098768373691773,0.04140822576654728,-14.728398188503945,4.2362828951347826e-49,8.9226653695478e-49
TRIM21,1075.9767,-0.2003138021764651,0.014842472639588843,-13.4959859479326,1.651311732962954e-41,3.248217929603167e-41
TRIM22,2734.1636,0.16021493045196702,0.024592137353818343,6.514884336683772,7.274569025671015e-11,9.961858531891855e-11
TRIM23,697.7781,0.8435389849262015,0.01637097339900672,51.52650147103542,0.0,0.0
TRIM24,1933.3177,-0.02100078632640715,0.016627572172337787,-1.2630097833130922,0.20658566381401144,0.22075779601036422
TRIM25,2782.2336,-0.2183767171118484,0.013815021117669876,-15.807193869037032,2.7755720064967954e-56,6.2069277768308725e-56
TRIM26,3506.381,-0.17358194518339715,0.010261860509168233,-16.91525089707799,3.4733431170319906e-64,8.313401424835916e-64
TRIM27,3391.5603,-0.19015143299338816,0.009884149686786668,-19.23801632097766,1.7788694131016041e-82,4.939443859974845e-82
TRIM28,15101.33,-0.48105870268356155,0.013608482995596576,-35.34991393524335,1.005652728324027e-273,1.153469515264725e-272
TRIM29,7573.3687,-1.9811548117638171,0.05697415288971821,-34.77286999946505,6.254814475913637e-265,6.744797029402846e-264
TRIM2,4141.944,0.32859299859950075,0.027277170883667174,12.04644719208227,2.0249111683445223e-33,3.685754714021111e-33
TRIM31,538.4365,-2.0207155443499425,0.0665861447843961,-30.34738759681849,2.720014283174565e-202,1.8508279007737626e-201
TRIM32,901.4936,0.13223040420126073,0.012417349659042747,10.648842774993126,1.7654604905164966e-26,2.989272299270239e-26
TRIM33,2427.922,0.17784686996754506,0.013526337278881305,13.148191287911896,1.7429391029155262e-39,3.371128367495459e-39
TRIM34,370.55356,0.06864677685938496,0.017447480357415616,3.934480822052243,8.337672546110796e-05,0.00010174829189370597
TRIM35,1021.79376,0.11463146662825327,0.01277618357994156,8.972277668913835,2.9044513160254125e-19,4.508021982386321e-19
TRIM36,349.65128,0.055601826782188266,0.03768339155922549,1.475499536574384,0.14007829277748374,0.1515251029518512
TRIM37,1620.8744,0.38044964899248074,0.014419420736025933,26.384530693521786,2.0622315515559628e-153,9.763947013518104e-153
TRIM38,1339.9481,-0.049437370875119076,0.01783548205960146,-2.7718550420960013,0.005573785149992218,0.006419817372068996
TRIM39,865.36676,0.20436651869594935,0.009377960937195926,21.792212621121916,2.7503564742805903e-105,9.10924149339166e-105
TRIM3,611.6336,0.14174588495282253,0.017402603001545922,8.145096738702298,3.7897880172461497e-16,5.647097580554371e-16
TRIM40,11.591873,-1.811564583834247,0.09861027540916255,-18.37095146847062,2.244425533008647e-75,5.899078159891951e-75
TRIM41,1799.2952,0.06595523201011232,0.011438259855700728,5.766194582232786,8.108144117337135e-09,1.0719767912518133e-08
TRIM42,0.29754332,-0.5209074147271083,0.12828732370765525,-4.06047456344297,4.897307271406499e-05,6.007367520549793e-05
TRIM43,3.7386482,-1.453767395483916,0.1374232420868201,-10.578759265230165,3.738762672834867e-26,6.302680239814941e-26
TRIM44,2450.525,0.4300863237097347,0.016910650005284963,25.43286766477474,1.0923492106959673e-142,4.757034776590203e-142
TRIM45,383.00772,-0.07797526032414738,0.02247460225496704,-3.469483439107996,0.0005214602147088215,0.0006222617965686007
TRIM46,183.4555,0.2554142833109078,0.032878795920924686,7.768358790425088,7.950957788195463e-15,1.1605502553044983e-14
TRIM47,2348.7156,0.12310519155724291,0.021928390923413376,5.613963741671582,1.9774366716520357e-08,2.5949873145651537e-08
TRIM48,3.0050862,-0.5620979228626233,0.1765660878194354,-3.1834987669741572,0.001455067330407283,0.0017116905970196784
TRIM49L,2.6840644,-0.7725437800575191,0.13984893329542822,-5.5241306590843635,3.311209896984364e-08,4.3279996335840186e-08
TRIM49,3.1084533,-1.7453982299004664,0.12923844665782408,-13.505255402222836,1.456079159475331e-41,2.8652924422731743e-41
TRIM4,1858.1844,0.2639411611006554,0.0139715383007889,18.89134577870728,1.3437601011329372e-79,3.653039377615899e-79
TRIM50,47.987522,-0.8892561042396674,0.05989619500899837,-14.846620959913595,7.316467497913704e-50,1.5509783609956799e-49
TRIM52,380.03134,0.12617116785601998,0.016585436238466377,7.607346954395622,2.7977951657577444e-14,4.050655083178916e-14
TRIM53,1.5548978,-1.290003242600428,0.14622849171335003,-8.821832376751898,1.1260172492957936e-18,1.7334279908062806e-18
TRIM54,94.57068,-0.6661379065531753,0.05969551183046784,-11.158927800886815,6.4767969446768e-29,1.1232737796803388e-28
TRIM55,214.69965,0.38670471849213506,0.07116877727515775,5.433628808838882,5.521938924325469e-08,7.192192090099304e-08
TRIM56,823.80414,0.08446659268080937,0.02105488592995518,4.011733569196743,6.027450236311423e-05,7.379892913222531e-05
TRIM58,301.33765,0.022604393080534767,0.04832794825576225,0.46772921045411014,0.6399782492986221,0.6550358040053615
TRIM59,524.41736,-0.37770728798987174,0.02330255432380028,-16.208836282127958,4.367606273932184e-59,1.0020294808540155e-58
TRIM5,1047.782,0.10221874482147421,0.015024797671210682,6.80333586237488,1.0222394672647138e-11,1.4212779699544019e-11
TRIM6-TRIM34,1.7235311,0.7453516952092052,0.17851088400757928,4.175385155661202,2.9748230371726622e-05,3.668570005075912e-05
TRIM60,2.7864962,-1.9095361211769653,0.20010417398731103,-9.542710095083036,1.3914759790921394e-21,2.217365330176649e-21
TRIM61,15.970467,0.4830947625322803,0.04307547407775697,11.215077091437923,3.438866314701083e-29,5.980854203058204e-29
TRIM62,588.72205,0.052131173910209036,0.017180523808088977,3.0343180739148656,0.0024108010774684732,0.0028159207766024464
TRIM63,200.26906,-0.7854149391579207,0.0754459370698857,-10.410301331805178,2.2251619905144e-25,3.7196874098762357e-25
TRIM64,0.11336162,-0.4539394268819166,0.30825104171417905,-1.4726290115925214,0.14085109759792142,0.15234487042427253
TRIM65,1295.6497,-0.16147665689090512,0.011406175562903003,-14.15694997857875,1.691789820682791e-45,3.456412339114997e-45
TRIM66,573.4662,0.05917597398598446,0.018202868054895096,3.250914845260932,0.0011503430689680629,0.0013577502777622349
TRIM67,120.54851,3.051798302842898,0.05279763459555942,57.80179976281687,0.0,0.0
TRIM68,765.98065,0.15426068089045633,0.01814144375619544,8.50321964247058,1.8440353580533984e-17,2.794396416420479e-17
TRIM69,56.506493,0.6112549668938007,0.02612371933985089,23.398466311087294,4.430016502049994e-121,1.6548753388116666e-120
TRIM6,314.90945,0.4612843437685438,0.030397237573384868,15.17520605794896,5.161539401398576e-52,1.1124685652453272e-51
TRIM71,21.552725,-0.6381796200690592,0.08971308217098078,-7.113562533196403,1.1308521199672853e-12,1.5972678167346997e-12
TRIM72,17.849194,-1.2292343420025005,0.07870192438166297,-15.618860042625641,5.416538985070465e-55,1.1987750537781236e-54
TRIM74,25.5154,-1.8764110582771034,0.04647245758998861,-40.37684158716263,0.0,0.0
TRIM77,0.03357266,-0.4482065935780175,0.3686491463924117,-1.2158080330963799,0.22405805798232648,0.2388021150906808
TRIM78P,19.578175,-0.11403822103153675,0.028529424718735145,-3.9972141799497405,6.409230653583271e-05,7.842620920561474e-05
TRIM7,291.99982,-1.1243556177057057,0.03674395361272005,-30.599745186823753,1.233546228302428e-205,8.60060536370176e-205
TRIM8,5513.0728,0.17295729809386612,0.013329666905993142,12.975365349609968,1.6878958356645409e-38,3.2345511406527096e-38
TRIM9,961.67834,2.855664947108743,0.04843252210324582,58.96172288986296,0.0,0.0
TRIML1,1.5092127,-1.463603578874736,0.10745408474696794,-13.620734682364272,3.015191415053675e-42,5.96794497560546e-42
TRIML2,23.4859,-2.0399099345779184,0.09872100065170716,-20.663383891081363,7.399288367290327e-95,2.251077583228687e-94
TRIOBP,4054.6052,0.013386331596849006,0.013733378773030056,0.9747296581623024,0.32969437730934625,0.34672492523585824
TRIO,3840.1265,0.4647084667606595,0.019394685391999983,23.960608659955103,7.1634112572873545e-127,2.8035349824512355e-126
TRIP10,2614.9468,-0.19349805513217366,0.019284028151750395,-10.03410976220806,1.0792856152976704e-23,1.7650554937621713e-23
TRIP11,1616.6083,0.34611212799357416,0.015062763760545243,22.977996169611675,7.737575351798305e-117,2.797040067245414e-116
TRIP12,6262.558,0.1819242652851991,0.01123351293025723,16.194779532873454,5.4894109944973995e-59,1.2584046665575111e-58
TRIP13,858.0249,-0.8056195090378274,0.029362035398767528,-27.437454457658045,9.807501268829369e-166,5.089750658478131e-165
TRIP4,1107.9077,-0.029679333015055206,0.010467188722165623,-2.8354636381214173,0.004575922380384502,0.005289343311318235
TRIP6,3606.2908,-0.20749564952524768,0.020320848908304504,-10.21097349139044,1.770791850237891e-24,2.929115313535361e-24
TRIT1,947.0815,-0.3122595383450604,0.014393716020050287,-21.69415722181029,2.3295449603507926e-104,7.648315730975936e-104
TRMT112,5471.849,-0.4419749738682156,0.014085833114551461,-31.37726893921741,4.13293925064396e-216,3.1373046310164195e-215
TRMT11,536.5392,0.146482063102246,0.013147219208617902,11.14167648518617,7.862516266229228e-29,1.3619753991675388e-28
TRMT12,719.61835,-0.08345750575378304,0.014081529119667176,-5.9267360131522135,3.090151403503838e-09,4.118650895183937e-09
TRMT1,1788.5709,-0.5029108601093748,0.014559708437768236,-34.541272736259735,1.9273875293547476e-261,2.019541055591009e-260
TRMT2A,1741.9675,-0.3645051246572696,0.012935447375927783,-28.178779911052427,1.0643577284053394e-174,5.87242791127488e-174
TRMT2B,814.9259,-0.18251677956480872,0.012561598862088708,-14.529741123612059,7.851659606119574e-48,1.634310785410371e-47
TRMT5,985.9402,0.16563701768887346,0.010500077356239038,15.774837848261532,4.635871431666404e-56,1.035114131139464e-55
TRMT61A,1288.4943,-0.26937096490048446,0.014384359931440195,-18.72665632564677,3.001877295825017e-78,8.066950879844445e-78
TRMT61B,608.27856,0.01962302197330996,0.009325366496779569,2.104262816918412,0.03535552765296764,0.03947371469628562
TRMT6,1014.15283,-0.3148020129656973,0.01328206547825519,-23.70128452393773,3.49738167409328e-124,1.3414316786523189e-123
TRMU,770.2495,-0.388138287304186,0.014002196661576984,-27.719814018129377,4.02932988364019e-169,2.1463403218480017e-168
TRNAU1AP,718.46136,-0.20642668994667893,0.012419668021921172,-16.6209507035396,4.91470452515427e-62,1.1564779175637517e-61
TRNP1,949.91003,-0.44791310941587953,0.03515389697597329,-12.741492350677811,3.4767989879363138e-37,6.5808990884525305e-37
TRNT1,677.2549,0.08379110104667956,0.012323423370034354,6.799336396283039,1.051021436914407e-11,1.4607963840893237e-11
TROAP,785.55066,-1.0585861404864805,0.03322533294673817,-31.860813620241093,9.324101178731213e-223,7.412314560632127e-222
TROVE2,2322.8118,0.3384028217848939,0.011630341436740237,29.096550916027255,3.969344561579552e-186,2.382425882346642e-185
TRO,796.5951,1.163239354299501,0.03329519243848897,34.93715666153669,2.029119919942412e-267,2.21982012090852e-266
TRPA1,147.55028,-0.2193607701840168,0.05853982367670921,-3.7472058575962572,0.00017881533204774767,0.00021623315188643946
TRPC1,309.12253,1.1207779967806815,0.026636349180824123,42.07701247540129,0.0,0.0
TRPC2,12.081444,-0.16059158884947075,0.052201976697850455,-3.076350724781721,0.0020955119931491137,0.0024522922727207453
TRPC3,29.777874,1.2861469887726176,0.04223565300135221,30.451689446625593,1.1377703018486789e-203,7.812433583587606e-203
TRPC4AP,5365.4727,-0.1460320812706079,0.008118829554498443,-17.986839148470008,2.4705389488302074e-72,6.323573354190872e-72
TRPC4,61.33908,1.6501824911771352,0.03483101261715036,47.3768164398587,0.0,0.0
TRPC5,36.64563,1.6531172599956816,0.08686801154711236,19.030218725556104,9.585179928097848e-81,2.628211153618102e-80
TRPC6,227.89865,0.6759268018751378,0.034092646507347495,19.82617576284273,1.7699617336720192e-87,5.10550452477028e-87
TRPC7,2.4788117,0.7039948166396706,0.10148511311304574,6.936926954552246,4.007208859997435e-12,5.609376043776663e-12
TRPM1,143.32047,-2.272045918146946,0.10608622999814396,-21.416972949144263,9.28287090655382e-102,2.97809594684099e-101
TRPM2,790.90894,-0.6367902166661006,0.02656059849842897,-23.974995017667467,5.071206532807037e-127,1.9889172375538137e-126
TRPM3,62.38569,2.4176124361802036,0.05876359272415805,41.14133129212689,0.0,0.0
TRPM4,3297.1304,-0.7167634187053517,0.03055670387064473,-23.456830348574773,1.1259069771600008e-121,4.226874451041944e-121
TRPM5,27.34438,-1.3637167657701292,0.05981505778624746,-22.79888737453785,4.703162513629427e-115,1.6783818687989744e-114
TRPM6,106.23233,-0.23232525746025162,0.043750719198023376,-5.310204305641401,1.0950241200660889e-07,1.4197029905384643e-07
TRPM7,1989.933,0.15898063075999871,0.015168350682172541,10.481075635128194,1.0553650961146157e-25,1.7714715138756255e-25
TRPM8,1116.7812,-0.18963593191276384,0.077717511118278,-2.4400669705461566,0.014684539330978111,0.01666457838569584
TRPS1,3347.421,0.336685070370604,0.03972059909949248,8.47633414408661,2.324006559004153e-17,3.5175414121452345e-17
TRPT1,1043.0967,-0.3564672485938086,0.014350571335818447,-24.839934261298765,3.3219350480306283e-136,1.3875928527463184e-135
TRPV1,393.91925,0.02818429427291892,0.019275362638391094,1.4621926861590526,0.14368841529216808,0.15530645821476163
TRPV2,1085.5936,-0.14338930722266852,0.03093213811427168,-4.635609303597108,3.558876048073754e-06,4.477238921258948e-06
TRPV3,43.768276,-0.761258410017092,0.04846284745623016,-15.7080825823252,1.3314540826828663e-55,2.9621979750126188e-55
TRPV4,582.466,-0.19337679001232352,0.035739614092471915,-5.410712872052411,6.277435310638934e-08,8.16836926302557e-08
TRPV5,2.15311,2.0527015755764917,0.06958915062890009,29.497436842173688,3.105335919505841e-191,1.9274857922322996e-190
TRPV6,584.7668,-0.10592945218623565,0.06032204501552679,-1.7560653349694888,0.07907725330660363,0.08675614593248604
TRRAP,4477.766,0.07320254609316582,0.013143934959030004,5.5693022159148,2.5576153077523605e-08,3.350739385491011e-08
TRUB1,1115.1443,0.1126834123354818,0.013269256525402034,8.492066764989133,2.029943332414028e-17,3.074285226855404e-17
TRUB2,1692.7305,-0.25537872191818095,0.01125044874755372,-22.69942538725045,4.538886676419316e-114,1.6087603385310035e-113
TRY6,91.36516,-1.4290103587158258,0.1065043697019302,-13.41738712425738,4.782807829111816e-41,9.372719664345698e-41
TRYX3,0.11571902,-0.41960269704814057,0.2262869984687314,-1.854294324851022,0.06369706360749475,0.07025726069915406
TSC1,1843.4374,0.2697547778665384,0.012421125822922876,21.717417705302747,1.4045524583865954e-104,4.620339877248779e-104
TSC22D1,14383.558,0.6727546352150223,0.020226786179379414,33.26057977024916,1.4353992197307276e-242,1.3175515200404816e-241
TSC22D2,1265.9635,0.15395203795948625,0.016587050264593485,9.281459663030647,1.671724473432311e-20,2.63283349227264e-20
TSC22D3,7670.4346,0.533706923324744,0.024797775852682,21.52237065514975,9.61201347425864e-103,3.118084485698401e-102
TSC22D4,3906.1333,0.31771686226242635,0.01818182526892409,17.47442061306462,2.2441357339372563e-68,5.569034545005924e-68
TSC2,4341.0957,-0.057606975485733736,0.0120077370192886,-4.797488102312443,1.6066774953096655e-06,2.035364764296527e-06
TSEN15,1433.7737,-0.024590628220401606,0.012974738166224981,-1.8952697083640868,0.05805667913141513,0.06418898286284787
TSEN2,427.27615,-0.20699648217705835,0.013029237456793233,-15.887075729756829,7.787671559935444e-57,1.7496050020826054e-56
TSEN34,2443.7441,-0.29558460487442206,0.011174280715948668,-26.452226535936607,3.439768622966292e-154,1.6377513890311213e-153
TSEN54,1313.7427,-0.6831970887074102,0.012845502162758708,-53.18570500794548,0.0,0.0
TSFM,1651.0457,-0.04632740763130543,0.015430747965063022,-3.0022788095687893,0.0026796662898554155,0.003124052338954727
TSG101,3146.1384,-0.031031718646246636,0.008476279884591348,-3.661006841298129,0.00025122604971156295,0.00030282481622721785
TSG1,4.5822697,0.5724097592716806,0.07822274010758569,7.317689951597219,2.5227589931990796e-13,3.595439295942601e-13
TSGA10IP,7.9033866,-0.1670128992262447,0.05680009577428422,-2.9403629861810625,0.003278279520054156,0.0038088508102940453
TSGA10,157.75284,-0.03825040129170645,0.023642515071846608,-1.617865154171133,0.10569166130391233,0.11524081686409335
TSGA13,0.91871756,-1.5818382782892626,0.08171858073397921,-19.3571433091657,1.7745734299401132e-83,4.967488032469512e-83
TSGA14,655.51276,0.17862978469110516,0.016053064224935867,11.127457175037796,9.22290234437144e-29,1.5969473450336636e-28
TSHB,0.1795849,0.08613606077713777,0.11939238190960287,0.7214535751732896,0.47063049413767855,0.48800887389981656
TSHR,1282.5033,2.0039535582169,0.07441807933540502,26.928316023650755,1.0238640895215654e-159,5.077916930224007e-159
TSHZ1,1724.9044,0.5112534115417562,0.01696060024869692,30.1435918567231,1.3014867221745446e-199,8.64219444773371e-199
TSHZ2,251.34207,0.6040439591406846,0.03462307334434213,17.446283671388564,3.6737114937699222e-68,9.105562734558297e-68
TSHZ3,632.551,1.1227866187140367,0.024776967687016364,45.31573971831912,0.0,0.0
TSIX,822.1688,-1.563583276844072,0.07328529745076348,-21.335565675974244,5.309838300313765e-101,1.6920174981388e-100
TSKS,17.73048,-1.1818018938843682,0.0526315464273888,-22.454249857826202,1.1630339962782719e-111,4.051712719067306e-111
TSKU,4188.0767,-0.36371515688808725,0.028037410252975046,-12.972494734940557,1.7523268713360098e-38,3.3570737530375294e-38
TSLP,77.21411,0.32110680024069926,0.04029351918798442,7.969192235173486,1.5971485280611927e-15,2.3584787758611606e-15
TSNARE1,644.12946,-0.2719885047388242,0.01490341047729962,-18.250084781138387,2.0658842474631963e-74,5.3846290352199736e-74
TSNAX-DISC1,2.0784729,-0.0017646004484703698,0.06458544825614962,-0.027321950936561784,0.9782029490869044,0.9790685728558226
TSNAXIP1,102.363686,-0.030386031071535795,0.03526782806651571,-0.8615793128578044,0.38891905892577416,0.4065100688299536
TSNAX,2216.9753,0.10254359405920888,0.011468423198950618,8.941385601168939,3.843208164340603e-19,5.956899506494887e-19
TSN,4327.36,0.03995772432571474,0.009364880213583936,4.266762992628064,1.9832966282436287e-05,2.4550335048587606e-05
TSPAN10,406.41153,-2.0712944188583045,0.048734904973743345,-42.501250797026174,0.0,0.0
TSPAN11,750.0559,1.2564310464541613,0.03759384750269218,33.42118803786139,6.750173100460698e-245,6.324287811885842e-244
TSPAN12,1693.4381,0.7489280510271432,0.03613216915895837,20.727458894934873,1.958625236354618e-95,5.9819458726288135e-95
TSPAN13,4898.963,-0.2757631111278384,0.02993221854232519,-9.21291920737181,3.1737388384325135e-20,4.981047564881864e-20
TSPAN14,6238.0234,-0.20069004293410866,0.014447906204612745,-13.890597024365709,7.223073281571195e-44,1.454401631287785e-43
TSPAN15,2665.5647,-0.3418223241741036,0.02622135459990349,-13.036028435211415,7.633079040690246e-39,1.4678554471466204e-38
TSPAN16,0.5677659,-0.4952740760567576,0.07118748471884576,-6.957319506551433,3.4680783411057414e-12,4.860036271102133e-12
TSPAN17,2226.3047,-0.39652357295458507,0.012325471450413036,-32.17106741513707,4.482603605356747e-227,3.6695346522500214e-226
TSPAN18,1651.2869,0.9339234290321268,0.031184299048080184,29.948514397973053,4.600307181399372e-197,2.9874849730816527e-196
TSPAN19,9.003609,-0.37034894745039404,0.08892396608619427,-4.164782158854832,3.116499879972574e-05,3.841657850348852e-05
TSPAN1,7932.589,-0.4557144678100475,0.049387371960369825,-9.227347998507167,2.7741512766773624e-20,4.357943351996483e-20
TSPAN2,365.3406,1.191423041703217,0.03495201676949142,34.08739042329526,1.1342175397891658e-254,1.1397598663656283e-253
TSPAN31,2765.6782,0.43211263480566053,0.018958663891896387,22.792356954561605,5.459654606279785e-115,1.9466393717907208e-114
TSPAN32,105.995255,-1.5105715629382614,0.041842667505971015,-36.10122520804154,2.169803841971986e-285,2.6772749344671308e-284
TSPAN33,1747.5778,0.14756341184834526,0.028751324388406815,5.132403984417712,2.8606466858953345e-07,3.680944626352112e-07
TSPAN3,12889.875,0.31943071419821073,0.018686496747650286,17.094200079978993,1.6392992998786443e-65,3.96465840416124e-65
TSPAN4,2330.211,0.15578337428958416,0.025084881583156346,6.210249539076456,5.290052880430498e-10,7.149982512957878e-10
TSPAN5,282.58,0.5917370773085047,0.03221217939380801,18.369979568108683,2.2849781451950354e-75,6.004888351365138e-75
TSPAN6,3029.892,-0.2008589590819872,0.023176550539004904,-8.666473414322475,4.4571073668621494e-18,6.810435971325915e-18
TSPAN7,3344.2214,1.3226063689168317,0.03949665650858059,33.48654002217877,7.567984802833712e-246,7.123282598284399e-245
TSPAN8,4332.482,-1.3730983098385385,0.06825335393323069,-20.117667934410683,5.16823514548983e-90,1.517889488272179e-89
TSPAN9,3711.8013,0.38368009246764606,0.021743657129178917,17.645609944463587,1.0998036154260688e-69,2.7564818178578524e-69
TSPO2,5.8274593,-1.3276359114823157,0.06031093911434469,-22.013185849506087,2.1531744533556467e-107,7.246896792175171e-107
TSPO,5717.3267,-0.9398393711732916,0.020252408984353067,-46.406300203566296,0.0,0.0
TSPY1,3.6054952,-2.588573709796465,0.3547790110535604,-7.296298904800973,2.957913954653009e-13,4.2100230846462957e-13
TSPY2,8.400225,-2.6813106485657694,0.29079749927558696,-9.22054231981104,2.9560132452886365e-20,4.642199449308188e-20
TSPY3,8.053902,-3.071326109794367,0.407569330972749,-7.5357144819116,4.856681988110054e-14,7.011572017865026e-14
TSPY4,3.1665766,-2.8864804599418226,0.4209790098347591,-6.856589978381136,7.052366811377292e-12,9.836208530028794e-12
TSPYL1,5055.685,0.4718124655792363,0.014779155974999347,31.924182028889987,1.2332373295162814e-223,9.861539195452464e-223
TSPYL2,2038.8224,0.6002464421293661,0.023739899129796505,25.284287807945347,4.75577877195884e-141,2.047428632233242e-140
TSPYL3,70.967,0.8367868146274,0.02855833532915962,29.300966074622526,1.008150841747548e-188,6.165498043598177e-188
TSPYL4,1927.9794,0.8544330009630487,0.019895380049857716,42.9463020471006,0.0,0.0
TSPYL5,1235.4707,0.38965000035270575,0.033668042797104204,11.573289326643593,5.628271144912833e-31,1.0008382587062659e-30
TSPYL6,4.5639935,-1.800041456441396,0.06994662346225478,-25.73450107155995,4.806757138044937e-146,2.1522051588620384e-145
TSR1,2542.3713,-0.023018850417828956,0.011304486364961366,-2.0362579664987392,0.04172445825390455,0.046429178267995336
TSR2,2319.206,-0.002227282216194898,0.013150457589353754,-0.16936917982215643,0.8655062641962432,0.8728806673983909
TSSC1,1307.8737,-0.2599474468462193,0.01113109852032228,-23.353260809939627,1.276935010262586e-120,4.750935649476607e-120
TSSC4,1633.1588,-0.3054939949467681,0.014246661733813453,-21.443198459727554,5.2853425141408466e-102,1.6996412611813854e-101
TSSK1B,4.025649,0.27985183157643645,0.03610895268821275,7.750206271360234,9.174339786126605e-15,1.3379683646543805e-14
TSSK2,0.067533165,-0.670776759884916,0.0,0.0,,
TSSK3,63.983265,-0.11475136427120848,0.023896393887953934,-4.802036860007322,1.5705977214115936e-06,1.9901536696470175e-06
TSSK4,32.71267,0.1288994183973801,0.026629286632021746,4.84051338582906,1.2950413223511499e-06,1.6447751891295732e-06
TSSK6,65.82118,-0.1701856691975938,0.017520137457224118,-9.713717692746798,2.635452553116568e-22,4.241516089241123e-22
TSTA3,4588.304,-0.8633681396663058,0.018041630691702185,-47.85421863575731,0.0,0.0
TSTD1,1806.5951,-0.4369508885411916,0.029130415309051107,-14.999816648869631,7.36224155045894e-51,1.571975623762911e-50
TSTD2,975.3698,0.36635048114906815,0.014268928562938956,25.674701469919707,2.240909737793915e-145,9.976532112780738e-145
TST,3416.3108,-0.5824247994617356,0.030103649660221082,-19.347315227075306,2.1474058814751732e-83,6.005362134746298e-83
TTBK1,201.07733,1.3803409658181218,0.047579879407960435,29.01102278933438,4.777267389514496e-185,2.843870958570925e-184
TTBK2,272.49292,0.6399783449262876,0.02499461018743709,25.604653968476637,1.3539360380962602e-144,5.987138097220191e-144
TTC12,497.6241,-0.009134801688441828,0.021231317948269907,-0.43025127835675425,0.6670128643558451,0.6811996441144043
TTC13,748.60425,-0.11514160780709132,0.013922582775036727,-8.2701327524905,1.3380993541217241e-16,2.0065084150080416e-16
TTC14,1373.957,0.17875370576509586,0.01796056963057183,9.952563278440111,2.4576980104786472e-23,4.001301383073553e-23
TTC15,1882.7056,-0.0909250625320706,0.010541463220162512,-8.625468839862712,6.383061440670933e-18,9.740125009040587e-18
TTC16,25.614437,-0.43966482203228513,0.03651068254002692,-12.042087176822221,2.134849586597295e-33,3.884823268996633e-33
TTC17,2541.723,0.15077212043261648,0.012928185327920283,11.662280251119412,1.9865004022134896e-31,3.5488909870712916e-31
TTC18,209.62189,0.08333527723866813,0.03289742905126294,2.53318510418579,0.011303124681106676,0.012887562465426234
TTC19,2290.6594,0.18060146930444773,0.012323588101220485,14.654942036448102,1.2526348838095888e-48,2.626946188656718e-48
TTC1,2243.714,0.0002508944906152131,0.010491289287735458,0.023914552705024936,0.9809207662229942,0.9815957669960157
TTC21A,206.66475,-0.20163224532358912,0.024063633899381327,-8.379127033210601,5.332169988993698e-17,8.032382449568827e-17
TTC21B,790.94885,0.33104782923140447,0.013840357346119594,23.919023255871352,1.9419239323265045e-126,7.575326564137825e-126
TTC22,313.57855,-1.0857225720857426,0.0413647076999091,-26.247558183231845,7.621462199484759e-152,3.5661996993636e-151
TTC23L,23.986979,0.02701199511744425,0.03251347912462364,0.8307937460001652,0.4060901562706002,0.4238050795321483
TTC23,793.99695,0.2773592718765224,0.014235524596550695,19.48360034049797,1.5125925371015452e-84,4.261086406925468e-84
TTC24,19.097319,-1.9237978941666574,0.055423127276373066,-34.71110326513052,5.357194294759672e-264,5.725308065459956e-263
TTC25,114.544266,0.013510517460583286,0.03395683180729359,0.3978733215529654,0.6907235663661278,0.7042135854398315
TTC26,243.77098,0.165356325093847,0.018387362892910333,8.992933138748455,2.4071869389885984e-19,3.7393498314412385e-19
TTC27,915.6835,-0.11023406632468893,0.010445856991115898,-10.55289828478812,4.9253878009080057e-26,8.290010767087144e-26
TTC28,1526.5194,0.8716424890490162,0.020666690479004022,42.17620087427867,0.0,0.0
TTC29,16.62216,-0.7692765758209763,0.08074762433938505,-9.526925183429302,1.6201070566838287e-21,2.5796777387006155e-21
TTC30A,569.5261,0.4573710750998816,0.019358862807816384,23.62592677268276,2.0872321992083814e-123,7.944281238303129e-123
TTC30B,382.50342,0.2873152912916759,0.01774081820134715,16.195154475449083,5.456053911447206e-59,1.251039549309085e-58
TTC31,1192.46,-0.1245743388155851,0.010371449134599016,-12.0112760713454,3.1002389454160255e-33,5.631994707747377e-33
TTC32,164.38219,-0.0647503560384002,0.017417389672633052,-3.717569466803555,0.0002011486864301885,0.00024295124033176362
TTC33,853.7902,0.5452083558917906,0.013876425323163676,39.290259789146404,0.0,0.0
TTC35,1676.473,0.08470198545511676,0.012020032309045095,7.046735256391813,1.831643306510568e-12,2.5776198297676546e-12
TTC36,54.93642,0.2389840823211349,0.06467175319824355,3.6953394720653034,0.00021959318800147446,0.0002650558910607706
TTC37,2743.085,0.4565443619951364,0.015078995812275245,30.276841221978508,2.3135522616392956e-201,1.5606895458818563e-200
TTC38,2178.523,-0.047651447113654426,0.02474154817326087,-1.9259686895888413,0.05410828350933501,0.05991789741455271
TTC39A,1732.8708,-0.34794511074325146,0.036117525280129605,-9.633691900111348,5.762119206797444e-22,9.22981785453888e-22
TTC39B,304.42914,-0.17169622371023963,0.02623190773698909,-6.545319746917766,5.936822576695786e-11,8.140340169649077e-11
TTC39C,1226.1918,-0.3866482861773726,0.027005877557565908,-14.317190224727584,1.7089406348338001e-46,3.516151832701499e-46
TTC3,9916.962,0.5230519996525581,0.015460652566419769,33.83117222287348,6.866850526407166e-251,6.714803547892578e-250
TTC4,1240.7853,-0.10089769844967308,0.008836978806691613,-11.41766894057395,3.412647224666973e-30,6.012295331169515e-30
TTC5,482.03912,0.0892162448996886,0.012137582265158013,7.350413200147084,1.97595062167253e-13,2.822053925403791e-13
TTC7A,2350.721,-0.2093101224971953,0.017177677404018744,-12.185007179621785,3.7362042531446445e-34,6.865106713878322e-34
TTC7B,1075.7917,0.544038330943218,0.0200397945682759,27.14789959995202,2.680800443097052e-162,1.3536313546878195e-161
TTC8,966.98627,0.13524506894487112,0.01756930570180088,7.697803842698708,1.3842464708516028e-14,2.0137101750673658e-14
TTC9B,29.554243,3.061807664532954,0.07106316616951332,43.085719783851886,0.0,0.0
TTC9C,651.14984,-0.010282687821262034,0.009239981256353287,-1.1128472597486923,0.2657740342270173,0.28174400223003615
TTC9,1173.212,-0.35557562750965865,0.028617633667741452,-12.425053435164795,1.9109869627713392e-35,3.556287346897779e-35
TTF1,734.68097,0.09183281883589672,0.009983048880450113,9.198875006585782,3.617167732847389e-20,5.673054300365149e-20
TTF2,862.79474,-0.5599165037108952,0.01900441086717599,-29.462449934608127,8.720861586225553e-191,5.398237185587292e-190
TTK,619.91003,-0.744858020965738,0.032475239766728434,-22.936182344336707,2.024335596598143e-116,7.296998656363598e-116
TTLL10,26.614992,-1.2136157959234715,0.04894603932563344,-24.79497447892359,1.0156771143873155e-135,4.22780011691093e-135
TTLL11,155.69849,0.4210687081826747,0.015027702767213191,28.019499367617563,9.403546927502485e-173,5.1271240465190975e-172
TTLL12,4102.8154,-0.6905131315634759,0.01837666775927444,-37.57553548928825,5.395193891088997e-309,7.976815717406019e-308
TTLL13,21.991913,-0.16990157349685966,0.022479116695821436,-7.558196160280715,4.0869738306074204e-14,5.904953531852705e-14
TTLL1,447.1875,0.208277447232655,0.01733808514968393,12.012713366819048,3.0468136843122848e-33,5.535928585355985e-33
TTLL2,14.209308,-0.307901375873289,0.0491815941079021,-6.26050012119916,3.8374477515645804e-10,5.19631518284691e-10
TTLL3,1438.2217,-0.13697024279577577,0.02263015520118507,-6.052554283348576,1.4256693324723498e-09,1.9118167527206276e-09
TTLL4,1323.3678,-0.20766879179757472,0.018843285248401908,-11.020837877258534,3.032233204263344e-28,5.21704012554698e-28
TTLL5,1218.2972,0.042154542701109014,0.011743300746909349,3.5896673013508087,0.0003311002750901615,0.00039757419643530513
TTLL6,62.908253,-0.04489389352304619,0.05553074413421408,-0.8084511422094518,0.41883092113344345,0.4363634779876043
TTLL7,246.18266,1.3509922888534678,0.03496884366950837,38.63417108159875,0.0,0.0
TTLL8,0.24721247,-0.6592212622963741,0.13003304665082357,-5.069644057995306,3.985603709229178e-07,5.113941256456598e-07
TTLL9,55.49072,0.459856446482252,0.03614390291382402,12.722932760711071,4.409921630946561e-37,8.340138828094848e-37
TTL,1952.3191,0.1326517326944254,0.014134644031900503,9.384865469200601,6.2996810940060146e-21,9.96698845141968e-21
TTN,722.01135,-0.061719100236880556,0.037480633518990794,-1.646693090329131,0.09962114517669943,0.10879663634011498
TTPAL,1334.6068,-0.028357040425576838,0.013613562790077721,-2.082999201814013,0.0372512963151348,0.04155384042955616
TTPA,66.325554,0.4867552911301889,0.07244360164000721,6.719092923471887,1.8285927523799046e-11,2.528754234866355e-11
TTR,5021.1724,-0.6809217310030099,0.11906579925941368,-5.7188691902991975,1.0723530686122563e-08,1.4143583910259733e-08
TTTY10,1.3543682,-0.5808020182832877,0.08485700866694382,-6.844479052553971,7.67546672132811e-12,1.0700138796187278e-11
TTTY11,0.007853268,-0.4141185433269515,1.326635363346872,-0.3121570212648349,0.7549211932591394,0.7664409601337865
TTTY12,0.0031407212,-0.4210502187274148,2.413823953328133,-0.17443286124776375,0.8615252906326408,0.8691671651134755
TTTY13,0.003750955,-0.4131330743288969,1.253859008488486,-0.32948925798836387,0.7417859119809915,0.753932373921472
TTTY14,7.762216,-0.1397911144690945,0.07712687534356506,-1.8124825340893023,0.06991167028206176,0.07689943785577262
TTTY15,192.00375,0.16700186985643117,0.08390510144687928,1.9903661038078937,0.04655062099681826,0.051726017513056596
TTTY16,0.024276588,-0.41455076012987996,0.5697561047416944,-0.727593362633335,0.46686254484750433,0.4842744459443797
TTTY17A,5.8042842e-05,-0.4159679454014556,3.0148500746197624,-0.13797301195944814,0.8902617468606917,0.8952748285668967
TTTY17B,0.00033169333,-0.41751063901405944,3.014850161860524,-0.13848470623707726,0.8898573558085677,0.8951074652669958
TTTY18,0.0137565015,-0.4170016787466291,0.6781054125116577,-0.6149511138719309,0.5385870054944772,0.5553351656045613
TTTY19,0.0004330104,-0.41531030055266055,3.01484939916689,-0.1377549076472694,0.8904341229842649,0.8953597229138466
TTTY1B,0.034618642,-0.43798460974833564,0.3836350619340562,-1.1416699181255274,0.25359124933748534,0.2693059436264078
TTTY20,0.018162727,-0.383819685404637,0.959609139700907,-0.39997502058417944,0.689174915217204,0.7028106641408063
TTTY21,0.00051235163,-0.4171818165897026,3.0148498239753487,-0.13837565416097944,0.8899435370657526,0.8951074652669958
TTTY22,0.000558299,-0.4131099620911143,3.0148486376352586,-0.137025108635352,0.8910109484808509,0.895851246981167
TTTY23,0.010866262,-0.39879168382349844,0.8160620140974805,-0.4886781604024788,0.625069567949571,0.6401947546979231
TTTY2,1.3027384,-0.9413545419991081,0.13052837824830965,-7.21187648718296,5.518602130829792e-13,7.829492737391202e-13
TTTY3B,0.007971184,-0.4255253757073165,2.071444003635556,-0.20542451302592982,0.837240470017248,0.8458405482870758
TTTY4C,1.2949953,1.6665451719968016,0.22553932431359022,7.3891556475518865,1.477641173399741e-13,2.1158599415702155e-13
TTTY5,0.020151896,-0.44009362007964997,0.6410334231758981,-0.6865377126504203,0.49237409132770005,0.5095432382117951
TTTY6B,0.030951465,-0.40067146180148,0.4148765873105054,-0.9657605997939963,0.3341639881321923,0.3513346743639384
TTTY6,0.049784712,-0.3886939212011625,0.3188391569320406,-1.2190909201406874,0.2228096857588001,0.23750889535386208
TTTY7,0.068433106,-0.5688341206620722,0.3731833077582206,-1.524275359686266,0.1274399397195209,0.1382211780272615
TTTY8,0.009415394,-0.4235770985206739,0.8498188892277144,-0.4984321999545172,0.6181794458709295,0.6336798418249965
TTTY9B,0.26559186,0.8763032972220525,0.29339987763099123,2.986720050115966,0.0028198781624549805,0.0032841313145369803
TTYH1,1691.1815,3.0791864228209698,0.06063907028263111,50.778918747752364,0.0,0.0
TTYH2,1056.1986,1.4944901647654258,0.035129552071044956,42.54224937861473,0.0,0.0
TTYH3,7882.597,-0.013685881095970173,0.021781402507396266,-0.6283287355496455,0.5297886109997151,0.5466507694158025
TUBA1A,16945.783,1.0523719346204545,0.02820348589762829,37.31354125657749,9.898747257932713e-305,1.4192154607341697e-303
TUBA1B,45994.77,-0.1844315171797697,0.015371429719252377,-11.998332006083551,3.6252886971001254e-33,6.578772848227245e-33
TUBA1C,14023.189,-1.011102775492108,0.023150236094485695,-43.675700384453066,0.0,0.0
TUBA3C,17.154196,-0.06310774632934063,0.08741628881504579,-0.7219220489085639,0.47034240439654906,0.4877349875775145
TUBA3D,76.27381,-0.4468629033985284,0.05655500012620781,-7.901386303621462,2.7581837376854536e-15,4.0550160828667064e-15
TUBA3E,37.426006,-0.6320356280623646,0.06249789593061735,-10.112910501243515,4.8423923504986764e-24,7.96527962057062e-24
TUBA4A,4351.3154,-1.0940282325426764,0.02860006834081808,-38.25264399740182,0.0,0.0
TUBA4B,72.75173,-1.797638001723768,0.07008960915181343,-25.64771045919376,4.4841656763419164e-145,1.9911260415407868e-144
TUBA8,218.17732,-0.0185250299569087,0.029979552406721875,-0.617922165934509,0.5366266467807099,0.5533979283663496
TUBAL3,49.083115,-1.2272188461081057,0.05733873142185629,-21.402964726916093,1.2537672679601365e-101,4.018489894269587e-101
TUBB1,72.65327,0.33452796658771683,0.030051794150785547,11.131713631113515,8.792865719568077e-29,1.5227454336907662e-28
TUBB2A,4933.0405,0.6383659841059968,0.03226224503377389,19.786781218657296,3.869804848505475e-87,1.1140463364072817e-86
TUBB2B,1603.7689,1.7870996583647911,0.05463897417583779,32.70741600333841,1.2251400420669523e-234,1.0627450411777196e-233
TUBB2C,17845.766,-0.7778287370301065,0.01638292799853422,-47.478004975648965,0.0,0.0
TUBB3,3873.4663,-0.1400353092641044,0.03423794791879581,-4.090061401934325,4.31259004551363e-05,5.299693410793264e-05
TUBB4Q,18.175333,-2.668183570970266,0.04998357366374278,-53.38120857304208,0.0,0.0
TUBB4,2873.325,0.7355104241490737,0.05123939749218952,14.354392521129634,9.999789027574473e-47,2.062671781280534e-46
TUBB6,4457.169,0.08382808246929606,0.024107721207256964,3.47722962898965,0.0005066237218995842,0.0006048763989064998
TUBB8,35.185097,-1.528033051636965,0.03452569584498344,-44.2578495303227,0.0,0.0
TUBBP5,150.06758,-0.964258175330786,0.04126396842186586,-23.36804268248285,9.034974752673561e-121,3.365222301311398e-120
TUBB,44188.336,-0.2630608932185092,0.015241542778423838,-17.259466252386353,9.498484144306133e-67,2.3220417710606214e-66
TUBD1,411.40347,-0.02156052707160691,0.013974919348385835,-1.5428015385360525,0.12287893608262093,0.13346629639917199
TUBE1,443.53217,0.3180653909085626,0.01462791290483536,21.743730153289597,7.919384113724973e-105,2.6127165965212563e-104
TUBG1,2427.7698,-0.48366420595294696,0.013263838914768374,-36.46487333425167,3.9983308893361424e-291,5.15528933350187e-290
TUBG2,879.4112,0.4592470803940196,0.0194631180918331,23.595760875885748,4.260362479774075e-123,1.6188264226524896e-122
TUBGCP2,3594.7974,-0.15672972799766358,0.009622311926302925,-16.28815706641534,1.1978474513625716e-59,2.7608939502196983e-59
TUBGCP3,1209.3346,0.09316062824716792,0.012229545043593514,7.617669170446402,2.5829727450540716e-14,3.7428286203954336e-14
TUBGCP4,606.1514,0.15801105888669842,0.013639709896791067,11.58463486997423,4.930630932870278e-31,8.77241240603915e-31
TUBGCP5,817.03503,0.07578795671094721,0.012078301171531932,6.2747198993163344,3.502642745606162e-10,4.746110060419024e-10
TUBGCP6,2196.2764,-0.08008976155930957,0.015098334546521642,-5.3045427833469665,1.1295575011658419e-07,1.4640094961952746e-07
TUB,1099.2334,1.2111611541339764,0.03905865550147432,31.0087774037245,4.105048765015739e-211,2.990149832091429e-210
TUFM,10549.799,-0.380552393358426,0.011553629654446184,-32.937908236653406,6.302947818936757e-238,5.615829962614154e-237
TUFT1,1750.6696,-0.5364787857843191,0.024666438335085417,-21.74934129104624,7.007869186352978e-105,2.3127445090770024e-104
TUG1,8223.543,0.10953308822771221,0.011168838778315496,9.807025636395853,1.0501843039180768e-22,1.698633689001996e-22
TULP1,8.451395,-0.14295262132201988,0.04765088332381606,-2.9999993987639617,0.002699801392438956,0.003146985946906258
TULP2,3.1487343,-0.013104783812378434,0.05032498366363566,-0.2604031409124495,0.7945528204109752,0.804911224100465
TULP3,1517.8268,0.12181931715845917,0.015215490914450602,8.006269258309883,1.1824068808712103e-15,1.7494637854401869e-15
TULP4,1877.2579,0.05918536805659785,0.014240392649304308,4.156161245981463,3.236394501665146e-05,3.98848399875307e-05
TUSC1,786.4925,0.11702597533048624,0.020612571579997695,5.67740783222058,1.367511658613965e-08,1.7993388391211602e-08
TUSC2,1436.7931,-0.04016190052050603,0.012685353187381381,-3.1660057017928867,0.0015454776426745715,0.0018163354688686486
TUSC3,1915.2253,-0.005857794769887414,0.03101806477938729,-0.188851071514305,0.8502095426894332,0.8583465277999687
TUSC5,88.550545,2.637549083814652,0.07612720360390335,34.64660409093779,5.0252215184676754e-263,5.331343663078865e-262
TUT1,1459.8341,-0.14809107272383143,0.011381051084600526,-13.01207345639723,1.0446848846415904e-38,2.0068635182504375e-38
TWF1,4686.561,-0.10604405686055753,0.014246561228820571,-7.443484442128536,9.80636562665678e-14,1.4079534400077954e-13
TWF2,2747.7603,-0.3260661012607333,0.01389368405394658,-23.468656692831043,8.52662218504838e-122,3.2051975824483004e-121
TWIST1,376.12564,0.3924389872226545,0.04111516680928227,9.544871580918807,1.3627633452641508e-21,2.1717807394311424e-21
TWIST2,88.731186,0.7049301356038302,0.04244647722399433,16.60750624566187,6.1497066626262785e-62,1.4447481876806877e-61
TWISTNB,1238.7118,-0.05061550448526467,0.012796751652161929,-3.955340062938043,7.642586282398476e-05,9.333858075785878e-05
TWSG1,2622.968,0.5008098157890308,0.018171884388256104,27.559597292655457,3.395851641098455e-167,1.779108171928035e-166
TXK,62.18261,-0.6840944069063533,0.03721254556303108,-18.383434848541214,1.7831202733688419e-75,4.692070007175424e-75
TXLNA,4535.0234,-0.058837006811030795,0.00982507982103466,-5.9884507691292,2.11849242229528e-09,2.8310067099120187e-09
TXLNB,162.65553,0.6055959573104569,0.037703341901982025,16.062129423031898,4.701303075831545e-58,1.069069913111297e-57
TXLNG,438.0494,0.11705458900122734,0.01965291920605174,5.956091701897529,2.583414077906626e-09,3.447769728751295e-09
TXN2,3946.2778,-0.13694209190021855,0.012422801025182551,-11.023447258200466,2.9455790421912845e-28,5.069234464917359e-28
TXNDC11,3242.213,-0.07727271340291492,0.013512879702851317,-5.718448998447741,1.0750077239311929e-08,1.4177678468300288e-08
TXNDC12,3784.4116,-0.2245892338679263,0.010096023023427428,-22.24531712603822,1.2520404190011324e-109,4.284802637492697e-109
TXNDC15,2599.2883,0.4739295952223137,0.01367900525763589,34.646495581815564,5.044164999759823e-263,5.348653918234908e-262
TXNDC16,858.3201,0.4916267577227458,0.02251009160925475,21.840282405630877,9.615910544964948e-106,3.1988614834140747e-105
TXNDC17,2159.0674,-0.6848325042936775,0.01664773728626287,-41.13667176011825,0.0,0.0
TXNDC2,4.5095263,0.7295931340019154,0.03807396953370347,19.162518196482562,7.610076804251567e-82,2.103360761033908e-81
TXNDC3,11.28744,-0.7048529010503302,0.04259806257342698,-16.54659527849098,1.6941677813085796e-61,3.965914897052015e-61
TXNDC5,13303.148,-0.13118648999208413,0.016285103647295376,-8.055612836942032,7.908157741156514e-16,1.1727160277675392e-15
TXNDC6,35.986595,-0.038783795218447194,0.0365447862421431,-1.0612675351681793,0.28856833518179303,0.3048602945340732
TXNDC8,0.0061600255,-0.4241596112539485,1.664952439490406,-0.2547577943930768,0.7989101750532085,0.8090435860479642
TXNDC9,1241.012,-0.13915540937548032,0.011579405198314364,-12.017492003452597,2.87567707308143e-33,5.22684666823184e-33
TXNIP,25093.873,0.6416013273499244,0.021787299264726525,29.44841026664889,1.3193681564602246e-190,8.152053504514024e-190
TXNL1,3092.678,-0.006059312295463443,0.011627061243917628,-0.5211387614074194,0.6022701105673884,0.6181808510734289
TXNL4A,2123.1646,-0.3628539218214369,0.0128954737847588,-28.138083786444124,3.3526538608839828e-174,1.8437784968594547e-173
TXNL4B,672.0319,-0.12542237084594818,0.012119595579789108,-10.34872574915826,4.240924975514575e-25,7.071334281449732e-25
TXNRD1,6702.0835,-0.331844941157648,0.023334996144811104,-14.220912619753696,6.796082766873174e-46,1.3921063391766872e-45
TXNRD2,1423.366,-0.27325433948427924,0.019182355185426624,-14.245088094911216,4.809411149879136e-46,9.866465296290741e-46
TXNRD3IT1,412.0495,-0.02402687643207721,0.014883308823791675,-1.6143504590638547,0.10645143096945113,0.11605679999502279
TXN,8173.4937,-1.0124694808244592,0.019498298619408255,-51.9260423992412,0.0,0.0
TYK2,3406.0813,-0.19537747885481946,0.011366595128674821,-17.188742683544287,3.224494287565218e-66,7.841313807995733e-66
TYMP,5363.3354,-1.1227727498006823,0.030770527734022467,-36.48857632556139,1.6830719518097475e-291,2.1811369743408435e-290
TYMS,1965.9695,-0.3206403244582678,0.025300525399377764,-12.673267428120427,8.317622477037743e-37,1.5682392666235543e-36
TYRO3,1306.757,0.5202516940379576,0.0306261518859364,16.98717148584567,1.022001234664132e-64,2.457123658068855e-64
TYROBP,2432.3237,0.022295736336079654,0.026831857112420757,0.8309427201652291,0.40600598862938486,0.4237389615269209
TYRP1,1588.3998,-2.5745504493682905,0.08118072689350782,-31.713813707846736,1.002197411503433e-220,7.838546715635188e-220
TYR,1374.2747,-1.6800990546692758,0.17443651025352802,-9.631579147206054,5.881851216198258e-22,9.420864519752995e-22
TYSND1,1360.1577,-0.5826167765754539,0.013463208850671173,-43.27473361199541,0.0,0.0
TYW1B,229.56215,-0.09170206134335547,0.019369874998867383,-4.734261906631693,2.1985368275150368e-06,2.779089238257707e-06
TYW1,1195.2463,0.018771177626118043,0.008841579834448648,2.1230569623973308,0.03374907885762051,0.037704960569735824
TYW3,1036.8479,0.20833597734005818,0.011105057365590056,18.76045935481653,1.5901931725746464e-78,4.285207518259064e-78
T,6.502088,-1.2752582480453292,0.10912595472209895,-11.686113090995743,1.501001656851303e-31,2.684843852735519e-31
U2AF1L4,371.6994,-0.1971464728654559,0.015888421748443272,-12.408184776739834,2.359413394445751e-35,4.385984048349255e-35
U2AF1,4100.361,-0.3584910405149029,0.012053463900678126,-29.7417442379144,2.2174605147963458e-194,1.4116722520556225e-193
U2AF2,7443.294,-0.23988265908738504,0.008348771400433217,-28.732689827264586,1.490534811880163e-181,8.640603142103713e-181
UACA,3216.8274,0.6298740329378698,0.020231526135135618,31.133293095669252,8.538259287219558e-213,6.323405632175445e-212
UAP1L1,1089.3323,-0.17301429939647406,0.020244728731869648,-8.546140661500273,1.272728873086031e-17,1.933693069190933e-17
UAP1,2957.02,0.0402983604024676,0.019392128806480613,2.078078214342325,0.03770215585210513,0.0420498625502908
UBA1,19133.336,-0.16474898734374235,0.010374665631412927,-15.879932250048348,8.72726163671563e-57,1.9598314544660657e-56
UBA2,5122.9727,0.05356554495255867,0.012276178178390272,4.363373044458574,1.2807227684728785e-05,1.593195334433541e-05
UBA3,2073.0916,0.08002799725686727,0.010199639427294797,7.846159447824003,4.289714794462136e-15,6.2880195478763494e-15
UBA52,23372.904,-0.4795143248392164,0.014041588545215157,-34.149578111845244,1.356569193090152e-255,1.3720015997080181e-254
UBA5,1834.9781,0.21908979277280305,0.011342852670260624,19.315228641488567,3.999567058734262e-83,1.1157465846638921e-82
UBA6,2206.012,-0.260957500195262,0.01487086950496349,-17.5482341572671,6.135823434431215e-69,1.5306853241218614e-68
UBA7,2277.6968,-0.3019934819538592,0.019047169285734588,-15.855032179508049,1.2976111644690627e-56,2.9094786010380667e-56
UBAC1,2036.2277,-0.24795511869681133,0.01209784113206796,-20.495815409540498,2.3462314474782617e-93,7.059847182856922e-93
UBAC2,3644.937,-0.2669154698990321,0.0108842181275057,-24.523164344208176,8.364170484660546e-133,3.4166562379053784e-132
UBAP1,3343.4797,0.07975419374321857,0.010908357784241292,7.311292434726985,2.6458499547229265e-13,3.769021776392671e-13
UBAP2L,7746.6694,-0.10237230825441536,0.010466137241931605,-9.781288539220586,1.3547467252275573e-22,2.187949276448345e-22
UBAP2,2323.9106,-0.3018830303777314,0.014293748206680385,-21.119934814343665,5.2166880944781175e-99,1.637726336399075e-98
UBASH3A,86.70592,-0.7755686318251074,0.03897446656064712,-19.89940338550281,4.118009595574814e-88,1.1924129904182568e-87
UBASH3B,610.1142,-0.1939160513243949,0.02849258277640955,-6.805843220536252,1.0045906848327742e-11,1.3970260759911509e-11
UBB,35874.406,-0.031131699361571237,0.015037042621710978,-2.070333917696174,0.03842108544712236,0.04283527072000242
UBC,84201.35,-0.15779272566339012,0.012952800427574513,-12.18213208376729,3.8703000061575215e-34,7.110218175903355e-34
UBD,4242.1587,-0.9974599301822031,0.047512192679041346,-20.993767577100357,7.477716139865682e-98,2.3295917810485912e-97
UBE2A,3209.6628,-0.11182826155367702,0.010167625318417018,-10.998464051494707,3.8869600226594925e-28,6.681409920746759e-28
UBE2B,2570.1753,0.07419128950889443,0.011778968197080035,6.2986238070738825,3.002998176893692e-10,4.0745111551735203e-10
UBE2CBP,149.5861,-0.20189247573619273,0.015391506907795066,-13.117135115207192,2.6267864805889747e-39,5.071959973284421e-39
UBE2C,1898.7422,-1.0221349925705603,0.03453475542366729,-29.59728482310527,1.6194573277060836e-192,1.014477899531328e-191
UBE2D1,976.5886,-0.07577255696561225,0.012510553134874312,-6.056691190926587,1.3894996880939956e-09,1.863804463691241e-09
UBE2D2,4156.538,-0.06302208859767183,0.008940738850173628,-7.048868069381979,1.8037906984214206e-12,2.538950140290494e-12
UBE2D3,10369.331,0.06302801778832862,0.008370203428166117,7.530046112886152,5.0722406780779044e-14,7.321215736617374e-14
UBE2D4,652.19977,0.3125936672332247,0.0132950965424138,23.511951660974663,3.078199475921881e-122,1.1631229237248252e-121
UBE2DNL,0.5796087,-1.000840555417196,0.18151015151416613,-5.51396462990162,3.508391369568113e-08,4.5830824442115635e-08
UBE2E1,2979.4834,0.17266177029778304,0.010988833897116038,15.712474309316592,1.242342937102646e-55,2.7648513179353707e-55
UBE2E2,889.8481,0.40623258331014533,0.0200201708155715,20.291164698464083,1.539057091161781e-91,4.567589405096604e-91
UBE2E3,2590.6628,0.049342741586796614,0.01337377483477928,3.6895149048328477,0.00022468206519769986,0.00027106975794725756
UBE2F,1449.6699,-0.20444974611669886,0.010553896765690126,-19.371967592230828,1.3307369866600447e-83,3.7276381826378436e-83
UBE2G1,2690.2812,-0.011335228747114819,0.01120223315875037,-1.0118722389080577,0.31159914435046976,0.32830548982203667
UBE2G2,3313.3408,0.14029172521771224,0.009883834883238593,14.194057961816485,9.971743434705819e-46,2.0401439512327985e-45
UBE2H,3315.4956,0.22787615846938727,0.013561262426145066,16.803462045691237,2.3020623737684786e-63,5.48288346602158e-63
UBE2I,4653.079,-0.31742911995629425,0.00905280764287465,-35.064162686162746,2.3722880813828873e-269,2.646433591719134e-268
UBE2J1,4129.7734,0.08551259955355454,0.01303353084625554,6.560969591607008,5.3459022930146814e-11,7.335527720124411e-11
UBE2J2,2109.3167,-0.3126350576597978,0.010510318425588569,-29.745536243569184,1.9806941693547277e-194,1.2621268417493866e-193
UBE2K,4112.2124,-0.033097533139963976,0.009182270172999527,-3.6045043890439312,0.0003127491641288505,0.00037598229893706924
UBE2L3,4645.66,-0.2067906408501452,0.00896534164661038,-23.065561693159648,1.0267360338057811e-117,3.7420907469122626e-117
UBE2L6,4703.061,-0.189182171948374,0.01878729367863714,-10.069687267596787,7.52168674083168e-24,1.2334596887361431e-23
UBE2MP1,344.60934,-0.38717418775666673,0.019079298679756676,-20.292894107657236,1.4858572987351218e-91,4.4103468063782393e-91
UBE2M,2900.0862,-0.3839294204260866,0.012533250803804455,-30.632868234755605,4.4695746699346565e-206,3.131316954755667e-205
UBE2NL,13.070971,-0.6182576161695479,0.031600553100202114,-19.564771990196387,3.087815299231144e-85,8.747019852100579e-85
UBE2N,4277.249,-0.09830121080285609,0.009881355846290634,-9.948150064827127,2.5691450515016494e-23,4.1817416136490314e-23
UBE2O,2343.9998,-0.14561562938803901,0.011980900689156311,-12.153980169440265,5.463936197659641e-34,1.0022549513303237e-33
UBE2Q1,4190.633,-0.12702078909525946,0.008715073816700959,-14.57483800674708,4.060847375124618e-48,8.480335594436567e-48
UBE2Q2P1,41.724125,0.08873744921187293,0.026784053056376524,3.3130702446374922,0.0009227780054830373,0.00109244853251318
UBE2Q2,2130.267,0.2510215574222876,0.013566219008784361,18.503428056096308,1.9374933575671115e-76,5.1367921951697907e-76
UBE2QL1,365.77722,0.981027597298816,0.04247441262172803,23.09690792043974,4.9734178530486235e-118,1.8162119115733977e-117
UBE2R2,4439.061,-0.020124440205662376,0.008689684829180755,-2.3158998975524026,0.020563734929631552,0.023181455118071362
UBE2S,1445.0449,-1.052556915801349,0.023747441075912614,-44.322961469266396,0.0,0.0
UBE2T,763.60767,-0.7788987421087633,0.025832616065528557,-30.15175621907445,1.0172475392632282e-199,6.7613916591120015e-199
UBE2U,1.3216293,-0.8561431913016805,0.1203314576200404,-7.1148742667528,1.120149043860543e-12,1.5822600696563377e-12
UBE2V1,6748.518,-0.1421400513855386,0.009006184825832188,-15.782493268164146,4.106415587860971e-56,9.17197092191569e-56
UBE2V2,1939.522,-0.07532303000836407,0.012859714787216281,-5.857286203831049,4.70491913189985e-09,6.249996646636373e-09
UBE2W,1448.1653,0.13024387414829303,0.013464177015093021,9.673363177139809,3.913029369483796e-22,6.280281035342579e-22
UBE2Z,6140.1147,-0.059430326469117584,0.009684837088108461,-6.136430166914132,8.439643742690883e-10,1.1369199163464813e-09
UBE3A,3623.4875,0.21447608312373703,0.010737853490290153,19.973832136718936,9.303426271567386e-89,2.707769198896932e-88
UBE3B,2614.79,0.08305785006512549,0.009028585015344669,9.199431574711127,3.598482467649902e-20,5.644618580698385e-20
UBE3C,4382.301,-0.05800430649202319,0.011558233274458447,-5.018440544905938,5.209260980508412e-07,6.667631353085047e-07
UBE4A,3396.267,0.2147550529151316,0.010161469297793118,21.134252008395322,3.8524425391796725e-99,1.2107421681870787e-98
UBE4B,2926.2573,0.04414793350758489,0.011762308929647448,3.753339057122362,0.0001744945811335511,0.00021112112541142014
UBFD1,3412.2024,0.14245217084589876,0.01074186822140416,13.261396240371829,3.876111378807505e-40,7.542172566294752e-40
UBIAD1,1224.0288,-0.013005530021152265,0.009662018417428768,-1.3460469085519777,0.17828738900950958,0.1914830635600657
UBL3,3558.2825,0.6737185513569481,0.01917260295892164,35.13964967617738,1.6728951400879166e-270,1.8764998433636305e-269
UBL4A,2687.0789,-0.2946245174762796,0.01076809396660813,-27.360879129575814,8.0160840698980885e-165,4.134772120067271e-164
UBL4B,6.0083156,0.8508641526697979,0.046844492668109396,18.163589873800593,1.0024975215379501e-73,2.5976641263829867e-73
UBL5,5028.925,-0.3618560209021046,0.01440249912529523,-25.124529969008908,2.683470394898141e-139,1.141989418263613e-138
UBL7,2125.4277,-0.1945716752440349,0.011119468660254851,-17.498288919101594,1.4763821826789363e-68,3.669596490924242e-68
UBLCP1,1294.5579,0.17497934650752234,0.011035890992805972,15.855479781522588,1.2883987309639265e-56,2.8897774334796276e-56
UBN1,3057.5354,-0.1134704692506006,0.011113786856794117,-10.209883517896824,1.7907968902887e-24,2.961724930088355e-24
UBN2,1519.7994,0.040691689861834295,0.014797382199610935,2.749924906508409,0.005960892345852985,0.006857535586213534
UBOX5,770.98895,-0.07976282613286348,0.010781106916299493,-7.398389307527735,1.3784622744068034e-13,1.9745383412824956e-13
UBP1,3360.018,0.048320843759986666,0.010531940640547055,4.588028494383611,4.4745157611783e-06,5.619782009983282e-06
UBQLN1,6392.4785,0.06782490576434257,0.009629865724070008,7.0431829173706015,1.8789729745996015e-12,2.6436773178903446e-12
UBQLN2,3060.2761,0.2606944674330762,0.011281581958876552,23.107970884168164,3.849906120181312e-118,1.4074382959377147e-117
UBQLN3,0.36788976,-0.8831668157588963,0.12992235823266896,-6.797650749051938,1.0633885675577748e-11,1.4777834707787534e-11
UBQLN4,3587.6875,-0.10072994521605928,0.01270761285725025,-7.926740163365021,2.2497332930881137e-15,3.314205507523944e-15
UBQLNL,23.770748,-0.2093448851492917,0.028596431620468207,-7.320664617450061,2.4674581646234406e-13,3.517609465273344e-13
UBR1,1532.0298,0.4205544265376566,0.01388051398764747,30.29818830281904,1.211102142573787e-201,8.19163738227898e-201
UBR2,1711.659,0.13821857294114612,0.013685189703212265,10.099865324388063,5.531810561943378e-24,9.091227900436328e-24
UBR3,2256.602,0.44024559846415834,0.012893001972829487,34.146089436108454,1.528354350944492e-255,1.5449734970644941e-254
UBR4,8528.708,0.09481218236307004,0.01133483231363306,8.364674460074186,6.02811305649355e-17,9.076050415408386e-17
UBR5,5208.409,0.11897084331307047,0.014367105371168169,8.280780313049037,1.2237075669593478e-16,1.8357867773727332e-16
UBR7,2313.8755,0.31360926958925955,0.010447956550152689,30.016325975692958,6.009227761515517e-198,3.930031095300174e-197
UBTD1,922.593,0.06913911632556244,0.01902813584507685,3.6335202191364844,0.0002795805271480056,0.0003365844688194812
UBTD2,1503.8964,0.34727118176946886,0.011000590690157467,31.56841223809754,1.002277943176577e-218,7.741038181006044e-218
UBTFL1,0.11341837,-0.4727042217567118,0.19537455514823945,-2.419476893488253,0.015542848171943268,0.01761897805860763
UBTF,6472.733,0.023167589626011405,0.008116959884904964,2.854220047224326,0.004314263713983805,0.004991140751960239
UBXN10,498.0019,0.00900852190655253,0.03643868254829631,0.24722413865025214,0.8047347650681747,0.8144963998022853
UBXN11,1216.3578,-0.413359973500179,0.020072785032432552,-20.59305536487805,3.1675059778998617e-94,9.576366825670223e-94
UBXN1,4737.241,-0.1817534594746001,0.014006961814654578,-12.975937385967825,1.675340728515444e-38,3.211398351553142e-38
UBXN2A,638.14056,0.02613928275141954,0.011670791049905045,2.239718168172689,0.025109225320203685,0.028211849795476092
UBXN2B,1676.6975,0.3762298659185088,0.013782118444824992,27.298406077752023,4.430493362874951e-164,2.2731959267835465e-163
UBXN4,6515.752,0.10389905234819016,0.010771263899970875,9.64594808121553,5.113645379541561e-22,8.196890503274281e-22
UBXN6,4750.012,0.04045943824111468,0.01412602644827302,2.86417687162557,0.004180944836370932,0.004838829851837634
UBXN7,785.3043,0.1956735297890097,0.020796184952176656,9.409107018377872,5.003697615396166e-21,7.923948331662302e-21
UBXN8,461.2664,0.20310661338134464,0.016728940182461863,12.141032914582105,6.401281248483372e-34,1.1731360602923123e-33
UCA1,553.0474,-1.7700062809296118,0.07382757503083164,-23.974866846031816,5.0868409426945265e-127,1.9946647679568157e-126
UCHL1,3237.8328,0.22236100900523859,0.04855741370158125,4.579342103593081,4.664407512126913e-06,5.856109554723226e-06
UCHL3,967.3895,-0.609603461411778,0.015408310596053718,-39.563290057763105,0.0,0.0
UCHL5,1040.1418,-0.15418401015478422,0.014069177609386932,-10.95899237578129,6.01655077412428e-28,1.0322851610517127e-27
UCK1,1802.283,0.10202623272237672,0.014016712887955068,7.278898664611341,3.3655636113367893e-13,4.785884582189404e-13
UCK2,988.40247,-0.6369455394787824,0.019260300468861513,-33.07038436438435,7.924185385091277e-240,7.144751561340714e-239
UCKL1AS,59.09682,-0.7097487126682213,0.028250092780543006,-25.123765722888322,2.7355765990836807e-139,1.1639206683541203e-138
UCKL1,1683.1641,-0.4422485449503357,0.0127194326277767,-34.76951825544114,7.028630373964545e-265,7.567207074751146e-264
UCMA,0.6342584,-0.7810693577561872,0.15775963913386326,-4.951008775403126,7.382977404615931e-07,9.42441764252152e-07
UCN2,99.504234,-1.1392392901193644,0.05493901142965099,-20.736435921824913,1.625313231459917e-95,4.967685344436639e-95
UCN3,16.455545,-1.3565234766866592,0.10013370828790857,-13.547121143125217,8.239884253890911e-42,1.6244388837509934e-41
UCN,24.916643,-0.5072081461860979,0.032375896203499545,-15.666227214160433,2.574126256950117e-55,5.711272500571865e-55
UCP1,2.4969559,-0.5171195415245662,0.0865316654857459,-5.976072904892252,2.285807368414207e-09,3.053191983568091e-09
UCP2,6372.9263,-0.436345661315848,0.028110323452653824,-15.522612610658301,2.4391428615232592e-54,5.368487515432652e-54
UCP3,60.188995,-0.10273539067940035,0.023478802563473112,-4.375665684042584,1.210624439049679e-05,1.5068229476439697e-05
UEVLD,489.48267,0.32407819716327746,0.016471130117378028,19.67552893176137,3.495110292868817e-86,9.979936949862025e-86
UFC1,5000.5513,-0.19702589877189583,0.012174896694801313,-16.18296267400987,6.651530895441376e-59,1.5241251266211701e-58
UFD1L,2698.6475,-0.3342144390747107,0.010898607770983313,-30.665792007354405,1.6276377703973106e-206,1.1442360969447115e-205
UFM1,3411.354,0.16173281346729493,0.010942748469619581,14.779907800706077,1.9743627249310295e-49,4.170147392558442e-49
UFSP1,89.22191,-0.548790357663144,0.019288640531485306,-28.451479344401715,4.671989704989046e-178,2.637743716136217e-177
UFSP2,1208.1595,0.43831322452804855,0.012059429332185278,36.34610000642727,3.028190429583578e-289,3.845971862501064e-288
UGCG,828.4669,0.222613396514002,0.026190773781031663,8.499687652421592,1.9010151502058066e-17,2.880313123691301e-17
UGDH,3648.8787,-0.1641236822597759,0.02417702802720395,-6.788414278012343,1.1337270932635404e-11,1.574028225024033e-11
UGGT1,4629.901,-0.07063730342292064,0.011939578217184561,-5.916231054230442,3.2940239266043468e-09,4.386358370183655e-09
UGGT2,861.60614,0.2782343062173758,0.015161422171736175,18.351464860338655,3.2133125665725884e-75,8.431477064422133e-75
UGP2,5382.1836,0.1752994528374181,0.017621418676861855,9.94808965452926,2.5707048017882383e-23,4.183945883732252e-23
UGT1A10,428.31305,-2.162624286638867,0.11874589760834864,-18.21220210715574,4.129962786655631e-74,1.0735688505301583e-73
UGT1A1,468.70227,-0.2761792342806838,0.1141253144489398,-2.419964716980015,0.015522013095141247,0.017596339696195815
UGT1A3,68.59064,0.223079378642828,0.11978990254821267,1.8622552810997044,0.06256711559146849,0.06905583358596482
UGT1A4,319.63498,0.765343535492449,0.17214575743445149,4.445904139019351,8.752297283277898e-06,1.0925747770571754e-05
UGT1A5,8.689714,0.14604458342920923,0.14455149498838518,1.0103291110267938,0.3123376384331873,0.3290495203550458
UGT1A6,3167.4075,-0.5593674518424016,0.08198316036546374,-6.822955462424951,8.918631298609367e-12,1.2420440153799035e-11
UGT1A7,160.41876,-3.99253033012752,0.13439926115631598,-29.706490168007107,6.330898110539174e-194,4.0077970967806915e-193
UGT1A8,65.235435,-1.6264266613135536,0.10652527835675664,-15.267987902989539,1.2496994782668807e-52,2.7095454396203863e-52
UGT1A9,1284.5958,1.1036496838655707,0.10616043374108844,10.396054772696479,2.5841184907969974e-25,4.316546468176573e-25
UGT2A1,23.711681,-0.15165197824896268,0.10338415002547097,-1.4668784161943573,0.1424091329738041,0.15394825775042092
UGT2A3,780.20355,1.0502379568095954,0.12458352900765667,8.42999042630306,3.456934995805732e-17,5.2198872342660314e-17
UGT2B10,394.90723,-0.39006386963771383,0.12145611617729891,-3.2115621832358556,0.0013201539653759033,0.0015548429122462116
UGT2B11,124.17515,0.2889152972566309,0.10729800800444883,2.6926436252633112,0.007088799580099031,0.008136253842103742
UGT2B15,889.52277,-0.5235443823456786,0.09049221210962721,-5.785518666638719,7.228893240418076e-09,9.569118171760182e-09
UGT2B28,12.112377,0.20594951671638392,0.11014307589392772,1.8698362565679727,0.06150655983791046,0.06791474410131354
UGT2B4,1749.9679,-0.41083327116602075,0.13171721985699922,-3.119055136542117,0.00181432006676869,0.0021275050247289346
UGT2B7,2127.8608,1.1129061834100427,0.08947027573843139,12.43883707996667,1.608283565132888e-35,2.995978140958959e-35
UGT3A1,371.16977,1.1066679945672,0.11873787672781033,9.32026094002067,1.160545278671739e-20,1.8321604628162173e-20
UGT3A2,62.238182,-0.9177161426082036,0.05958156061412579,-15.402687226534788,1.5700667220136685e-53,3.433403694250943e-53
UGT8,663.179,0.7258599088783584,0.04884269726222603,14.861175765567806,5.888261826218145e-50,1.2490010681389376e-49
UHMK1,916.98517,0.26591231546798316,0.02741013404146636,9.701240974075793,2.97853550260196e-22,4.7898897549347e-22
UHRF1BP1L,1095.3995,0.5681700719161846,0.01561303465159679,36.39075199631842,5.961975031766879e-290,7.629154599103827e-289
UHRF1BP1,1510.4492,0.09477054514386539,0.01398033595652075,6.77884604766327,1.2113952669072726e-11,1.6812868115730564e-11
UHRF1,952.1178,-0.6337483996834501,0.03115463109049549,-20.342028696876177,5.4623555576331935e-92,1.6258493683896811e-91
UHRF2,1581.0605,0.0028283156337428534,0.014875272816654982,0.1901353789341028,0.8492030473455672,0.8573729154926061
UIMC1,941.5111,0.03952822368982816,0.009227646038011293,4.2836735963863575,1.8383254282571348e-05,2.2779347166090692e-05
ULBP1,73.26677,-0.04006659462065936,0.03924883586469069,-1.0208352359491086,0.3073325072179043,0.3239945378235974
ULBP2,190.90741,-1.0962746923762774,0.039963856809218025,-27.431653997003906,1.1501660907958632e-165,5.96288042844741e-165
ULBP3,106.86836,-0.283269670927931,0.032967733228552246,-8.592330839494924,8.522258136442583e-18,1.2982988132283339e-17
ULK1,3248.964,-0.1669600671157493,0.014289769251510162,-11.683888254396042,1.5408243766460774e-31,2.7555906082341434e-31
ULK2,1189.6329,0.6542560219009509,0.01810504671471307,36.136665771166975,6.02649977531574e-286,7.476752524415184e-285
ULK3,2033.4569,-0.3095835556171573,0.012895990814495918,-24.006186113994865,2.3964543316089784e-127,9.426084570561668e-127
ULK4,180.01862,-0.026042739638954846,0.02209049913905687,-1.1789113263135942,0.2384334871541377,0.25372503475700864
UMODL1,62.26188,-1.8434734745537493,0.05931091048187605,-31.081523779964048,4.280381331887417e-212,3.148276139302598e-211
UMOD,2198.0764,8.515039673370703,0.14950143003009067,56.956242302544204,0.0,0.0
UMPS,1525.8932,-0.3644772927655479,0.011640426620942433,-31.311334595745176,3.2712395941468154e-215,2.4675497183117827e-214
UNC119B,2489.7393,0.5030816406482829,0.016437373695342202,30.605962361909384,1.019617042666695e-205,7.118787164489452e-205
UNC119,1293.7754,-0.3391915285466317,0.013335338771316376,-25.435538936304724,1.0204913719816647e-142,4.446005530103726e-142
UNC13A,512.40857,1.3295606604529073,0.054822555463817396,24.252073789781846,6.287314370469168e-130,2.5212415455659205e-129
UNC13B,2924.3809,0.13386851457620783,0.020404668077199584,6.560680824099955,5.356265872878791e-11,7.349253060111827e-11
UNC13C,43.384983,2.2924086990378143,0.06837048476984381,33.52921522722518,1.8088656689140676e-246,1.7152629787341175e-245
UNC13D,1639.0381,-0.8754303230870377,0.030305087664744115,-28.88723942235887,1.726998957006853e-183,1.0170660042147099e-182
UNC45A,4409.765,-0.17742660621515283,0.01117304050586204,-15.879885705423185,8.733739953068181e-57,1.9610699426989644e-56
UNC45B,22.892788,0.14112077635019424,0.055158231820996335,2.5584717220118667,0.010513337031761182,0.012000506202602932
UNC50,1398.499,0.14456948379180504,0.008910198908134697,16.225169076732755,3.3479442440504924e-59,7.68788595360072e-59
UNC5A,402.29626,0.18924984530724273,0.054238441576498035,3.4892198191263346,0.00048443260208248703,0.0005786530946841911
UNC5B,2980.922,0.3717342284778911,0.026096442318490277,14.24463242694595,4.840883577981816e-46,9.930030102179525e-46
UNC5CL,523.0749,-0.28510264139149577,0.040418237130949115,-7.053811883675315,1.7408168960132769e-12,2.4514969347675386e-12
UNC5C,108.23809,1.2746357983040741,0.04220522479143489,30.200900589984492,2.304961306500099e-200,1.5426267994423246e-199
UNC5D,91.47708,1.392046781343533,0.07357985338384952,18.918857775939543,7.976442248315272e-80,2.170150845028072e-79
UNC80,345.52148,1.1550301892229178,0.06463570011549186,17.869848816661623,2.025425130816532e-71,5.149947575658021e-71
UNC93A,70.685036,-0.927637423310633,0.08192824969470847,-11.322558784879629,1.0146632751139788e-29,1.7762278261432068e-29
UNC93B1,2405.9038,-0.6685636928205047,0.019340439813835885,-34.568174211954755,7.601915796710826e-262,7.977701221919366e-261
UNCX,1.3745185,1.0641897543248249,0.2542754628421229,4.185184612113241,2.849344328115236e-05,3.515958614224989e-05
UNG,2513.8328,-0.3736441259624582,0.013686177323955906,-27.300839169198973,4.1454012209312625e-164,2.1274571075608666e-163
UNKL,837.68854,0.047727511252279746,0.014477055368964882,3.296769269432745,0.0009780381213359626,0.0011570618927467524
UNK,1733.2529,0.044066111595639966,0.010572571634310097,4.1679652897916215,3.073307188719122e-05,3.7888737468289093e-05
UOX,3.3442779,0.4039213783195515,0.052083199336977845,7.7553104160553525,8.812764193535646e-15,1.2855131204140733e-14
UPB1,553.5107,0.6329302251659628,0.06800415932404309,9.30722813806167,1.312118377743807e-20,2.0698448824179583e-20
UPF0639,22.814486,-0.1681630717719895,0.05440854889746872,-3.0907472296106957,0.0019965351703300632,0.002337941995441721
UPF1,6668.376,-0.1250143682713002,0.009494677927864811,-13.16678345712078,1.3628109198787495e-39,2.637151175535734e-39
UPF2,2040.9025,0.048027220481566914,0.01329753848499289,3.6117376562413153,0.0003041521727858108,0.00036588478407860567
UPF3A,1484.195,0.10742228766819285,0.013195036496099667,8.141113342122694,3.916595281821344e-16,5.83476974554374e-16
UPF3B,790.46326,-0.2504320429744465,0.014278494487488518,-17.53910702517599,7.205067603461871e-69,1.796325879731573e-68
UPK1A,206.69336,-2.5894768506004557,0.07263381619869974,-35.65111935625945,2.2640223646404846e-278,2.6674323681548397e-277
UPK1B,1389.2344,-1.9643680533587096,0.08983703059486267,-21.865905855875894,5.486550493991887e-106,1.8284609839119466e-105
UPK2,341.2911,-3.837366141240976,0.06558443104100374,-58.51032143347915,0.0,0.0
UPK3A,198.75484,-0.873560916152355,0.0668872399954449,-13.060202756338064,5.557956008044656e-39,1.070321853649084e-38
UPK3BL,987.813,-0.8815288319896656,0.036447784811097055,-24.18607431311632,3.117748237377652e-129,1.241914231359257e-128
UPK3B,787.8707,-0.5784016523345966,0.06081793061140127,-9.510380351977417,1.8996667552314732e-21,3.022689759262021e-21
UPP1,1831.058,-0.678287475822788,0.03084100030968519,-21.993043967830744,3.356970893243352e-107,1.1291024354128765e-106
UPP2,37.550583,1.759401873123092,0.06643552852067908,26.482846035844382,1.5277986260609173e-154,7.291245248001457e-154
UPRT,539.34894,0.23165100738691816,0.012614596649341349,18.363726865497,2.5639200989747053e-75,6.735335392906584e-75
UQCC,1939.3413,-0.0799107913360832,0.010903476442164925,-7.3289277745453285,2.3200136813271693e-13,3.3097301196930727e-13
UQCR10,3779.7764,-0.4588405432762495,0.014574493387909867,-31.482435173827472,1.5111567392636008e-217,1.1566030095739718e-216
UQCR11,3750.9426,-0.37904989462808825,0.015597427295324071,-24.302077993447227,1.8636284464709e-130,7.495379601284284e-130
UQCRB,8452.944,-0.20940573063303022,0.015244228047502913,-13.736722514285137,6.118342109927465e-43,1.2194158298190235e-42
UQCRC1,9510.238,-0.4477809020975752,0.014693685944889718,-30.4743754410586,5.696365106551945e-204,3.919307103896284e-203
UQCRC2,7659.6353,-0.00713894492197295,0.012488956348073498,-0.5716206160872824,0.5675790254667377,0.5839570133150047
UQCRFS1,4269.9834,-0.2470598590869453,0.015596322523222482,-15.8409047209097,1.6246639619447164e-56,3.6419878442229113e-56
UQCRHL,1262.6918,-0.5361676351392238,0.017209697760314908,-31.154971028928337,4.343680873328093e-213,3.221602874320097e-212
UQCRH,4572.9995,-0.5206002152214803,0.0152954377270666,-34.03630706823337,6.471666728490457e-254,6.461827509825268e-253
UQCRQ,5616.519,-0.6228885625628569,0.01965661029121046,-31.68850342631985,2.2374952990294625e-220,1.743995665885943e-219
URB1,2459.2375,0.0009257153222400063,0.01441402907637447,0.06422321734852846,0.9487924907833167,0.9509879046798713
URB2,838.8018,-0.17221970132497388,0.015622297191595289,-11.023967807860366,2.9285884678863844e-28,5.040420375154189e-28
URGCP,2321.4297,-0.01924865867862041,0.010712338982600943,-1.7968679585181369,0.07235658443586795,0.0795457477471697
URM1,2984.4001,-0.23176288125359085,0.011529862174229268,-20.101097285586885,7.217991891659193e-90,2.1171459000473924e-89
UROC1,68.80398,0.22843215032250233,0.08467961486728932,2.697604974709714,0.0069840261066533346,0.008018259037125993
UROD,3067.8352,0.03960781784119447,0.014658113038863638,2.702108909665295,0.006890118918234834,0.007913122979429288
UROS,1529.9578,-0.11102457466297991,0.013458185673032684,-8.249594511498628,1.5893287184147667e-16,2.3800767472016355e-16
USE1,903.8901,-0.20649795138132224,0.015272917064145552,-13.520531180392084,1.1831838135495598e-41,2.3303123981866586e-41
USF1,2342.1907,-0.25904358964466245,0.012324225245979165,-21.019056733742886,4.390725548728623e-98,1.371444943948543e-97
USF2,5666.6494,-0.11461718066007084,0.012350137724380107,-9.280639877708234,1.6846377722481178e-20,2.6527604923195475e-20
USH1C,1414.7136,-0.05464924390273083,0.07412622033396314,-0.737245790443893,0.46097289174436284,0.47843327401220853
USH1G,75.181244,-2.007964192277967,0.060099089501748484,-33.410892060511976,9.525062721638417e-245,8.911799262400576e-244
USH2A,37.90917,-0.07007360584554322,0.04612820381244965,-1.5191054507661295,0.1287359549361875,0.13959200666461516
USHBP1,134.5867,0.9598098559143305,0.028568231934137444,33.59710387843118,1.849117075380221e-247,1.7624613547596404e-246
USMG5,2193.427,-0.5203406990835908,0.015603255680377315,-33.34821333075842,7.732280038736436e-244,7.175090670402694e-243
USO1,4212.162,0.18267141495040898,0.01181201055055079,15.464887553955924,5.987773164038022e-54,1.3137738317345627e-53
USP10,3533.9468,0.0123448280032719,0.00896634375240088,1.3767961996735156,0.16857526614125407,0.18139660905759997
USP11,5335.143,0.5572258924666393,0.01845238405798698,30.19804328348825,2.5129250795930183e-200,1.681256710333035e-199
USP12,619.3555,0.4661761717893614,0.021463223869942556,21.719764682797816,1.3346085964329701e-104,4.3916755155614737e-104
USP13,1174.1431,0.4579779969982164,0.018465748893005705,24.80148515242105,8.640199858430945e-136,3.598728087516277e-135
USP14,3057.4836,-0.030403921075719025,0.012601845897986526,-2.4126561554428183,0.015836751901059074,0.017944146925292837
USP15,1976.8462,-0.14297662299057246,0.013340202551404473,-10.717725045000888,8.404509840906321e-27,1.427441527079434e-26
USP16,1940.4832,0.2462757587641084,0.010348631722860855,23.79790540038911,3.5107826324070126e-125,1.3562812829824359e-124
USP17L2,0.65638244,-0.16396341215101942,0.06638473998488445,-2.469896126554887,0.013515229012885356,0.015356431938460372
USP17L6P,0.36679822,-0.9856529689624863,0.17547360598688377,-5.617101007408269,1.9418791531532292e-08,2.5488181083777055e-08
USP17,0.5053711,-1.2575636213786625,0.14988052136846713,-8.390440664981815,4.843233270955056e-17,7.299088471639204e-17
USP18,881.6198,-0.23676625654806185,0.02225836430214795,-10.637181301108173,2.0009096737694506e-26,3.38511883399304e-26
USP19,3133.0095,0.11336614805435394,0.009746098200894495,11.631952163579596,2.8353804524169876e-31,5.055215923527231e-31
USP1,2388.063,0.10170576487343709,0.014909747525719311,6.821427706806883,9.01401282594161e-12,1.2552413619927854e-11
USP20,1827.5664,0.03234359892603837,0.013645729562883428,2.3702359611473915,0.017776736072680276,0.020089734649108952
USP21,1218.3364,-0.11869588933822721,0.011744001037403624,-10.106937913253848,5.146778736415148e-24,8.462547915900178e-24
USP22,11186.913,0.29009175642415685,0.012188780353191486,23.799900237614818,3.3477233587122907e-125,1.2940250590473423e-124
USP24,3166.8542,0.14636632711408595,0.011791928771449791,12.412416149295526,2.2379578042943828e-35,4.162487021526524e-35
USP25,1786.1489,0.37114912688371515,0.013335872293275763,27.83088490363368,1.8352191589482093e-170,9.845382571021501e-170
USP26,0.7837709,-0.514401248158311,0.08971220128193157,-5.733905096607119,9.81442607338003e-09,1.2952090518438066e-08
USP27X,304.69836,0.31417301064788605,0.0173615869175214,18.09586946979029,3.4348043385810965e-73,8.848434965098386e-73
USP28,1182.4786,-0.03589278919411137,0.015050170146157562,-2.38487597452678,0.01708488016432211,0.019326095969854087
USP29,0.35330364,0.05141900522158665,0.13371381328041504,0.3845452011285804,0.7005744007072496,0.7137206877501449
USP2,576.0746,1.103808260576156,0.03660800918457906,30.152097455251127,1.0068234425135982e-199,6.694290811931531e-199
USP30,914.01807,0.31935533091978147,0.012449323919797242,25.65242361570609,3.9728212253421e-145,1.7656115984880988e-144
USP31,1301.5078,-0.057774834449208556,0.01649680281296368,-3.5021837324628358,0.0004614612784123652,0.0005516022878814786
USP32,2474.706,0.2630225258218777,0.014660039869727488,17.941460470718827,5.59647167945272e-72,1.4283385598843918e-71
USP33,2717.1416,0.2809986289834468,0.010313736273363964,27.245085731845585,1.9003055828671897e-163,9.68176210250078e-163
USP34,5407.1436,0.2779475181217594,0.01216601733962574,22.846220777317235,1.5934475282672916e-115,5.706420092874897e-115
USP35,512.0027,-0.07828542171035395,0.018972614178919364,-4.126232735883996,3.687540955400434e-05,4.5381518655018705e-05
USP36,2726.0417,-0.06566851919943455,0.01077540874475964,-6.09429495947157,1.099208210004032e-09,1.4776348595227525e-09
USP37,1087.8882,0.041663764471603866,0.014165907850207816,2.9411291469746965,0.003270181600516867,0.003799659125951541
USP38,1631.5239,0.2455896102915017,0.012364070984568248,19.863167285113875,8.4790948642152e-88,2.4520723343829157e-87
USP39,2600.5125,-0.19123987440934678,0.008950507362560709,-21.366372504120672,2.746614690753446e-101,8.774255215604804e-101
USP3,1146.7776,-0.06859943569929881,0.012376671316934144,-5.5426401770433165,2.979447133850672e-08,3.89886644800526e-08
USP40,2095.053,0.017538282459767723,0.012063676459503011,1.45380908702605,0.14599924343719461,0.1577287660991162
USP42,898.506,0.0657942815831618,0.011299916429603698,5.822545856250133,5.795789012647154e-09,7.686565598884985e-09
USP43,441.24075,-0.4219626931757745,0.030434368443148452,-13.8646771646996,1.0369157376504845e-43,2.0849943212667865e-43
USP44,47.426926,0.31293231530950244,0.042844912763354254,7.303838311865045,2.7967243407368427e-13,3.982828123465402e-13
USP45,409.54517,0.0839125331378965,0.013773927616123767,6.092128220542443,1.1141938296440455e-09,1.4975818431189755e-09
USP46,1172.1097,0.5671779963667606,0.01711127386749446,33.14645074112243,6.371111425566031e-241,5.782855885559466e-240
USP47,3615.0396,0.3974334707057438,0.011301234598577597,35.16726134999143,6.332599992292307e-271,7.111163995757258e-270
USP48,2657.2517,0.006050691664456154,0.010897950244282426,0.555213735503209,0.578748474981363,0.5949977378248532
USP49,53.439003,0.311569591987498,0.025269764489500374,12.329738653360051,6.264958695220312e-35,1.1609019211430813e-34
USP4,2690.482,0.1463561553957319,0.009397301228443684,15.57427519219477,1.088802195669361e-54,2.4037002712678942e-54
USP50,0.4130937,-0.3095995516996249,0.06619802436102326,-4.676869962329481,2.9128684029627593e-06,3.6729275248308444e-06
USP51,100.73236,0.9138583377597352,0.027792201570319586,32.88182605640287,3.997984753368078e-237,3.5312352101440653e-236
USP53,1537.7415,0.28004302494322264,0.02126443703148075,13.169548035936028,1.3138179945181832e-39,2.5433127841015203e-39
USP54,2627.5188,0.5753367920685342,0.02320703610624935,24.791480886850668,1.1077305533927625e-135,4.610034001742284e-135
USP5,5315.5195,-0.1547797813170187,0.011362579991443262,-13.621887056775627,2.967983461747733e-42,5.876791995499134e-42
USP6NL,1290.5513,-0.10659226040144117,0.014699673125611242,-7.251335420222744,4.126822716873695e-13,5.85981194677302e-13
USP6,143.20372,-0.07686883506484844,0.024224477720543282,-3.1731885389487973,0.0015077457810819316,0.001772604744300228
USP7,6035.929,-0.09174380242613442,0.009578295821062555,-9.578301207234684,9.865419920139566e-22,1.5749242072776713e-21
USP8,2439.9263,0.30788538514893565,0.010746053009286634,28.651020507982246,1.5568020263520213e-180,8.958432010882082e-180
USP9X,7472.7095,0.25735140265610756,0.01131820803543038,22.737822263957142,1.893967696520307e-114,6.719987510187685e-114
USP9Y,541.17365,0.3778864391333852,0.08419627632984637,4.488160944944663,7.184064769910079e-06,8.982397264054492e-06
USPL1,931.54285,0.2051200719217629,0.013109648730200076,15.646496419788697,3.510199161487225e-55,7.77798701879826e-55
UST,846.3047,1.2223034655177532,0.033773634870136994,36.19105465602481,8.417709595043948e-287,1.0546224593569215e-285
UTF1,11.625403,-2.900884840224607,0.08705740239318434,-33.321518451964685,1.8841716194406624e-243,1.7428373466693525e-242
UTP11L,1409.8844,-0.07337163928400899,0.010683765463557116,-6.867582364502805,6.52990528821233e-12,9.114379662876376e-12
UTP14A,1187.3984,-0.3414417423156449,0.011229007266990224,-30.40711740559444,4.423064191387784e-203,3.027880426108403e-202
UTP14C,2073.6995,0.3879447674091207,0.013261887861027215,29.252605019318267,4.160445138591747e-188,2.5306992105344905e-187
UTP15,564.4402,-0.07695818032776541,0.01104345873511528,-6.968666445328287,3.1995928468545804e-12,4.48718817724822e-12
UTP18,1706.2312,-0.10877015988755112,0.011636726318806113,-9.347144283334023,9.004606652975305e-21,1.4233290904341945e-20
UTP20,1536.9442,-0.025714044061406448,0.015044763496417243,-1.7091690452648183,0.08741964096083543,0.09570748926229558
UTP23,971.2924,0.09561988541857742,0.012948290085439157,7.384750016228444,1.527400886158421e-13,2.1863428700906485e-13
UTP3,1524.0383,-0.06336775657187187,0.009201019972337661,-6.887036085388728,5.696677584582657e-12,7.959007613540922e-12
UTP6,1732.383,-0.2017728233886689,0.010150344237796196,-19.878421722619038,6.257132870342272e-88,1.8102738113869304e-87
UTRN,4822.105,0.8649205353030427,0.02089674964386897,41.39019464956873,0.0,0.0
UTS2D,11.19729,-0.014778950462631075,0.037949866617204245,-0.3894335284944366,0.6969554735751136,0.7101760003261129
UTS2R,8.193215,0.49189369158742396,0.06831567240771472,7.2003052045181315,6.007792989862792e-13,8.518187720636297e-13
UTS2,12.990262,-0.7544016512314035,0.060492123804304285,-12.471072327894106,1.0737134371372058e-35,2.0030909801774374e-35
UTY,344.7482,0.1463193157857781,0.08325419844593789,1.7575007449118891,0.07883249498939617,0.08651092957573935
UVRAG,1351.4397,0.20029626243925663,0.013025511048019705,15.377228709172842,2.326963446314982e-53,5.078212970685681e-53
UXS1,2211.004,0.10127551599284629,0.013003329957047208,7.788429296755606,6.784731998569942e-15,9.915322572599631e-15
UXT,2472.0923,-0.41054027174938096,0.013152408900627834,-31.214074535789695,6.864074027120374e-214,5.126400701325888e-213
VAC14,2874.237,-0.20365280760554058,0.011082756807478845,-18.375645260763278,2.0584539233059288e-75,5.413779023974345e-75
VAMP1,548.1168,0.2791906302200178,0.023762531367244374,11.749195651977972,7.129422598533913e-32,1.278160573120394e-31
VAMP2,4395.0645,0.7045324381458875,0.020096567804387913,35.05735133499059,3.012770269914809e-269,3.3535806410713834e-268
VAMP3,4828.29,0.20477501415908303,0.010953080351582174,18.695655248206343,5.370662863127793e-78,1.4402176663648411e-77
VAMP4,970.14545,0.40793354937600274,0.014228866730649586,28.66943356053061,9.178425312646025e-181,5.295085319925203e-180
VAMP5,1424.6318,0.08562139989316656,0.025089390777131685,3.4126536054119017,0.0006433365932843834,0.000765678107253406
VAMP7,2244.8125,0.17121046316854396,0.011275584956297926,15.184175706371237,4.501868357689635e-52,9.709061217606278e-52
VAMP8,5246.22,-0.6203929927604713,0.021216626322655224,-29.240887939757528,5.863274439425357e-188,3.562232298187432e-187
VANGL1,1801.9071,-0.17012486816551584,0.018592095393401408,-9.150387009411297,5.672994573059276e-20,8.869336239664706e-20
VANGL2,2103.1216,0.22714571275569176,0.0322246635349436,7.04881565355619,1.8044701952317584e-12,2.5396847857616103e-12
VAPA,6975.1553,0.13033108300555082,0.010437736886553646,12.486526957146152,8.84303338335612e-36,1.6515486345449705e-35
VAPB,2585.9565,0.003941250358833785,0.010655080771904165,0.36989399172142046,0.7114614783598668,0.7244133152252328
VARS2,1981.2954,-0.14622084228458573,0.013599306842577406,-10.752080527133195,5.7939751323538636e-27,9.857892338257756e-27
VARS,5263.2183,-0.407248881908176,0.013717669595556804,-29.687905738747723,1.1000843685008714e-193,6.946841705430906e-193
VASH1,1739.8878,1.0597820017862025,0.021323347341032882,49.700545830665426,0.0,0.0
VASH2,228.61295,0.49335486597969425,0.033996476849332505,14.511940992184927,1.0179870359273227e-47,2.116327791733316e-47
VASN,2199.4119,0.4110583405400745,0.029708517314238986,13.836380193334605,1.5375664571971578e-43,3.0861989058539815e-43
VASP,5020.918,-0.3585481063285271,0.015728335439162296,-22.796316095584476,4.9876582376391105e-115,1.778660607113236e-114
VAT1L,787.0701,0.8506721016996317,0.05828538947217922,14.594945824384935,3.0245288014466794e-48,6.322010458793937e-48
VAT1,12126.275,0.02305601069877241,0.021434904417953957,1.075629274999734,0.28209308929681287,0.2983290844628234
VAV1,600.0689,-0.4972581084376859,0.029534564381097982,-16.836480200667168,1.3184958734511753e-63,3.145817120308506e-63
VAV2,2896.2192,-0.1619056149132799,0.016907810988957696,-9.575788079191248,1.0108341998675577e-21,1.6134514680598674e-21
VAV3,2515.9438,-0.16558841441333266,0.03724384653091253,-4.4460610231516675,8.745911393002542e-06,1.0918445551271692e-05
VAX1,14.861988,-0.20706095578386613,0.09029475438713215,-2.2931670526075902,0.021838389212264383,0.024587057787562382
VAX2,96.07979,0.07745376294359368,0.04401139632995525,1.7598569780181392,0.07843205939361685,0.08608541146124564
VBP1,2119.7314,0.08110015743193762,0.011897709979535915,6.816451028931622,9.33170161065084e-12,1.2987702562977883e-11
VCAM1,3724.5723,0.8850655753312511,0.04104844373168172,21.561489178897812,4.1309898060622174e-103,1.343924919488985e-102
VCAN,10943.619,1.0560111591659385,0.03546536801454165,29.77584100446804,8.029529381891184e-195,5.127766269947385e-194
VCL,8024.739,0.6574988648300043,0.01807881377311484,36.36847378824027,1.3416507515396648e-289,1.7114453415160423e-288
VCPIP1,1508.5468,0.11705852122599414,0.013132828786926226,8.913427801824865,4.947862866246622e-19,7.6562696734753355e-19
VCP,17005.74,-0.23244473628735968,0.00998630834335385,-23.276342798092927,7.698903881353658e-120,2.8498542567359835e-119
VCX2,1.0240924,-1.1643815242597664,0.1749898724627763,-6.653993787597352,2.8524471885472885e-11,3.9323518629221456e-11
VCX3A,25.486197,-0.6650509061362272,0.06352476180701369,-10.469160170275517,1.1970022709011842e-25,2.0078906841292915e-25
VCX3B,3.5205672,-1.3434938926423217,0.08079032771599862,-16.629390307279003,4.2691628411195234e-62,1.0051565431057289e-61
VCX,7.9163356,-0.9468251396305233,0.08246529729813533,-11.481497922786637,1.6342438549127473e-30,2.8901642322940078e-30
VCY,4.1517553,-1.7381541860655838,0.2432838672113794,-7.144551778089636,9.029001967344444e-13,1.2771586955684397e-12
VDAC1,10486.622,-0.2865219524086082,0.012940073333337136,-22.14222014263629,1.239771026364206e-108,4.213069324945563e-108
VDAC2,3943.0908,-0.3307901761896238,0.012603296676139984,-26.246321473639625,7.873282499846008e-152,3.683183787094781e-151
VDAC3,4370.3594,-0.1994416270721865,0.012492458810166652,-15.964961750354245,2.2417908116824596e-57,5.068927047428165e-57
VDR,1698.772,-0.5862025013962109,0.0321771428730935,-18.217978634964293,3.716317189627491e-74,9.66413356285938e-74
VEGFA,11363.368,0.7216804118876818,0.030027960884648226,24.033613692917804,1.238677945786044e-127,4.8787472041512995e-127
VEGFB,3849.183,0.061569430193694305,0.01812428549566874,3.3970679952270615,0.000681120401929598,0.0008099369349269719
VEGFC,526.0404,0.5912515019135453,0.03055268092896886,19.351869752056476,1.9657978717019077e-83,5.498994073918541e-83
VENTXP1,0.23653479,-0.3764931522953753,0.2372447797028304,-1.5869396695133418,0.11252630923911826,0.12250270733111644
VENTXP7,0.5069624,-0.870020666262124,0.11625024193220622,-7.484033166739514,7.207575325459406e-14,1.0371715157692114e-13
VENTX,101.77101,-0.8386274077744614,0.04109346890426705,-20.407802751531165,1.4255054818104922e-92,4.2629063020240616e-92
VEPH1,273.37946,1.2633710526959903,0.046373029025964414,27.243660361039268,1.9756554530641027e-163,1.0063139697005771e-162
VEZF1,3110.5698,0.47304812159446286,0.011626531210312157,40.686952371047056,0.0,0.0
VEZT,2731.5225,0.18748307109272203,0.012906217023340268,14.526570470159301,8.223573877959523e-48,1.7113742265294687e-47
VGF,931.7488,-0.11460145474827987,0.06610347708497029,-1.7336675739608922,0.08297708309801907,0.09091708921977129
VGLL1,262.32175,-0.9933957846808095,0.07692578728504229,-12.91369019077909,3.7680130884672217e-38,7.194314777089391e-38
VGLL2,9.51836,1.6118767196378054,0.11026520726768506,14.618180653528695,2.1507103262854053e-48,4.499209980769068e-48
VGLL3,922.4504,1.100506572685852,0.0429563398434666,25.619188615606237,9.325709147825306e-145,4.1265401551961616e-144
VGLL4,4325.9365,0.2453270711337502,0.013337601080965471,18.393642878093313,1.4771316751866296e-75,3.8899138242303183e-75
VHLL,0.7998475,-0.01991765980356328,0.061190081061759265,-0.32550471347570775,0.7447991158596678,0.7568060091728378
VHL,1647.0342,0.056802908108497266,0.013939421504336058,4.074983175652441,4.60176738634275e-05,5.6516488036769044e-05
VIL1,1463.232,-1.493468878631314,0.08957214997905814,-16.673361965527064,2.047474579123524e-62,4.835231986588078e-62
VILL,904.7518,-0.8653397119964937,0.03216139526297376,-26.90616202813588,1.8602836390261533e-159,9.194832388184864e-159
VIM,70775.25,0.6511062417086019,0.028183135323081487,23.102690110399372,4.3504987369816225e-118,1.5895872897740282e-117
VIPAR,1097.0634,0.130768336192238,0.008292610177150848,15.769261233640552,5.063862961245698e-56,1.130553635574089e-55
VIPR1,665.816,-0.0782728132562027,0.039687664091814824,-1.97222021117503,0.04858447339870026,0.05392124367227097
VIPR2,337.4871,1.8082330020401587,0.05572216156277023,32.45087683835111,5.264501745900099e-231,4.456548484190442e-230
VIP,55.446648,0.985397433741449,0.06092287628941363,16.174506092921916,7.630722973905805e-59,1.7473162639269854e-58
VIT,92.88913,1.480614048181892,0.06122485305522744,24.183219302238495,3.341019842596941e-129,1.3305912162643022e-128
VKORC1L1,2573.9934,0.20265849779743822,0.012746695066312935,15.898905303934484,6.448167987535954e-57,1.4501077218407653e-56
VKORC1,3866.5994,0.023691275126545286,0.016850574036621442,1.4059624957023371,0.15973526176761732,0.1721390109213911
VLDLR,1274.6577,0.3571524262928984,0.029840052940144884,11.968893855828538,5.171344849797971e-33,9.372688489008893e-33
VMA21,2736.1487,0.03325958284952961,0.011910939549900884,2.792355943894147,0.0052325760991810185,0.006032960516662496
VMAC,236.26572,-0.36475882225489875,0.015322609884695828,-23.805267183576778,2.9455885708796625e-125,1.1390168606750056e-124
VMO1,136.83853,-0.12171195109931131,0.03167132692818466,-3.8429697427990774,0.00012155445949160311,0.0001476479470669738
VN1R1,34.654205,0.38679525284537974,0.026952523645156684,14.350984640166937,1.0503530481837328e-46,2.165920967079167e-46
VN1R2,0.34543765,0.32931723663408446,0.08500895046499087,3.8739125095975253,0.00010710187622923183,0.00013028723100806232
VN1R4,0.08732107,-0.5143674338439441,0.32295502784240676,-1.5926905900190578,0.11122961956951206,0.12114287834032506
VN1R5,0.82696354,-0.5518520218451709,0.060240441078672345,-9.160823061113838,5.1502981329840484e-20,8.058324599555967e-20
VNN1,1101.3934,-0.24226801602730788,0.05332324995004569,-4.543384288359571,5.535819854386538e-06,6.939459172184935e-06
VNN2,238.17407,-0.3551750036738813,0.039652122154441576,-8.957276039110983,3.3279779287599354e-19,5.16223258298084e-19
VNN3,87.99796,-0.7119469348439482,0.06085439933922939,-11.699185968055334,1.286819708082303e-31,2.302545476959712e-31
VOPP1,3195.0503,-0.04050379096077884,0.02036890119223286,-1.9885113378734385,0.04675516633336938,0.051944798438257424
VPRBP,1781.5646,0.053023726668487065,0.010542187893115802,5.029670046301519,4.913245952092126e-07,6.292700952355535e-07
VPREB1,1.8471322,-3.5243300951457472,0.17456645336524207,-20.1890456453959,1.2220212949947718e-90,3.6061938751701056e-90
VPREB3,67.954346,-1.1800824498150562,0.04324598794147404,-27.28767467197405,5.940514709174271e-164,3.041824420625729e-163
VPS11,2516.3665,0.2634854850886369,0.011228915948345993,23.46490848276837,9.312064993619835e-122,3.498511371195907e-121
VPS13A,1493.5184,0.10846688498743498,0.01899460054369911,5.7104062145395105,1.1270683306082855e-08,1.4855615785869536e-08
VPS13B,1979.1561,0.34968638416283776,0.016626803334580654,21.031486156786087,3.378980281227181e-98,1.0563983345439831e-97
VPS13C,3162.5798,0.34796308527216585,0.018119202853078963,19.204105616215735,3.419630652231033e-82,9.473433181218071e-82
VPS13D,3913.9797,0.577387807914166,0.01568478420206212,36.81197015374016,1.1879904955434632e-296,1.597509808373142e-295
VPS16,2122.3394,-0.14554579445727236,0.010036317175304708,-14.5019125955287,1.1782063786620596e-47,2.447663639100089e-47
VPS18,2120.8372,-0.0514014335412916,0.013163918649286515,-3.904721299996605,9.433403508563799e-05,0.00011489271478275327
VPS24,5735.6143,0.16863878142049524,0.010556828930331394,15.974378531035022,1.9276603319117398e-57,4.3620358672214194e-57
VPS25,2523.862,-0.31649189229528396,0.010930375640376452,-28.95526217106146,2.4092630291646857e-184,1.427122083525279e-183
VPS26A,2972.3708,-0.0005308299733456267,0.010197152229754529,-0.052056688120895596,0.9584835240160143,0.9599452019599585
VPS26B,3195.3062,0.21195723501164085,0.012010252975928483,17.64802418703882,1.0537887375410998e-69,2.6414780728391097e-69
VPS28,5349.7295,-0.3988825742306046,0.014905367403808706,-26.76100249153736,9.195267556706285e-158,4.48613592588026e-157
VPS29,2651.5708,-0.12608920956906797,0.01031484397578033,-12.224053981342863,2.31258169424064e-34,4.256563666309122e-34
VPS33A,1363.8188,-0.08003534425965604,0.010070911646561292,-7.9471796663993235,1.908055878560224e-15,2.814119793654564e-15
VPS33B,772.5088,-0.07591382680234306,0.009518032723231096,-7.975789641598598,1.5140963366537236e-15,2.2364860565866037e-15
VPS35,5845.9746,0.011808584426042061,0.010556826684793737,1.118573296561871,0.26332222084870627,0.27926119155382667
VPS36,2301.558,0.0967838867501123,0.012929556593144763,7.485476091378649,7.128823548096004e-14,1.0259841553491202e-13
VPS37A,1459.2078,0.2492839483893728,0.01215898954674119,20.50202834956668,2.065041181531497e-93,6.214659780458203e-93
VPS37B,2803.962,-0.3365571644993625,0.01568831187618113,-21.452732910692728,4.305960484896061e-102,1.387105213797451e-101
VPS37C,1762.7903,-0.19261940326440224,0.012019877764392712,-16.025071722027956,8.539230326118783e-58,1.938129210807718e-57
VPS37D,278.20782,0.3207768947799902,0.029639850486382822,10.822486939580276,2.6936724420478073e-27,4.5960842480431875e-27
VPS39,3905.384,0.25324625626020547,0.009579652604170843,26.43584968310288,5.307345860732559e-154,2.524585382678836e-153
VPS41,2613.7734,0.34971154791030906,0.01130499972262849,30.934237637380388,4.1397822627030914e-210,2.9887172725663915e-209
VPS45,1930.6083,0.15457569530137114,0.010902955872640712,14.177411805293557,1.26423900957851e-45,2.5852392523110575e-45
VPS4A,4578.0537,0.04751570738329446,0.010984632148786883,4.3256530341384245,1.520806428049099e-05,1.8888542013574674e-05
VPS4B,2652.8052,-0.007662216550516829,0.012603449014769235,-0.6079460107735535,0.5432232821188849,0.5598037457308351
VPS52,3157.744,0.028532861969215933,0.008718486882814422,3.2726850831718197,0.0010653109913712569,0.001259065742094939
VPS53,2280.691,-0.0185431164579664,0.01176322354467628,-1.576363518685192,0.11494205080744001,0.12504569906960944
VPS54,1522.1235,0.08942433445382894,0.01150815163666294,7.770521042574622,7.816392615237982e-15,1.1412359240793897e-14
VPS72,2394.2932,-0.13717941061839192,0.011467761705161015,-11.962178334823172,5.607142595831116e-33,1.0158922853833379e-32
VPS8,1612.1077,0.10283296658034562,0.01093765899090984,9.401734563658357,5.367086751283212e-21,8.495453208628122e-21
VRK1,688.31067,-0.5243254232960636,0.016748777641336997,-31.305294901163222,3.9529185181359253e-215,2.977338812827573e-214
VRK2,945.07324,-0.2738524475945444,0.01760807899389321,-15.55265896350881,1.526350088969744e-54,3.366005357596947e-54
VRK3,1540.5748,-0.1364433196792756,0.010181667097601198,-13.400882033495444,5.974881876667617e-41,1.169978071819525e-40
VSIG10L,449.88782,-1.3928881424687125,0.03506197615879173,-39.72645854758669,0.0,0.0
VSIG10,1354.9127,-0.1320520416236679,0.020298104588987828,-6.505634112029803,7.736632588198818e-11,1.0591762683285571e-10
VSIG1,365.4883,-1.280784003333872,0.05620059233960581,-22.789510750961874,5.826273333970486e-115,2.0766298810627647e-114
VSIG2,917.8205,-0.6532158990923054,0.05698139011065786,-11.463670819959992,2.008190946851217e-30,3.547484554181686e-30
VSIG4,1340.9036,1.093644493629409,0.034246749030044966,31.934257253730724,8.937168178312848e-224,7.155006171540358e-223
VSIG8,47.576263,-2.532507138870448,0.058814323523346215,-43.05936015510192,0.0,0.0
VSNL1,836.2822,0.16129178466322627,0.05297873333698404,3.044462834497965,0.0023309622889231348,0.002724072168083698
VSTM1,9.410877,-1.6665326053442848,0.07236914011798119,-23.02822173411744,2.431647457909958e-117,8.826156283756255e-117
VSTM2A,243.24599,0.4657910866478259,0.10923534852562473,4.264105831443009,2.0070430566935142e-05,2.483975051138192e-05
VSTM2B,32.768986,2.5040254772926467,0.13281349804948236,18.853697207491074,2.7400578699023e-79,7.430053033210033e-79
VSTM2L,937.8576,-0.35905465804206876,0.04995779905652417,-7.187159258874085,6.615323224417612e-13,9.375008041620366e-13
VSX1,6.7339725,0.5555006152673554,0.05830166857441513,9.528039743122019,1.6028106523942634e-21,2.5523364937109744e-21
VSX2,3.9812055,-0.32225252624345196,0.07497652636883141,-4.298045559728891,1.7231075055172104e-05,2.136594537110962e-05
VTA1,2194.5488,0.04144809046494811,0.01114341939518174,3.7195127451516083,0.0001996074755654557,0.00024111834549882
VTCN1,1569.3418,0.027219293355695603,0.06362353647028514,0.4278179878983645,0.668783639751575,0.6828710628267373
VTI1A,828.3449,-0.07928406094206861,0.00931265450043924,-8.513583419027206,1.6863907613512767e-17,2.557029083961469e-17
VTI1B,2688.2908,0.03525263857871677,0.010534864304410297,3.346283118612042,0.0008190272298021661,0.0009712024795586404
VTN,16501.117,-0.4637933003696466,0.08253673573547356,-5.619234832064147,1.918050094559985e-08,2.5181906155379333e-08
VTRNA1-1,0.064879745,-0.5228964146810765,0.5694017956435907,-0.918325896900361,0.35844827328286955,0.3757993921296638
VTRNA1-2,0.013464146,-0.44259599982414344,0.9486049352082636,-0.4665756875141839,0.6408034848507953,0.65574858748818
VTRNA1-3,0.006791357,-0.4304573218810661,1.4706232470299436,-0.2927040101877986,0.7697484043955772,0.780871381986624
VWA1,5272.1235,-0.06434198309238867,0.0236011294293144,-2.726224746366207,0.006406336062830898,0.007363741864452025
VWA2,399.93396,-0.537393410577015,0.046568713487362086,-11.53979507556836,8.312301079965263e-31,1.4751581039662899e-30
VWA3A,67.56079,-0.802620495417823,0.0628178406192805,-12.77695138045667,2.2054607797330357e-37,4.1838404784369056e-37
VWA3B,59.8637,-0.270460116517328,0.05566462126687434,-4.858743495633502,1.1813306098614342e-06,1.5020428357587395e-06
VWA5A,1394.4612,0.3103710824695642,0.02333969559947348,13.29799187597656,2.3776871423807327e-40,4.635385668077117e-40
VWA5B1,24.63808,-0.24411827348306875,0.07342259439837069,-3.3248385661578572,0.0008846974479092485,0.0010484635509624767
VWA5B2,340.38208,-1.8878384336421998,0.0586269842265004,-32.200845029802245,1.717482646084853e-227,1.4127769370360212e-226
VWC2L,1.6175947,2.9345132511702943,0.1299793192505071,22.57677042849142,7.331416746454845e-113,2.5734536817426586e-112
VWC2,25.88418,1.4944025959521785,0.07057969682166645,21.173264596589043,1.6847352402715302e-99,5.309523956143666e-99
VWCE,225.91692,0.3319932684534957,0.042730791271329976,7.769415416284253,7.884917494222102e-15,1.1509932979484316e-14
VWDE,97.18112,-0.15575142675431872,0.05445367643485591,-2.8602554859752667,0.004232998380366406,0.004897960444778611
VWF,10875.951,1.2110109202453079,0.027585462289886016,43.90033081625444,0.0,0.0
WAC,5855.575,0.2562971095517514,0.008960973550586641,28.601480420056877,6.4398618226854075e-180,3.680773353398434e-179
WAPAL,2828.6716,0.11937993583051235,0.010774555682154961,11.079801279251992,1.572211221988642e-28,2.7165109283261273e-28
WARS2,768.2716,-0.0577451804530559,0.012427671017543863,-4.646500568894874,3.376132027886986e-06,4.249438760788325e-06
WARS,12937.166,-0.4279641670193051,0.0268516206233684,-15.938113122559795,3.4460273271213435e-57,7.771980763582966e-57
WASF1,913.22455,0.5968299856581343,0.027670701346080913,21.569022707213207,3.51031832594258e-103,1.1427337831446274e-102
WASF2,8600.752,0.09739195661232465,0.014123253546090628,6.895858400792013,5.354050604053442e-12,7.483393948093094e-12
WASF3,1035.3578,1.8117275253573402,0.03352993968175402,54.03312808055027,0.0,0.0
WASH2P,998.0346,-0.5548949907631654,0.018604354487899516,-29.826081368427776,1.793614205669978e-195,1.1503215346820267e-194
WASH3P,1168.7615,-0.558516636811123,0.01692258519249341,-33.00421480867309,7.066724578263957e-239,6.337949149289687e-238
WASH5P,663.2906,-0.8544506430381161,0.02038687523718492,-41.91180026842119,0.0,0.0
WASH7P,3146.3118,-0.45237739610475025,0.01536737282080626,-29.437523341157277,1.8185968705278042e-190,1.1223041432881348e-189
WASL,3995.2495,0.2966321169659614,0.012599025314678795,23.544052778460816,1.4444233596834455e-122,5.470054906955964e-122
WAS,671.5131,-0.4739944858673403,0.028731865048228843,-16.49717082659621,3.844896095502437e-61,8.972746401688917e-61
WBP11P1,29.661285,-0.4787456743618798,0.02588635135183625,-18.494134915151722,2.3020644528194695e-76,6.099392268994219e-76
WBP11,4580.3926,-0.020167612790934257,0.011046950212286627,-1.8256272005737344,0.0679064357037771,0.07475840180031351
WBP1,3478.4485,-0.06677658953427483,0.014451479899464794,-4.620744034439537,3.823662890340237e-06,4.80649251570986e-06
WBP2NL,16.410162,0.36884077006919497,0.03161058607140394,11.668267372077024,1.851557414498753e-31,3.309266737053824e-31
WBP2,7970.343,0.2090593773407328,0.014569765093373209,14.348850238897787,1.0831810785005379e-46,2.2331628938929062e-46
WBP4,714.955,0.3078443327743208,0.011533309617651085,26.691760039389063,5.866672610858325e-157,2.8437997067729676e-156
WBP5,2522.2463,0.17704415498472947,0.018439308879496342,9.601452860394046,7.882537554696281e-22,1.2597580820791396e-21
WBSCR16,2562.5984,-0.22775657446403913,0.010519336580938048,-21.651229876678137,5.917987931883333e-104,1.9382933768534873e-103
WBSCR17,534.82166,0.8541093328714204,0.05183434847267129,16.47767085028056,5.309114538826762e-61,1.2378408485567345e-60
WBSCR22,3546.7722,-0.45842342299481137,0.012063207252351387,-38.00178620867634,0.0,0.0
WBSCR26,67.39406,-1.1468006414991267,0.04492601431784318,-25.526427369802402,1.0033924276219371e-143,4.402600524559271e-143
WBSCR27,231.18752,-0.5751300318612262,0.034390343592410055,-16.723590746216253,8.823876778202279e-63,2.094012208036137e-62
WBSCR28,12.484999,-1.4890876940749722,0.05110327379288024,-29.13879255779565,1.1585571615500895e-186,6.970172946808e-186
WDFY1,2907.4778,0.1661967470825834,0.013804448365776913,12.039361709998316,2.2065630455609875e-33,4.014962645864344e-33
WDFY2,601.63416,-0.18393117008060203,0.018412517107689153,-9.989463635245803,1.6949637932538054e-23,2.7652670780394444e-23
WDFY3,2796.3848,0.8098620373784386,0.01685985139269596,48.034945179249185,0.0,0.0
WDFY4,687.5091,-0.35497967307493294,0.035176136731295674,-10.091491165916265,6.0247255532025644e-24,9.894916710039609e-24
WDHD1,628.6522,-0.44016542095461897,0.025248602577261584,-17.433258716307083,4.614007175631646e-68,1.1425027011516015e-67
WDR11,2316.2437,0.17012253108014408,0.010899726823188306,15.607962826941849,6.4256133372667225e-55,1.4214827983637206e-54
WDR12,1055.5931,-0.27743957665488633,0.012665376435078604,-21.905355760802895,2.3097021540646814e-106,7.727728209466368e-106
WDR13,4350.2383,-0.23345935940936874,0.01584060611259074,-14.738031976175838,3.6733408135824845e-49,7.741774909288386e-49
WDR16,36.077206,0.07605766533978911,0.053122859220612016,1.4317313950277404,0.1522207078518163,0.16424959673283485
WDR17,150.14182,1.4825035524137178,0.04487787950135874,33.03417115260165,2.625725406264759e-239,2.3601387879092374e-238
WDR18,1818.7516,-0.5234238420391341,0.014583609972463359,-35.891239756648616,4.184516651090586e-282,5.0619473855943696e-281
WDR19,915.6231,0.526596197630591,0.016315364946756165,32.276090626786086,1.5148439249780546e-228,1.2557291314588036e-227
WDR1,14902.069,0.06017631124744571,0.011519744616555404,5.223753932961704,1.7533174119837486e-07,2.2659677007920485e-07
WDR20,934.9008,0.16359074511002966,0.008813095935438489,18.562233556565765,6.494741972421217e-77,1.7286763213037465e-76
WDR24,988.16296,-0.15323222945600395,0.012205867799838434,-12.553980754898252,3.780175155682924e-36,7.0807421100882e-36
WDR25,511.0093,-0.01264672529706758,0.013611851174564945,-0.9290966478313547,0.35283900155864967,0.3701875059489043
WDR26,5782.037,0.16499301276209016,0.010890114239744501,15.15071459580585,7.494724700117765e-52,1.6136326160078e-51
WDR27,334.6181,-0.20312517567371813,0.020065579104717377,-10.123065704391447,4.365242297688865e-24,7.186799930345106e-24
WDR31,114.69342,0.5826921289040927,0.02387591330454748,24.40501946340672,1.5127172282003403e-131,6.136164584365556e-131
WDR33,2978.0093,-0.054788236985362816,0.006710607366200858,-8.164422979254203,3.2297532471256796e-16,4.81647717244592e-16
WDR34,3708.3901,-0.5687842329925319,0.017147230342878128,-33.170618322554276,2.8567505834761963e-241,2.599936751407773e-240
WDR35,1011.7371,0.6286184278402637,0.017074514151716146,36.81618242572845,1.0172247301761896e-296,1.36968771704081e-295
WDR36,1663.1005,0.05434512560412593,0.011184834291981968,4.858822597227402,1.1808588048022415e-06,1.5015367189412801e-06
WDR37,1091.179,0.2139706886210324,0.0132022033768116,16.207195307781074,4.485780576046358e-59,1.029025428143412e-58
WDR38,50.88715,-1.1987747939370978,0.06912469066575021,-17.34220844088442,2.2588864026956977e-67,5.562248218732669e-67
WDR3,1798.2654,-0.02965654196837709,0.013938113790643898,-2.127729936333591,0.0333594813574029,0.03728197183704044
WDR41,1238.9114,0.20986319333106257,0.011068170443590316,18.96096508457695,3.585051366830531e-80,9.776059573707847e-80
WDR43,2172.2942,-0.21702596719042933,0.012822046240650307,-16.926000976535413,2.8938521245477175e-64,6.931286518078468e-64
WDR44,868.7964,0.2587297587452888,0.014397654332262146,17.97027159941806,3.330801029259636e-72,8.512651036241142e-72
WDR45L,5408.8833,-0.0969272988331698,0.011316502665163517,-8.565128441276187,1.0795543813848245e-17,1.6425265414104805e-17
WDR45,2535.6418,-0.06277360371270102,0.01172860976083582,-5.352177708419856,8.690199122962125e-08,1.1285562540306557e-07
WDR46,2469.3052,-0.30652817156440954,0.01260508865486825,-24.317811636019265,1.2704819851050878e-130,5.117875491641171e-130
WDR47,924.9473,0.5254660069532684,0.0181103113380807,29.01474177577316,4.2880938502357904e-185,2.554163332268884e-184
WDR48,2141.324,0.40280477616562255,0.01087003381696154,37.056441861026066,1.4142872926756694e-300,1.9735075388337184e-299
WDR49,45.395008,0.46121160397612954,0.06940858694604442,6.644878166654766,3.0346798826220796e-11,4.180461988653016e-11
WDR4,527.716,-0.6437259344487899,0.015531306309693448,-41.446992391555995,0.0,0.0
WDR52,422.64017,-0.2386637681870385,0.02397651436276121,-9.95406440552993,2.4208919324786592e-23,3.9416937662614383e-23
WDR53,376.8105,-0.4110415646343238,0.01404790578100962,-29.259988715896863,3.351307809325656e-188,2.040349153410916e-187
WDR54,786.5055,-0.3270545200553787,0.02213613582710893,-14.774688889234799,2.133400307020109e-49,4.505590959608133e-49
WDR55,1166.1327,-0.19469136329831613,0.00997319772999184,-19.52145826938051,7.21493880695948e-85,2.0378598664107666e-84
WDR59,1743.385,-0.04093002375223475,0.010967209422990709,-3.73203630692349,0.00018993811669589197,0.00022954708048270595
WDR5B,640.6681,0.10249372971769631,0.012605969701140165,8.130570844417159,4.272735037356008e-16,6.360211495615338e-16
WDR5,2383.57,-0.28355939551754406,0.0109003991655978,-26.013670803218982,3.4686263766385073e-149,1.5937207041747546e-148
WDR60,934.787,0.3100584504695864,0.014719564334908807,21.064376867068965,1.688324932197336e-98,5.287280002246664e-98
WDR61,1894.3303,-0.032180571390162935,0.010204998252389191,-3.1534127291622838,0.001613734715095119,0.0018954609741315138
WDR62,601.4752,-0.7315375638819003,0.029956267938270963,-24.42018362865944,1.0440336328505252e-131,4.239226312565585e-131
WDR63,59.28099,-0.22992074356140874,0.048703803544345114,-4.720796464121421,2.3492292742016574e-06,2.967179030552239e-06
WDR64,2.0415237,-0.08705156919898134,0.04987172752167027,-1.7455094003141498,0.08089623759295539,0.08869441010043508
WDR65,23.137615,-0.051797848035706355,0.04659550182802758,-1.1116491078233117,0.2662890493353738,0.2822470856335318
WDR66,464.18536,-0.9919785142642551,0.03997212308550306,-24.81675822278307,5.9115059588186185e-136,2.4652263378858716e-135
WDR67,396.69235,-0.3639825356826424,0.01685006438285533,-21.601254892117137,1.7480198331203382e-103,5.698628628101995e-103
WDR69,20.980371,0.33921586934736153,0.07938407549849347,4.273097182492212,1.927763854358831e-05,2.387308048107752e-05
WDR6,7585.931,0.07894331214252524,0.014220613815791577,5.551329440847413,2.8350523613200695e-08,3.712060648537867e-08
WDR70,1086.8029,-0.10775608793356489,0.009910434274028603,-10.872993549430193,1.5502913807326196e-27,2.6509644062099278e-27
WDR72,1240.68,0.30273482225484377,0.056669534782514755,5.342108831785431,9.187146685671125e-08,1.192331990651995e-07
WDR73,782.9897,-0.07993790441980517,0.009828728402915597,-8.133087124077246,4.1849362676872023e-16,6.230884706292508e-16
WDR74,1726.9333,-0.5139266965154567,0.013339342229103138,-38.527139321322466,0.0,0.0
WDR75,1902.865,-0.2282719229843787,0.01134338348829099,-20.12379491709933,4.567421706826408e-90,1.3416265838880223e-89
WDR76,484.15094,-0.301706107364818,0.022598088553412048,-13.350956947164624,1.1693698705086344e-40,2.284760191332561e-40
WDR77,2041.6423,-0.5727556714968572,0.013569086819220443,-42.21033287852179,0.0,0.0
WDR78,224.983,0.38580191139117576,0.02997113371577434,12.87244970610242,6.432900762734195e-38,1.2253688868685019e-37
WDR7,1141.3025,0.5586133532753749,0.014750823588583262,37.86997721996529,0.0,0.0
WDR81,2349.59,0.02810437641743206,0.016070898901037804,1.7487743896899992,0.08033002537792908,0.08809733821747781
WDR82,6042.729,0.22032555391663658,0.009567133066524349,23.02942296136358,2.365180115898883e-117,8.589493753047692e-117
WDR83,499.75687,-0.24438398380104606,0.014625280461756283,-16.709695546699905,1.114028461866382e-62,2.640645646191369e-62
WDR85,918.3017,-0.3696837873402169,0.01369819967998028,-26.98776452211486,2.0572181823998472e-160,1.0257875330756428e-159
WDR86,208.636,0.5563300818096676,0.043381200962987844,12.824220387174611,1.199873947689288e-37,2.2804549758220884e-37
WDR87,11.976156,-0.3860045965201333,0.06295975697396229,-6.130973419731747,8.734299875926223e-10,1.176302250274406e-09
WDR88,10.055986,0.07794276836692471,0.022509011869241653,3.4627361174140545,0.0005347125258295323,0.0006377768066883501
WDR89,672.305,0.06704659882420144,0.00977541272141313,6.858697503107492,6.949120904585541e-12,9.694199842158218e-12
WDR8,1062.4369,-0.4270068012960694,0.010891664042276525,-39.204918517374544,0.0,0.0
WDR90,1432.7283,-0.585728967250743,0.01807695307933523,-32.40197419776026,2.5744720956847974e-230,2.162280420628993e-229
WDR91,1635.2838,-0.020267140515273813,0.022500810419927846,-0.9007293576112358,0.3677322354881858,0.3852946622563931
WDR92,479.845,-0.03765974596491502,0.009023763043847294,-4.173397038676974,3.000913093369449e-05,3.700072048686326e-05
WDR93,40.22209,-0.10864495717647284,0.03511860066738565,-3.0936584918478975,0.0019770492059792313,0.0023155234875758598
WDSUB1,476.08447,0.19926442093143062,0.01357640283842619,14.677261959805683,9.015812868912487e-49,1.8930789418130087e-48
WDTC1,4188.353,0.04171203151146186,0.011756114499651586,3.5481137507378038,0.0003880006148097713,0.0004648563830349046
WDYHV1,529.05927,-0.15069395091734028,0.013087048056058682,-11.51473963202696,1.111948866803673e-30,1.9700780592860482e-30
WEE1,2088.649,0.10492664284845524,0.01925272987655617,5.449961824698077,5.038063324820117e-08,6.567417801896067e-08
WEE2,3.6053586,0.8923258279210602,0.03849768974018724,23.17868510924106,7.470987328394631e-119,2.7470079649410566e-118
WFDC10A,0.74951386,-1.5640503365853762,0.09645069908178597,-16.216060137201598,3.8831880259923197e-59,8.912945323695336e-59
WFDC10B,5.0118794,-0.6318754155394949,0.06441714902053909,-9.809117993378202,1.0286369532736763e-22,1.6639138512393752e-22
WFDC11,0.2409826,-0.01977660728870316,0.17535361481171052,-0.11278129230434565,0.9102039502808251,0.9143357292034993
WFDC12,38.616917,-2.064098620557254,0.09123795549836142,-22.62324500020525,2.5594558469852035e-113,9.02614959098766e-113
WFDC13,2.1153066,-0.5870825340890031,0.07248080973143363,-8.099834097664557,5.503418657937694e-16,8.179595594754966e-16
WFDC1,429.3762,0.6504698273817691,0.03827361974005976,16.995252390537374,8.904627402244273e-65,2.1421400127885047e-64
WFDC2,11600.529,-1.4835204106907502,0.05649168953938715,-26.26086107154593,5.372031738319165e-152,2.519446997476155e-151
WFDC3,50.743317,-0.5305678385997182,0.03983298410140847,-13.31981147204479,1.7755529641029657e-40,3.4651536422711156e-40
WFDC5,92.95276,-2.5417132918768384,0.09268330411743325,-27.423637040997065,1.4334499754860215e-165,7.4277444772002835e-165
WFDC6,4.2981286,-0.7630440285580287,0.11543103036988785,-6.610389131180117,3.833110994459597e-11,5.273214861558412e-11
WFDC8,0.96699494,-0.38966343694017025,0.12052973118614334,-3.2329238031600935,0.0012253023989294237,0.0014450519341831743
WFDC9,0.06036935,-0.4323690334393063,0.4015392827805728,-1.0767789154905196,0.28157904698306613,0.2978163965675227
WFIKKN1,76.52907,0.03560216817736519,0.03054991768797145,1.165376893679258,0.2438664661294142,0.2593437831137037
WFIKKN2,26.019066,1.0978773032990208,0.05243702175621386,20.937064435184496,2.4616693548093735e-97,7.640970634938868e-97
WFS1,3418.2527,0.10921613958057998,0.021744205656267113,5.022769803922532,5.093157549222714e-07,6.52025369707761e-07
WHAMML1,152.56886,0.5858621310638739,0.0250498777986371,23.387823915681903,5.684912285775483e-121,2.1217072268763163e-120
WHAMML2,76.88155,0.5526202382356238,0.02789992345919214,19.80723133681404,2.578802583758665e-87,7.429155483620016e-87
WHAMM,746.1172,-0.010418497167926529,0.010237656836679147,-1.0176642306078743,0.3088375515197379,0.325480055460728
WHSC1L1,2562.6887,0.040332887773324715,0.016873070674213057,2.3903703452724265,0.01683139083479177,0.01904666901804949
WHSC1,4028.4785,-0.20446067879352253,0.01524787427493122,-13.409126748223061,5.346464524041704e-41,1.0472260077445166e-40
WHSC2,1834.1222,-0.2653082093052614,0.011091312432480275,-23.920362078009944,1.8806156707496688e-126,7.338979191257908e-126
WIBG,1383.8392,-0.4618256883295295,0.012134892388328584,-38.05766656601887,0.0,0.0
WIF1,379.636,0.7713218375575566,0.0802468032443345,9.611869960838753,7.124319954839026e-22,1.1392980124151105e-21
WIPF1,2967.7014,0.3392346939989039,0.022687185930732785,14.952700393721628,1.4955936031381857e-50,3.1863530940027545e-50
WIPF2,2694.6506,0.14529018948110536,0.015164849918946255,9.580720564836357,9.637021748363065e-22,1.5387038332281675e-21
WIPF3,82.190895,0.10442396942608434,0.03616073758752781,2.8877721084456303,0.0038798085873603437,0.004494908270077348
WIPI1,1603.7682,-0.17257072263901155,0.02041482044832438,-8.453207956241217,2.83406244664506e-17,4.285722153401677e-17
WIPI2,4232.107,-0.06773867136663592,0.00945129807732697,-7.1671288760997225,7.65869296542018e-13,1.0846085843279735e-12
WISP1,361.7631,0.9266744133449051,0.037139851648111545,24.95094547293443,2.0855128101356481e-137,8.768887918536071e-137
WISP2,538.3319,0.949407297106336,0.051133434225482756,18.56725079171763,5.915526681266657e-77,1.575539085608423e-76
WISP3,63.848457,-0.7227296830863372,0.060928078954504326,-11.862013303029093,1.864374848203385e-32,3.3607940087278834e-32
WIT1,69.49518,0.1803651994430419,0.07456585340828188,2.418871255391669,0.015568749383027276,0.01764637393881819
WIZ,3135.5244,0.013682618636474242,0.011943044019508952,1.145655882547506,0.25193756499670195,0.2675916572291243
WLS,4181.734,0.8447724476632144,0.02522404318399827,33.49076282105022,6.56915435878237e-246,6.197470509288706e-245
WNK1,9964.975,0.3581689535118519,0.015971853200798136,22.425009108771025,2.244497441996621e-111,7.811234772924652e-111
WNK2,1761.2198,-0.5805191525457305,0.04233471138277826,-13.71260447004926,8.533864446422763e-43,1.697683664888812e-42
WNK3,84.82308,1.034623550420603,0.03800677194961107,27.22208431150887,3.5582476053038915e-163,1.8097017985606278e-162
WNK4,717.9145,-0.16064293556085385,0.05066243871993316,-3.1708488501491896,0.0015199420810304862,0.0017867371573243066
WNT10A,392.49335,-0.7307044238515992,0.04655678497871013,-15.694907287643286,1.6388190660285473e-55,3.640449248802531e-55
WNT10B,65.91629,0.09560640756683515,0.04009213796920586,2.3846672292774445,0.017094576571908993,0.019335990023195464
WNT11,395.19232,-0.6405032653936723,0.045073797317567756,-14.210102177125261,7.930970657037793e-46,1.624086014953052e-45
WNT16,24.111399,0.03831072103200673,0.048141472801824105,0.7957945364429133,0.4261514678729843,0.44362722986276465
WNT1,6.5404077,-0.21755022255895737,0.039624858081374836,-5.490246100369356,4.013740888202033e-08,5.239196688010848e-08
WNT2B,159.75609,0.20026864644319373,0.039224134851267564,5.105750508012081,3.2948417533330107e-07,4.235630691172998e-07
WNT2,284.5575,0.24528172396064918,0.04689769824386289,5.230144189277928,1.6937787895672933e-07,2.1894376112254302e-07
WNT3A,63.616158,-0.8432883975628941,0.06186301865419156,-13.631542978476313,2.6002382930713054e-42,5.1511386015995635e-42
WNT3,76.51713,0.15304533840414997,0.032015635704145354,4.780331080052044,1.7500674996492052e-06,2.2159104562073618e-06
WNT4,447.0657,-1.0136214893404136,0.037847646278027204,-26.78162551759212,5.2899841191165575e-158,2.586426193109846e-157
WNT5A,1664.3268,-0.2841743039810039,0.034730074360078064,-8.18236958074757,2.783159002720753e-16,4.154739267956578e-16
WNT5B,568.55145,-0.012942144205789438,0.035538053889679705,-0.3641770662503231,0.7157257913413123,0.7285730692958888
WNT6,75.035706,-0.3691235784880719,0.04672925886968667,-7.899196080071428,2.807079976416433e-15,4.126008319966946e-15
WNT7A,241.72795,-0.5821509342276181,0.07258599673683541,-8.020154856290516,1.0561193548101924e-15,1.5636342043910049e-15
WNT7B,1170.125,-0.881669856666275,0.05024050405310276,-17.548985092473906,6.055239324224943e-69,1.5107673701212698e-68
WNT8A,0.72906864,-0.3139901117809554,0.1057077320744976,-2.970360877288245,0.0029745009964841007,0.0034606472248368365
WNT8B,7.154543,-0.1308207255141089,0.045354727669582616,-2.8843900566918075,0.0039217266978593505,0.004542954983881566
WNT9A,57.6756,0.021709280789105046,0.03868485882571554,0.5611828877781486,0.5746728672683992,0.5910763314497999
WNT9B,13.993991,2.478865749579651,0.04478780209629442,55.34689432292422,0.0,0.0
WRAP53,592.5354,-0.3834345770776796,0.014304438657228543,-26.805286545370056,2.803795092929603e-158,1.3731648856616258e-157
WRB,1342.4246,0.45644702551986344,0.015134498895344082,30.159374861118334,8.082401392203405e-200,5.377438233459776e-199
WRNIP1,2741.8726,-0.22281894259363752,0.009292500626418707,-23.97836185882627,4.677263231171413e-127,1.8358280725548258e-126
WRN,653.6051,0.12702031362759203,0.016419169640583157,7.7360984999897155,1.025140505833855e-14,1.4938684101547102e-14
WSB1,4719.2817,0.19990708222101045,0.019608611774680214,10.194861549512758,2.090421681972363e-24,3.45557770568978e-24
WSB2,4260.6426,0.1114993945531147,0.01193360802536257,9.343309610651225,9.336893712184959e-21,1.4755089582113916e-20
WSCD1,855.64844,2.0587510152419246,0.043927983681569624,46.8665038251162,0.0,0.0
WSCD2,196.2452,1.3646053324242877,0.05349870326166283,25.507259975068663,1.637592176485383e-143,7.174465057255415e-143
WT1,455.91647,0.47571853004857456,0.06936636137536648,6.85805800702576,6.980291744731609e-12,9.737016761287484e-12
WTAP,3559.6501,0.0810120697553792,0.010303509653213755,7.862570374756801,3.763300096775026e-15,5.5235402400867106e-15
WTIP,525.20245,0.3400334472025375,0.02641488741191904,12.872795628464655,6.404149119560141e-38,1.220006287312856e-37
WWC1,3079.6724,0.32558539585601926,0.028770935484361236,11.316468873005357,1.0876523477894055e-29,1.9028541848109056e-29
WWC2,1275.41,1.025545052004226,0.022736874098036007,45.104927246477196,0.0,0.0
WWC3,2578.2637,0.3715332141631708,0.016437087368710347,22.603348502632027,4.0172457475067125e-113,1.4135345000603033e-112
WWOX,605.6058,0.43444676798355714,0.017819002564110367,24.381093521956476,2.7142398838507637e-131,1.099248255327585e-130
WWP1,3360.9114,0.11220664192448618,0.020770138316492028,5.402305955535751,6.578961014178384e-08,8.55689435173179e-08
WWP2,3165.9812,0.04426551974045086,0.01179206516514935,3.7538394776917112,0.0001741464090842029,0.0002107123940654515
WWTR1,1319.7291,0.9717281757174002,0.026029340015484202,37.33203281909351,4.961741653278613e-305,7.138946877674862e-304
XAB2,3282.869,-0.22463001146857647,0.01265561155406147,-17.749439488484274,1.740827841020502e-70,4.391761340190384e-70
XAF1,2226.404,-0.342471741948395,0.02707623609835259,-12.648425013890028,1.1414001856434365e-36,2.149654614201177e-36
XAGE1D,571.09766,-0.7873198082075477,0.13931752449175183,-5.651261828544478,1.5927426349822597e-08,2.09285189787039e-08
XAGE2,15.1933565,0.17208814713356246,0.14363585355193545,1.1980862916746573,0.23088342497913383,0.24588354078308236
XAGE3,1.4137936,-0.25048375800576717,0.1451684725618653,-1.7254694052044974,0.08444291282832679,0.09247838957890829
XAGE5,1.3289281,-0.005862309989751102,0.3034996328112548,-0.019315707025572743,0.9845892538719335,0.9850731052915964
XBP1,20191.557,-0.20887789233177037,0.029849025575809505,-6.99781276950799,2.5998920028065023e-12,3.65244281570091e-12
XCL1,43.450626,-0.8228979763648103,0.0379955642609604,-21.65773801154783,5.138529436451114e-104,1.6843555111368254e-103
XCL2,34.385445,-0.554519296220367,0.037055386931510385,-14.96460682613535,1.2506082000142346e-50,2.665808014248749e-50
XCR1,9.275764,0.0017111338774639287,0.047453742133247635,0.036058987142871764,0.9712353245630815,0.9722859798780437
XDH,702.1469,-0.6840870607749397,0.056878348576443596,-12.027196251233237,2.5569725498809266e-33,4.651304873394012e-33
XG,165.7436,-0.7885580753312785,0.04892352220794356,-16.118178735774727,1.901305185231352e-58,4.340023799318881e-58
XIAP,3140.7285,0.15066425399387437,0.010834192541195956,13.906366664704205,5.794929370837175e-44,1.167761724842859e-43
XIRP1,89.39538,0.36862917737223944,0.049101528304633886,7.5074888725500335,6.027230586810814e-14,8.683630848268442e-14
XIRP2,68.3604,-0.0811975827212755,0.10553454456168676,-0.769393406287115,0.4416598017366433,0.45909077420383543
XIST,10120.108,0.1337273821829273,0.06913996555822263,1.9341545964513926,0.05309412290104366,0.05881404037990902
XKR3,2.7694888,-0.18255585438431438,0.07472546008954192,-2.4430208146669368,0.014564897222868453,0.016530646814604685
XKR4,20.472517,1.320021325679648,0.06358286652433437,20.760645089419658,9.823911110892842e-96,3.007141878013342e-95
XKR5,18.558878,0.7958898471747302,0.0397798091736227,20.007382230040232,4.749436668817698e-89,1.386092046164844e-88
XKR6,30.558144,0.09566021195684568,0.03100154560543207,3.085659443382209,0.002031012983497294,0.0023779051889712697
XKR7,10.745199,1.0458161930551493,0.08570572213617249,12.202408042178524,3.0176570040011425e-34,5.548313821408765e-34
XKR8,519.0323,-0.10790947082930326,0.014745413255621481,-7.318172028048402,2.513714954673932e-13,3.5828005294179903e-13
XKR9,83.22043,-0.6095751659914538,0.036266690695800775,-16.80812763161859,2.127868639002263e-63,5.07096776559137e-63
XKRX,113.59137,-0.5636267685350308,0.04344354259379554,-12.973775499964086,1.723283397591223e-38,3.302054276852679e-38
XKRY2,0.23591252,-0.6178865528833031,0.18681678371765562,-3.307446689678279,0.0009415063009490438,0.0011142316329141187
XKRY,0.0005591292,-0.417915262743486,3.0148500783357877,-0.13861892030603967,0.8897512914147018,0.8951074652669958
XK,359.90607,-0.8150026390726699,0.03919501424020044,-20.793528331895867,4.953160823586387e-96,1.5209864435504563e-95
XPA,557.28864,0.19409403786534976,0.012472252768866644,15.562067371649903,1.3177285271355647e-54,2.906569348207255e-54
XPC,2371.101,0.3745171492940574,0.012392679068087557,30.22083822524527,1.2612106381251248e-200,8.463080877254258e-200
XPNPEP1,2731.5654,-0.16151841492824023,0.010535076803293537,-15.331489076353519,4.710627370924927e-53,1.0257076218680278e-52
XPNPEP2,407.09232,1.1063322859822375,0.05857976528095877,18.885911895960575,1.4894343454343736e-79,4.046356263503925e-79
XPNPEP3,476.80252,-0.15475410123560487,0.01343778147473546,-11.516343045655265,1.0914562585896877e-30,1.9341072302748242e-30
XPO1,8172.1973,-0.09821125959998198,0.011232331484413766,-8.743621903988688,2.25754055075741e-18,3.463285967362679e-18
XPO4,1464.1941,0.09491950978708022,0.014068595579157512,6.7469072696710795,1.510297291538762e-11,2.090999153922996e-11
XPO5,3052.6714,-0.17548155961363499,0.01389223470432523,-12.631629348948465,1.4132132830610285e-36,2.6593593890229667e-36
XPO6,4948.6484,-0.1790362993093492,0.009550872922937336,-18.745543025640764,2.1051198250945677e-78,5.666067493270796e-78
XPO7,3850.18,0.14554901392692013,0.01113368363508969,13.072853396713892,4.7066354914911986e-39,9.068937343485644e-39
XPOT,4185.6226,0.011126475625175132,0.01461522225348864,0.7612936315435952,0.4464817035428259,0.46393717156272096
XPR1,3489.5603,0.08772101716801413,0.01961157919004005,4.472919611316369,7.715879028411392e-06,9.642007189996779e-06
XRCC1,1932.0767,-0.18339352140076598,0.010600835049342708,-17.29991274716958,4.711018263086686e-67,1.1559795205276829e-66
XRCC2,167.98395,-0.6686466279850842,0.027701785069887856,-24.137311956546455,1.0148271866825966e-128,4.0266744676809557e-128
XRCC3,803.18933,-0.608964678660913,0.01829540732627556,-33.28511182073154,6.341028626349967e-243,5.8387935705687034e-242
XRCC4,288.24265,-0.08940291835965515,0.01410904778391573,-6.3365664167339615,2.3494193129221574e-10,3.192832774299593e-10
XRCC5,14266.427,-0.014314958162416909,0.008469197145173678,-1.6902379194909334,0.09098244656068154,0.09956523487039967
XRCC6BP1,286.4699,-0.1416570996452872,0.01727390829536582,-8.200639787076469,2.391110143202033e-16,3.5731511601181883e-16
XRCC6,14410.992,-0.20086467234753724,0.009571995103433267,-20.984619212298952,9.064612700745358e-98,2.8231061645169764e-97
XRN1,2043.8168,0.05312336526012306,0.015254090261610427,3.4825652889846372,0.0004966341021405271,0.0005931233463646971
XRN2,4470.287,0.04954373535273468,0.011395805162726444,4.347541454533025,1.37672055645311e-05,1.7114644812132175e-05
XRRA1,976.1498,-0.0794492591719916,0.013393924528624129,-5.9317386029912855,2.9974356574658268e-09,3.995861219902224e-09
XYLB,373.85083,-0.10496484057243656,0.02877085349716772,-3.6483047186198205,0.00026397643739183826,0.00031802451558437985
XYLT1,1266.5945,0.5358230700353692,0.030016690132134715,17.850837906399867,2.847321857754493e-71,7.232517242922486e-71
XYLT2,2024.6428,-0.22426759162432908,0.012751015747312057,-17.588213838697925,3.032875320510958e-69,7.579954413243629e-69
YAF2,727.52484,0.44900140905795793,0.01388047104030955,32.347706915279495,1.4942539635757535e-229,1.2467834608376542e-228
YAP1,6025.6074,0.42335817559450256,0.02263912376483665,18.70028981651964,4.923638754527821e-78,1.321212091781098e-77
YARS2,851.7332,-0.42906463345125445,0.012009660974896919,-35.726623286710826,1.5264820378653568e-279,1.8110517371154313e-278
YARS,4640.985,-0.24208475840105526,0.011525415315978416,-21.004428193180836,5.97484826522027e-98,1.8628167814949384e-97
YBX1,18507.371,-0.23496554099335396,0.013592399780994822,-17.286538416997395,5.941476567352444e-67,1.456327009808914e-66
YBX2,215.09648,-0.9159161950441604,0.044093283848514034,-20.77223819824495,7.717696997644193e-96,2.3652655904717466e-95
YDJC,1068.9863,-0.9472422622733955,0.01839678924330347,-51.489542536244294,0.0,0.0
YEATS2,2844.2417,-0.0290877036375533,0.016114552610496827,-1.8050580950417399,0.07106559158649746,0.07814336371101818
YEATS4,870.1615,-0.1326290799917588,0.01711985019095561,-7.7470934916139935,9.40197343234738e-15,1.3709696111528456e-14
YES1,3059.6335,0.14558166562819078,0.015336067115260333,9.492763987928042,2.2498796219817145e-21,3.575187263809377e-21
YIF1A,3352.7856,-0.3624266124933617,0.014587708088415197,-24.844657590946873,2.953584698611785e-136,1.2342370870081554e-135
YIF1B,1968.6843,-0.4634777367143935,0.014831199321820752,-31.250185953100296,2.2195640221112364e-214,1.6625498133246013e-213
YIPF1,1716.8864,-0.11792719716996916,0.014437541144645868,-8.168094275090757,3.1329905334240203e-16,4.672861118679826e-16
YIPF2,2699.3438,-0.33250331220796586,0.013374072567456511,-24.86178466064668,1.928359842218575e-136,8.069779656264743e-136
YIPF3,6584.6304,-0.11298734088174082,0.011044537362500486,-10.230156064786081,1.452850590475789e-24,2.4071114234616366e-24
YIPF4,1463.23,-0.08017060202485478,0.010666888887957544,-7.51583736054136,5.654781646213512e-14,8.151069069333112e-14
YIPF5,2202.0593,0.24814519667521834,0.011109467725034869,22.33637135612089,1.638228434737641e-110,5.651083141786451e-110
YIPF6,685.4021,0.13808516092135592,0.01498157361992898,9.216999790841099,3.055291385481347e-20,4.796628417413228e-20
YIPF7,2.020316,0.8729876751742787,0.06324059981111681,13.804228261301528,2.4033247907147124e-43,4.8130326002519016e-43
YJEFN3,228.43765,-0.1457215096150635,0.031110294354858126,-4.684028635438093,2.8129068471480573e-06,3.5486411266010225e-06
YKT6,5317.9634,-0.12376810268683092,0.012314126067213611,-10.050904303827437,9.102821589983689e-24,1.4907041887908455e-23
YLPM1,3355.7363,0.31814352476276364,0.011741892388142747,27.09474028939601,1.1356847382463276e-161,5.7103990086334855e-161
YME1L1,6488.5347,0.08320063617565833,0.009961901808153543,8.351882780812083,6.718331969592623e-17,1.0109277203912506e-16
YOD1,889.60706,-0.2661708820744661,0.017709287945467972,-15.030016051129971,4.6689262092290077e-51,9.987881548144727e-51
YPEL1,559.2664,0.4299455846550548,0.02082442829924569,20.646213114557792,1.0557856000065758e-94,3.20625582197701e-94
YPEL2,1498.2296,0.47658671046049816,0.01864627616872343,25.559350625724772,4.322058047471772e-144,1.9017242227896649e-143
YPEL3,2511.9436,-0.1359413647287382,0.01759970592156145,-7.724070239275761,1.1267270278351421e-14,1.641198795141708e-14
YPEL4,127.748314,0.8995539260914014,0.038473137360282975,23.381350932405088,6.615792167697701e-121,2.4673184235603133e-120
YPEL5,4523.1704,0.17853569067504163,0.011803321325736141,15.125885820439343,1.0931963988330985e-51,2.3511922125335994e-51
YRDC,922.77686,-0.23698746962178108,0.012079415080892445,-19.61911798168559,1.0617946203385942e-85,3.021676918573307e-85
YSK4,29.526377,-0.5665049899812022,0.07231148942921299,-7.834232076435988,4.717167874832791e-15,6.908626772442328e-15
YTHDC1,3329.183,0.16400361182814147,0.007732636915113475,21.20927358008956,7.841465208991511e-100,2.4797202576865202e-99
YTHDC2,1475.5521,0.1347852504753546,0.012937131408274825,10.418480436021813,2.041894023796724e-25,3.415290866782575e-25
YTHDF1,3484.658,-0.08831583591707892,0.008522831898876284,-10.36226420571819,3.681425089774911e-25,6.141943243688226e-25
YTHDF2,4091.2358,-0.14128927657745388,0.00858223441642819,-16.46299433478497,6.766857477184764e-61,1.5760948561721156e-60
YTHDF3,3810.6406,0.15611257482874497,0.011461659507564762,13.620416373886327,3.028362319174704e-42,5.99343136542022e-42
YWHAB,16498.17,-0.024588121330380484,0.01040433677417777,-2.363256963327547,0.018115104114464962,0.020466448649633307
YWHAE,25427.324,0.1575218238735109,0.0114213956951961,13.791819150418318,2.8546933960542783e-43,5.710228222663495e-43
YWHAG,10840.83,0.04277197616665932,0.013316324926994536,3.211995531886804,0.0013181642539665253,0.001552589299768845
YWHAH,7611.5337,0.23315410071271436,0.01351791520803866,17.247785411027383,1.1627135370400178e-66,2.8410567571528714e-66
YWHAQ,15300.706,0.032204902904214364,0.011568982401051305,2.783728230175872,0.005373804033622574,0.0061922841476410445
YWHAZ,41002.63,-0.41142565243777474,0.014649692394166827,-28.08425196706485,1.5255463293107908e-173,8.367079126734479e-173
YY1AP1,4047.4934,-0.04019568788772632,0.009606717591401453,-4.18412298532682,2.8626910875441676e-05,3.5322138091704065e-05
YY1,2825.6147,-0.02476347962135953,0.009775353086590003,-2.5332567941029667,0.011300813047248353,0.012885648436232383
YY2,51.21693,0.12753090322102503,0.019899042335146905,6.408896522410637,1.4657663110577655e-10,1.9976928857159623e-10
ZACN,4.5068555,-1.4501276647618162,0.04766904044414989,-30.420743762627612,2.921083380913263e-203,2.0010207453571038e-202
ZADH2,1719.7505,0.13241483395369208,0.01319552765084198,10.034826757779781,1.0714732663774292e-23,1.7524200056376995e-23
ZAK,3228.1091,0.6929804124284553,0.02203381386851836,31.450770010296637,4.09708118761201e-217,3.125233267088532e-216
ZAN,9.196549,-2.2662876451754674,0.09033611039870007,-25.087283868800256,6.846153038027282e-139,2.9061891096996966e-138
ZAP70,411.38907,-1.1751649082487876,0.037251960114270836,-31.54639124072814,2.0095226907386607e-218,1.5479331237513583e-217
ZAR1L,0.78447115,-0.7061672695869502,0.06113363504324735,-11.551206943401796,7.2790955808742555e-31,1.292699816216146e-30
ZAR1,1.1713411,-0.29029528050653247,0.07742163423360847,-3.749536978651327,0.00017716137268291473,0.00021429673735675012
ZBBX,32.643734,-0.5347710589739606,0.07341604659100608,-7.284116808320123,3.2378438953646214e-13,4.60587366306095e-13
ZBED1,3659.384,0.10941335107028541,0.012283540361404447,8.907314003222403,5.228381731433041e-19,8.085425269293223e-19
ZBED2,651.2753,0.5901582175768437,0.05962112300379474,9.898475369866508,4.226692261989286e-23,6.863781427920544e-23
ZBED3,122.584595,0.6699272675845283,0.025418748459091787,26.35563543432086,4.423148130753199e-153,2.0893473966126305e-152
ZBED4,1528.6714,-0.33363686841197543,0.014668544244138628,-22.745056554967455,1.6061481453426156e-114,5.702750277473022e-114
ZBED5,1890.5626,0.10743367243466452,0.011374535108359006,9.445104473387474,3.5504995128323e-21,5.6296432696069154e-21
ZBP1,133.93015,-0.8720316221425837,0.03673156827204649,-23.740658598729595,1.3721368239012208e-124,5.275794824892342e-124
ZBTB10,1141.5121,0.536544144488603,0.023479425955329317,22.851672162232706,1.4064992916399241e-115,5.0386977086921025e-115
ZBTB11,1353.185,0.07479882030933585,0.012058827902778698,6.202826751686212,5.545788067857477e-10,7.491652795004338e-10
ZBTB12,362.67993,0.030727511230101447,0.0213054666875061,1.4422360082879855,0.14923580565036804,0.16113129864424283
ZBTB16,345.43457,1.432918065666009,0.04705361643145445,30.45287853173663,1.0972654722295662e-203,7.53939512288955e-203
ZBTB17,1251.26,-0.16231105103033996,0.011611943366378039,-13.97794029036567,2.1255077200806217e-44,4.3032231178521657e-44
ZBTB1,1707.7041,0.19486041382983502,0.011122675646518159,17.5192031146601,1.0224753025739402e-68,2.545124671121512e-68
ZBTB20,74.61428,0.8230131665328267,0.03421449104100614,24.054520219121294,7.486379395228508e-128,2.9526384755415962e-127
ZBTB22,1295.6118,0.21858845186500184,0.011807405357572019,18.512826928976597,1.6273202032870302e-76,4.318380085860356e-76
ZBTB24,757.0721,0.02609387605114051,0.011952309620133305,2.183166005604989,0.02902358719640101,0.03252194461618846
ZBTB25,221.55374,0.1639434312313021,0.013853449423283572,11.83412348954488,2.6004584747500376e-32,4.680227553698375e-32
ZBTB26,176.867,0.3671270577146277,0.018007920835409252,20.38697643498855,2.182225321040641e-92,6.517225364686287e-92
ZBTB2,986.4686,0.1508918069247676,0.012342565582201344,12.225319437829187,2.2768491436026105e-34,4.191172849421839e-34
ZBTB32,29.300684,-0.9576568676429775,0.032713727581137,-29.273853469244212,2.232449433710506e-188,1.362014924210734e-187
ZBTB33,1848.7343,0.13148314079708717,0.013116636938574297,10.024150352931752,1.19381944372111e-23,1.951579416630647e-23
ZBTB34,706.0842,0.12046817290213527,0.013563486650934542,8.881799791046712,6.578716239485405e-19,1.0158986947791519e-18
ZBTB37,63.698112,0.21970351856987047,0.02190411172902788,10.030240956026253,1.1224235467528257e-23,1.835455501071548e-23
ZBTB38,3711.8223,0.4557264099160568,0.01704062593218305,26.743525251344703,1.4686022389016804e-157,7.1495152993303e-157
ZBTB39,598.5963,-0.003912262551652299,0.015329174852388189,-0.2552167738528205,0.7985556762958388,0.8087248178733016
ZBTB3,237.4705,-0.03904778671886619,0.012904494974699697,-3.025905840981962,0.0024788948498445816,0.002893797032567995
ZBTB40,1623.8912,0.18784479155960415,0.012504553665006942,15.022110871919704,5.2605436320784034e-51,1.1248756202655625e-50
ZBTB41,1424.5537,0.3064041410616028,0.016773065127842334,18.267629602951306,1.4981855339469185e-74,3.9109577235062585e-74
ZBTB42,910.5866,-0.11985626613101782,0.021058737206794874,-5.691522001250135,1.2591192797646827e-08,1.6581118639540215e-08
ZBTB43,899.7697,0.06538424816026212,0.013701078016366474,4.772197346964821,1.8222681754833005e-06,2.3067560644571606e-06
ZBTB44,2780.7385,0.22760764204145875,0.014867436647779791,15.30913818122428,6.6438429501809295e-53,1.4446437960347488e-52
ZBTB45,788.0822,-0.18587950931058678,0.012112483993277192,-15.346109799918475,3.7607240389930386e-53,8.193106550011693e-53
ZBTB46,479.0671,0.633941179114227,0.02185133007079253,29.011560260195843,4.70326759838623e-185,2.800638345584828e-184
ZBTB47,1567.9126,1.1206973699305505,0.022628717069360222,49.52544885754921,0.0,0.0
ZBTB48,927.51434,-0.34370166714953976,0.013082700216098054,-26.271462425365396,4.064728136271193e-152,1.908528600699844e-151
ZBTB49,214.27164,0.15933827450848562,0.010551205621856933,15.101428236638164,1.5846345139016123e-51,3.402760686480638e-51
ZBTB4,5180.594,0.5953750750676223,0.015371903199737027,38.731383312237334,0.0,0.0
ZBTB5,1096.5942,0.07225149010544175,0.012584387921046167,5.741359099762663,9.391968696329762e-09,1.2398592315431049e-08
ZBTB6,657.76013,0.2942634882955664,0.012483313317601571,23.572546871883173,7.37294843737721e-123,2.7963088158823145e-122
ZBTB7A,2383.5635,-0.2853954586586587,0.015296021934439014,-18.658149150276152,1.0842199319067011e-77,2.9006088822192548e-77
ZBTB7B,3596.527,-0.48276493074607846,0.01705061186603925,-28.313642615232535,2.3476589530531496e-176,1.306972617588435e-175
ZBTB7C,1150.9718,-0.254060540114303,0.03826531647679717,-6.6394469850617055,3.148622223424202e-11,4.336251088865138e-11
ZBTB8A,572.72687,0.3093347989168833,0.01486585692078016,20.808406845654574,3.6321560653100465e-96,1.117193916507739e-95
ZBTB8B,25.6823,0.3828851021658525,0.06003786804312415,6.3773933793057545,1.801273670285294e-10,2.452329186394162e-10
ZBTB8OS,451.27994,-0.42917871154712567,0.012812087655019847,-33.497953112970706,5.162064567745739e-246,4.874511713113891e-245
ZBTB9,685.0722,-0.11752170699860247,0.011493788375982377,-10.224801706300587,1.5354186861545778e-24,2.543084040955178e-24
ZC3H10,414.9154,0.22053416028783368,0.011226504402988386,19.64406304683136,6.498492024650303e-86,1.852202143775102e-85
ZC3H11A,7148.968,0.05079260096711296,0.010783620484247986,4.710162142789381,2.4751979621416036e-06,3.1243446779862924e-06
ZC3H12A,1359.6057,-1.037410621058202,0.029675097817967407,-34.95896213794719,9.464095790739174e-268,1.0387036453027431e-266
ZC3H12B,125.692535,0.8316982080090174,0.02882931510298333,28.849044975159714,5.208582978507488e-183,3.055952186150834e-182
ZC3H12C,756.36145,0.584693866033227,0.02161086783883146,27.055547717645126,3.2865024437956848e-161,1.647621355657137e-160
ZC3H12D,60.87155,-0.664482201073972,0.03494219086160038,-19.016615291979384,1.242503176206859e-80,3.4027605817050635e-80
ZC3H13,3705.1086,0.2940029409597604,0.017781682707291652,16.53403369070352,2.086980423664181e-61,4.881529692713587e-61
ZC3H14,2483.1301,0.18439178705102763,0.00947839781992822,19.453898280503278,2.7009531588746844e-84,7.594076144390236e-84
ZC3H15,3011.648,-0.07422289504206624,0.009664845473961715,-7.679677367013458,1.594897530720818e-14,2.3171711145325864e-14
ZC3H18,2173.0593,-0.14086805008890793,0.00955911654317532,-14.73651351070512,3.75685322683314e-49,7.91614312203435e-49
ZC3H3,1739.79,-0.4400107991694971,0.013940087363229324,-31.56442192250116,1.1369639143743264e-218,8.777947793988211e-218
ZC3H4,2406.9033,-0.053635043049302285,0.00906662118498547,-5.915659423173335,3.305485607926623e-09,4.401332994884115e-09
ZC3H6,690.9169,0.5242936459740671,0.016401431599080883,31.96633432922087,3.203822793231863e-224,2.5740579418866416e-223
ZC3H7A,2072.345,0.29912163389585067,0.010003106393137607,29.902874381207813,1.8055565911935905e-196,1.1684464920569074e-195
ZC3H7B,6216.045,0.2772916350130437,0.012454538280721954,22.26430468661018,8.198451545679635e-110,2.810917396741187e-109
ZC3H8,315.0795,-0.29513395246253166,0.013394869922299905,-22.033357111679738,1.3796003996900697e-107,4.65483668168547e-107
ZC3HAV1L,134.94221,-0.030729045858141475,0.02863121219918448,-1.0732708641311648,0.2831496037503938,0.29936865303044596
ZC3HAV1,2785.0854,0.003955672044893572,0.01271008063490424,0.3112232060928522,0.755630942539235,0.7671232850880765
ZC3HC1,941.37994,0.07021907907015795,0.012732576200383025,5.514915282269868,3.489480068992298e-08,4.558670734382327e-08
ZC4H2,419.1141,0.6317846877279711,0.02547241910554203,24.802696795708496,8.384005070485264e-136,3.492734995498455e-135
ZCCHC10,652.69476,-0.0031570870674201136,0.010915719263717366,-0.28922391563457656,0.7724100315167659,0.783493390047822
ZCCHC11,1482.5848,0.2536037714238366,0.016537310217699715,15.335249087388288,4.445641986226219e-53,9.68215930654467e-53
ZCCHC12,845.551,2.2204367492528356,0.06671446896443074,33.28268640550338,6.874651934164525e-243,6.321636798900432e-242
ZCCHC13,0.15217258,-0.6999697347667133,0.24807110273393762,-2.821649628080414,0.004777734380798674,0.005516668231549468
ZCCHC14,2321.8967,0.3788180447035428,0.013777327561572477,27.495756561681574,1.9732256161014214e-166,1.0279657195038086e-165
ZCCHC16,27.454426,1.5796757789984495,0.1099871993855584,14.362360236675551,8.913891267066766e-47,1.8399869441976305e-46
ZCCHC17,1690.8499,0.04549030887977366,0.011123255281831553,4.089657903840109,4.3200988383681296e-05,5.308600449682324e-05
ZCCHC18,66.5398,1.431908026319307,0.035999109908453904,39.77620641067691,0.0,0.0
ZCCHC24,2518.3347,1.6042784146659972,0.025804546053606825,62.170379255393236,0.0,0.0
ZCCHC2,939.8971,0.1502585698619297,0.014928722128455429,10.06506575506044,7.883463492682807e-24,1.292161929373877e-23
ZCCHC3,1450.2543,-0.040294474109561655,0.012194240408023582,-3.3043857396028247,0.0009518476687560482,0.0011262737817159356
ZCCHC4,350.6658,0.09162944259083979,0.009987736136906657,9.174195366680834,4.549594080883074e-20,7.123370444720335e-20
ZCCHC5,6.532911,1.7065712499517838,0.05161441296546817,33.0638508103064,9.837115715772523e-240,8.857754925139885e-239
ZCCHC6,1773.6221,-0.08195967563572355,0.01838315084113431,-4.4584128337961415,8.256876088322187e-06,1.0311092454281507e-05
ZCCHC7,942.4167,-0.1301905394849496,0.01139484566871084,-11.42538857217175,3.1225576007862118e-30,5.505035520818019e-30
ZCCHC8,1118.8943,-0.02253915118341283,0.00996462638517408,-2.261916334058226,0.02370257298995193,0.026659338351606617
ZCCHC9,790.1573,-0.09634622029849155,0.012010031970286217,-8.022145198019441,1.0391420411031523e-15,1.5387222936081954e-15
ZCRB1,1986.7633,0.12074560393243391,0.01081064343361514,11.169141288758231,5.773633619564714e-29,1.0019212995287931e-28
ZCWPW1,256.24646,0.14612734997177532,0.020532786584875205,7.116781220500054,1.1047663651461052e-12,1.5608562406668672e-12
ZCWPW2,30.389654,0.7540941717693694,0.023067760321049725,32.69039392095841,2.1386573224826205e-234,1.851229780120054e-233
ZDBF2,476.03677,0.6105910547673503,0.03067699213580469,19.90387623611567,3.7664362021111664e-88,1.0910767592313778e-87
ZDHHC11,173.28091,-0.44669723198679095,0.03145328147343402,-14.201927781814407,8.912643309799442e-46,1.824376685544006e-45
ZDHHC12,2009.48,-0.9498235108188481,0.017203572994623603,-55.210828071336316,0.0,0.0
ZDHHC13,1021.85754,-0.5119048743321611,0.018291127405536865,-27.986512967877726,2.3711977024608043e-172,1.2900912352859304e-171
ZDHHC14,587.9292,0.39336235961722593,0.02116227633561662,18.58790393711983,4.026066139315623e-77,1.0732837571078535e-76
ZDHHC15,155.8752,1.4812173014556782,0.03680168754660606,40.24862445723035,0.0,0.0
ZDHHC16,1543.6947,-0.3306188136908872,0.011064441251705387,-29.881202870495446,3.4535335329085966e-196,2.2292482307065985e-195
ZDHHC17,1328.4509,0.636236629780571,0.01520984916082509,41.83056801242183,0.0,0.0
ZDHHC18,1805.145,-0.3455365921607698,0.013192684671974158,-26.191529681203512,3.318641941847535e-151,1.5457385333807818e-150
ZDHHC19,15.0860815,-0.791626809166971,0.05216060339223639,-15.1767187816849,5.0438970045723395e-52,1.0872281536907174e-51
ZDHHC1,519.0435,0.06080550013953093,0.020436548215294788,2.9753312300569363,0.0029267234408435557,0.003406423652648865
ZDHHC20,508.8615,0.02496809887509747,0.02657570836303756,0.9395083108988355,0.3474698272403145,0.36483435857584134
ZDHHC21,393.51758,0.21632705155461093,0.020969153346850303,10.316441869461773,5.938317257128021e-25,9.889423397780726e-25
ZDHHC22,357.45956,4.154712964158375,0.0868582364719882,47.83326409693191,0.0,0.0
ZDHHC23,569.68854,-0.3862746929691202,0.023697558293259924,-16.30018958868791,9.838647478727746e-60,2.2689739920640935e-59
ZDHHC24,798.03937,-0.5247165531501329,0.013632950046790606,-38.488848807427324,0.0,0.0
ZDHHC2,1429.8746,0.5695036409922108,0.026306271981829835,21.6489680250237,6.215647225699357e-104,2.0354570028633296e-103
ZDHHC3,3735.142,-0.16243374283581646,0.012741109479179757,-12.74879107673075,3.1661708291699245e-37,5.9951703786337874e-37
ZDHHC4,2168.7974,0.012611268346052387,0.01194795756914235,1.0555166665994153,0.2911890910938578,0.307565172792729
ZDHHC5,6092.9224,-0.20725513986257846,0.010798181656189955,-19.19352224860668,4.1923815191916877e-82,1.1604717246665338e-81
ZDHHC6,1638.3812,-0.04971909320254882,0.0098138865870163,-5.066198061461889,4.058396557317203e-07,5.206685708640805e-07
ZDHHC7,2935.236,-0.06528427034952879,0.011634274317165785,-5.611374510329806,2.007258231153313e-08,2.633782568190919e-08
ZDHHC8P1,182.86034,-0.05006895915746405,0.04479436532279181,-1.11775127957865,0.26367323490141314,0.2796043225875239
ZDHHC8,1905.2582,-0.11909443019787837,0.015298560321390937,-7.7846821985828765,6.988865957897282e-15,1.0209982924571668e-14
ZDHHC9,3710.9185,-0.1367321446649461,0.018067472352728486,-7.56786239909742,3.7941555921297125e-14,5.4853865715217173e-14
ZEB1,2043.0193,1.8739744788130572,0.02551729863640158,73.43937559831461,0.0,0.0
ZEB2,2469.8752,1.1284923720175453,0.028923516741650303,39.01643019752501,0.0,0.0
ZER1,3623.4001,0.16064546253144618,0.011757283410934247,13.663484745298073,1.6775952782000807e-42,3.327568420584124e-42
ZFAND1,1328.7277,-0.08940712099115616,0.013787745189040926,-6.484535343909653,8.900565872876251e-11,1.217540956835904e-10
ZFAND2A,825.2777,-0.10014313863078887,0.018261233208864344,-5.483919814472197,4.160033902510197e-08,5.4291109116157113e-08
ZFAND2B,1397.711,-0.2811738901699315,0.015175388252601105,-18.528283131190236,1.2212164162724258e-76,3.2440951225065657e-76
ZFAND3,4196.9126,0.28511231835624185,0.009965659543562476,28.60947808922652,5.121518710740905e-180,2.930550855311245e-179
ZFAND5,8764.221,0.3476670369319205,0.013403169175805031,25.939166503957722,2.409425046940194e-148,1.0981303902094337e-147
ZFAND6,2932.5442,0.12796059312134825,0.011051313222555039,11.578768110579718,5.279932336212977e-31,9.390595128239713e-31
ZFATAS,0.3649269,-0.04449893472514717,0.06548625521580466,-0.6795156415419469,0.49681120031201476,0.5140044327244796
ZFAT,651.022,0.08648208378676936,0.014857957137107657,5.820590474768626,5.864008964892566e-09,7.775521591523236e-09
ZFC3H1,1604.3787,-0.01673358610324145,0.014708046165158547,-1.1377164522967804,0.2552389012367542,0.27101328832163757
ZFHX3,2349.8718,0.423724301569454,0.01917562209590727,22.097030252796397,3.375504664487331e-108,1.1430788334048166e-107
ZFHX4,522.8729,1.360667779524263,0.038952136042992996,34.93178854228792,2.4480406958307096e-267,2.675236743232282e-266
ZFP106,4516.8267,0.43471045797790514,0.020751351067920986,20.948537594253974,1.9348199419796074e-97,6.011139813636933e-97
ZFP112,247.80588,0.5008542536564309,0.01652425632360245,30.31024476066949,8.401055935610457e-202,5.693645066347979e-201
ZFP14,430.13324,0.40135705987706943,0.016162696924152002,24.832307489310125,4.015946200838057e-136,1.676453735961903e-135
ZFP161,734.8484,0.28260302054942343,0.008888771517105376,31.79325962036349,8.021933463752045e-222,6.3350870205014695e-221
ZFP1,511.1588,0.542955659540472,0.012843047017869492,42.27623388632131,0.0,0.0
ZFP28,313.26224,0.6238951064623577,0.024396013731206596,25.573649586214614,2.9969638527387677e-144,1.321247013380437e-143
ZFP2,93.01089,0.851815702952053,0.026181012026323336,32.53562933684942,3.3437195361501365e-232,2.850702932850948e-231
ZFP30,434.38364,0.40177775908287394,0.018566928046900116,21.63943103931798,7.644061290854223e-104,2.5012125332770995e-103
ZFP36L1,16834.809,0.38096218192799347,0.018686101953408116,20.38746138054281,2.160705482863835e-92,6.453903011388617e-92
ZFP36L2,11176.49,0.03979816860591488,0.018987484963836107,2.0960210729180386,0.036080321638671795,0.0402740977159778
ZFP36,11753.98,0.5139509402359208,0.028068573512418343,18.3105472035668,6.818116322239468e-75,1.7860271513699603e-74
ZFP37,155.14523,1.0056637769377748,0.023907550333130946,42.064693493257295,0.0,0.0
ZFP3,492.2246,0.5571875173372547,0.02135010432818156,26.097648459814888,3.87690411842258e-150,1.7946769201219944e-149
ZFP41,803.39966,-0.005960143132290531,0.015018658812648597,-0.3968492264616162,0.6914786475588146,0.7048775178074257
ZFP42,53.681934,-1.2911100392016295,0.10873623124876211,-11.873779552354385,1.619807531337108e-32,2.9222562277795465e-32
ZFP57,66.17159,-0.2438078912710339,0.06282938623996313,-3.8804754568167006,0.00010425246527046147,0.0001268437184271395
ZFP62,1142.9333,0.017714193252128772,0.01294704236492975,1.368203853268606,0.17124827582166302,0.1842242350041341
ZFP64,1043.0085,-0.20917040144872326,0.012366268414908815,-16.914593346247177,3.5123263385397925e-64,8.405719046236233e-64
ZFP82,204.1132,0.558002534446601,0.023166328615126647,24.08679181397127,3.4382090665744883e-128,1.3597221908778166e-127
ZFP90,1214.606,0.43959338240483237,0.012475587681210785,35.236286549201566,5.565177242930489e-272,6.301526334194762e-271
ZFP91-CNTF,2.5704675,0.16155155044784145,0.07907747154077044,2.0429529080801396,0.04105710006849876,0.04570405709959901
ZFP91,4312.4575,0.2837805542696747,0.011047173396224576,25.688069164068523,1.5889319452526617e-145,7.078570125470226e-145
ZFP92,13.196163,0.5104524222359662,0.042738045224308845,11.94374753353547,6.999684044559468e-33,1.2670629275645613e-32
ZFPL1,1615.7034,-0.33620436574245066,0.011332443454711417,-29.66742054227282,2.021881136348227e-193,1.2736224645703451e-192
ZFPM1,502.11383,-0.6374187134007233,0.02733421605584386,-23.31944373668795,2.8153136031370656e-120,1.0445957653775746e-119
ZFPM2,287.2907,1.7570197986203921,0.03351661501081327,52.422352258828504,0.0,0.0
ZFR2,92.80206,-0.3266119729021398,0.06280094340663607,-5.200749466251287,1.98486507240617e-07,2.5618022067400287e-07
ZFR,4619.66,0.38932817369590694,0.010471488521510135,37.1798310141069,1.445566184674714e-302,2.042351280624046e-301
ZFX,1362.0426,0.33015142369441175,0.016118393414044255,20.482898959814733,3.05899852660768e-93,9.190990407793057e-93
ZFYVE16,2049.6484,0.4597824850930986,0.013974862364695388,32.90068074334989,2.149131803048426e-237,1.9031828785673295e-236
ZFYVE19,1237.6172,-0.2687358456357283,0.0124605266594548,-21.56697328935265,3.6693083428083564e-103,1.194299737030141e-102
ZFYVE1,1391.4098,0.35351592637271667,0.012215470917100998,28.940016211557875,3.747844454712058e-184,2.2142299841405335e-183
ZFYVE20,1723.185,0.7484503158780516,0.013228969233461991,56.57661626310879,0.0,0.0
ZFYVE21,2114.9944,0.23987327712705991,0.013188638308940901,18.187872887866213,6.439107319013686e-74,1.671688165108386e-73
ZFYVE26,1825.4519,0.20725030110127518,0.01282390024118541,16.161253378723842,9.461816876313124e-59,2.1651470134299077e-58
ZFYVE27,1627.1904,-0.14490950818935466,0.012683028959056283,-11.425465372440264,3.1197981723313904e-30,5.500647007057658e-30
ZFYVE28,464.56152,0.14819472714335646,0.020877248011486486,7.098384186547047,1.2622389641427767e-12,1.781732168826374e-12
ZFYVE9,1326.0997,0.49456044351621525,0.015346917015463191,32.22539373985718,7.782624308774449e-228,6.417434115121061e-227
ZFY,272.3059,0.2987166449955681,0.07036291501108399,4.245370518667574,2.1823250188953143e-05,2.6981207906534102e-05
ZG16B,1003.0032,-0.7061765123255161,0.05845003000946072,-12.081713426172998,1.3194127662585427e-33,2.4067668227092262e-33
ZG16,174.90787,-2.4703809474512544,0.12533366630335555,-19.710433918624744,1.75456022420644e-86,5.017711982668761e-86
ZGLP1,86.618744,-0.3318141507276256,0.026653283864054963,-12.44927838610969,1.411152474290279e-35,2.630198043035411e-35
ZGPAT,1845.9327,-0.3436123463409305,0.01654694384513634,-20.765909980526633,8.80439055215182e-96,2.6970897871089213e-95
ZHX1,2069.2102,0.4840199238197736,0.01564629552063063,30.935113246554923,4.0290405110475056e-210,2.909799069330123e-209
ZHX2,2213.985,0.6053271816062977,0.017080998184199236,35.43863040546748,4.3416287615474093e-275,5.008001130671031e-274
ZHX3,2310.3438,1.058889421827642,0.018451727420627527,57.38700760579683,0.0,0.0
ZIC1,267.12445,1.2120952483884837,0.08318205355050365,14.571595634538705,4.2582739368866784e-48,8.889889159257166e-48
ZIC2,239.91138,-0.30346158046338106,0.061229260775286766,-4.956152934413077,7.190262772197531e-07,9.180718706752558e-07
ZIC3,25.635025,1.759389952592347,0.11093957595948845,15.858992946167557,1.2183180376303075e-56,2.7331941518584495e-56
ZIC4,47.77819,1.189608629328788,0.08072767064367477,14.736070294653013,3.781583608809549e-49,7.967428406473519e-49
ZIC5,85.18651,-0.37407024341552336,0.07367039913831236,-5.077619339529107,3.821934477600131e-07,4.906101136788214e-07
ZIK1,181.7852,0.8065840216270185,0.02986411894059591,27.008465350390274,1.175515377885777e-160,5.870080347897114e-160
ZIM2,6.8907113,1.3780636702286564,0.06793896292960841,20.28384907282834,1.7859395264930314e-91,5.297194466764514e-91
ZIM3,0.26763007,-0.6597386433313706,0.17692693766711168,-3.7288761792320733,0.0001923356246501646,0.00023240316827424185
ZKSCAN1,2205.6887,0.21931969524192102,0.021582373118175714,10.16198237520135,2.930563290623012e-24,4.834170963684484e-24
ZKSCAN2,451.8185,0.404208483424245,0.014482114296858575,27.910875106953473,1.9689274527252738e-171,1.0635551607862524e-170
ZKSCAN3,164.70116,0.1808324169516712,0.014330803570553682,12.618442229104158,1.6709389333179523e-36,3.141729381549704e-36
ZKSCAN4,252.84006,0.13385996081763052,0.011525091943324942,11.614654483963491,3.4718904236040606e-31,6.184095987240164e-31
ZKSCAN5,852.24554,0.25340755878040566,0.00999087773325866,25.363893498249563,6.314635824770478e-142,2.7376420518846287e-141
ZMAT1,814.4072,0.6648668509028419,0.03355117169678314,19.816501698108766,2.1451220502110665e-87,6.182409374327166e-87
ZMAT2,3579.7131,0.11359542779398224,0.010119849815137758,11.225011227346549,3.0734741292009854e-29,5.347650610751462e-29
ZMAT3,388.9318,0.6815931993269401,0.023368325784904356,29.16739545659881,5.027479011187258e-187,3.0354224551827216e-186
ZMAT4,66.82972,1.1262394556686859,0.06694060393032238,16.824459140538593,1.6153004438554505e-63,3.8517102057218453e-63
ZMAT5,837.3873,-0.18175182931955164,0.014601143451265834,-12.447780540351777,1.4378824684313578e-35,2.6795285285852643e-35
ZMIZ1,7314.6133,0.4268571764157704,0.016292144150979255,26.200184116963744,2.6445895312106083e-151,1.2331928141529265e-150
ZMIZ2,6081.267,-0.2621662935609489,0.01234988025171743,-21.228245798131592,5.23815100283336e-100,1.659304749753919e-99
ZMPSTE24,3480.572,0.11077640076213995,0.012284004019230847,9.017939149866551,1.9166073484552326e-19,2.980689711038124e-19
ZMYM1,564.93677,0.011872388895567406,0.014755043494003518,0.8046325922653073,0.42103172854436177,0.43858907907463474
ZMYM2,3055.087,0.06388197162569373,0.014169383189430371,4.508451128158239,6.5302607058471855e-06,8.172459903512592e-06
ZMYM3,2523.349,0.13488684365246706,0.01304018143317393,10.343939180885776,4.458262853992537e-25,7.430681411742452e-25
ZMYM4,2928.6584,0.2584212141093442,0.011271754697524228,22.926440562630845,2.5321192504620083e-116,9.117689391608776e-116
ZMYM5,591.2073,0.14238005062779657,0.012343995130818245,11.534357322640863,8.854596865333878e-31,1.5711237369821546e-30
ZMYM6,939.86694,0.056110938448149725,0.011587668091967193,4.842297691202164,1.2834628495544859e-06,1.6302732813875579e-06
ZMYND10,343.27878,-0.6551404924999479,0.046631826939977784,-14.049213498394835,7.78943024095774e-45,1.5823688911959552e-44
ZMYND11,4203.2935,0.6454912062517337,0.01348281884550608,47.87509300897272,0.0,0.0
ZMYND12,130.03062,0.2967787175830053,0.029281886748163507,10.135232068050346,3.854572138430283e-24,6.350670402711187e-24
ZMYND15,189.76466,0.05331784612964897,0.024645146161568928,2.163421786184883,0.0305087534237786,0.03415792515149079
ZMYND17,280.74155,-0.3580741223433894,0.017970584396634893,-19.925569165710666,2.4425356645264875e-88,7.082692436133708e-88
ZMYND19,961.8976,-0.5859569657268254,0.014194093564947387,-41.281746033706476,0.0,0.0
ZMYND8,2779.1846,-0.23806690599079122,0.016252317646246264,-14.648181949961865,1.3836878009806454e-48,2.8999896994199055e-48
ZNF100,449.32718,0.23195940538339535,0.019929309048559544,11.63910925452586,2.6072427278611983e-31,4.65091165307335e-31
ZNF101,249.70038,-0.24058861487835853,0.015482074082819817,-15.539818088413323,1.8651209647391198e-54,4.10952356289218e-54
ZNF107,652.81976,-0.03462233821810175,0.021829501674749625,-1.586034291298079,0.11273153096893468,0.12270643921067906
ZNF10,490.07867,0.27710492356915567,0.020032171744289756,13.832994600205813,1.6116875398460559e-43,3.2333806290624608e-43
ZNF114,106.6636,0.12964139245474895,0.043263413131344214,2.996559519267891,0.0027304493017664784,0.0031817994009881367
ZNF117,2045.3612,-0.1550532308274671,0.025732833281952527,-6.0255017054889235,1.6858583999446363e-09,2.2571610656630835e-09
ZNF121,193.56052,-0.34608259650061424,0.02365379714242675,-14.631164477176542,1.7771915081371494e-48,3.720115352062947e-48
ZNF124,174.24358,-0.131188205552852,0.01963500889776697,-6.68134179291213,2.367642917795911e-11,3.2679892992140304e-11
ZNF12,1535.2325,0.21285007025992111,0.010694787955819357,19.902224442337165,3.8926398914390307e-88,1.127315157180757e-87
ZNF131,1228.8566,-0.07136666156484317,0.012620617168283313,-5.654767957322537,1.5605695872818178e-08,2.0511062767895758e-08
ZNF132,201.72963,0.5880182791238946,0.02084117614842598,28.214255996694522,3.9094610481656186e-175,2.161083830562146e-174
ZNF133,752.43164,-0.11841647010800592,0.01277818334399297,-9.267081784647702,1.9130832954875668e-20,3.0108582879430564e-20
ZNF134,488.9731,0.41883881996956096,0.018191214835079482,23.02423580649945,2.6658483360965423e-117,9.674510922386721e-117
ZNF135,273.01443,0.6250483828254663,0.03068548092900373,20.369515611361148,3.117460923559236e-92,9.302123251171403e-92
ZNF136,465.60272,0.44634363075304734,0.014156016642355917,31.530312659957747,3.3384210518476556e-218,2.564789214889299e-217
ZNF137,131.86131,-0.21294899041869816,0.021383596527381858,-9.958520782320942,2.3148110408229052e-23,3.770179038409082e-23
ZNF138,438.54877,0.04124827293789059,0.01677768068022692,2.4585205621718096,0.013951078718698747,0.015845467873583697
ZNF140,918.30786,0.04021539171064867,0.011885576002942802,3.383545879534283,0.0007155625088931111,0.0008502472930170918
ZNF141,179.06021,-0.011661734732236414,0.019019083914674138,-0.6131596445209869,0.5397707854955229,0.556414856805233
ZNF142,1309.8345,-0.035528438415533124,0.011875706486758219,-2.9916905116464805,0.0027743736867446482,0.0032322089321724745
ZNF143,679.904,0.08345646114337668,0.008460128173213025,9.864680467563321,5.922270818836936e-23,9.60499574609266e-23
ZNF146,4285.0586,0.05727937876463805,0.012457045349496897,4.598151259596354,4.262564877486342e-06,5.355563955859321e-06
ZNF148,2443.8796,0.35961994667782443,0.012253113864546734,29.349269961356672,2.4413284563630634e-189,1.4975295583939623e-188
ZNF14,410.22177,0.3091461255832661,0.016956633619772746,18.231574292127053,2.898559210977434e-74,7.542403754638238e-74
ZNF154,153.50385,0.9073783220591579,0.03148702272530524,28.817533177880396,1.293564761081704e-182,7.564001894075255e-182
ZNF155,334.31833,0.17873481755585113,0.014567073954938961,12.269781708306024,1.3160767980005024e-34,2.4289735772361736e-34
ZNF157,7.8599567,0.779196266159622,0.03965478677404547,19.64948823453554,5.8398667771189554e-86,1.6647136336511455e-85
ZNF160,1227.609,0.27266868352098594,0.015899812170841826,17.14917639222334,6.3749569059939e-66,1.5465651531116519e-65
ZNF165,211.21886,-0.5972746573754075,0.02252790238909163,-26.512661811985545,6.925704986791445e-155,3.3153169016244304e-154
ZNF167,151.03442,0.5766075010068413,0.02224930497384897,25.91575339924393,4.4252679963322236e-148,2.0150756237380394e-147
ZNF169,166.27505,-0.08772587667099666,0.018217384954431752,-4.81550326188038,1.4682936518485635e-06,1.8622595600538815e-06
ZNF16,582.68384,-0.04069495787494384,0.01145000652899044,-3.554142765937092,0.00037921329951516055,0.0004545156932078861
ZNF174,537.5811,0.10627240469265675,0.00900810576568273,11.797419730295797,4.024635533472e-32,7.230634912279955e-32
ZNF175,339.1487,0.49296428627733613,0.01759494659380922,28.01737894736126,9.979902339199093e-173,5.438459093248242e-172
ZNF177,178.42285,0.5159218304315365,0.024049332402602923,21.45264665956785,4.3139525292048085e-102,1.3892401066447436e-101
ZNF17,273.18237,0.2699174277003329,0.01153797377905292,23.393832649400316,4.9382473746617534e-121,1.8433769398741956e-120
ZNF180,368.01938,0.14316792126281816,0.012621654590053167,11.343039079491643,8.030628353157839e-30,1.4077455023414883e-29
ZNF181,478.32233,0.5332106009095133,0.014340460994398008,37.18224965834836,1.3211577061450122e-302,1.8691764933569356e-301
ZNF182,411.844,0.07855451637862389,0.012847686173352364,6.114292902137922,9.698602867996298e-10,1.304703685671578e-09
ZNF184,510.09872,0.23950110493729787,0.012688803002477206,18.874995922825867,1.831380227076833e-79,4.9706799150856206e-79
ZNF185,2800.5383,-0.8145492493255952,0.03132108135115189,-26.00642168746957,4.18952088917796e-149,1.9227785343276394e-148
ZNF187,630.8607,0.504049493689095,0.013170772307398701,38.27030654883802,0.0,0.0
ZNF189,1148.3206,0.48458044508062453,0.015177690751004778,31.92715236002189,1.1215593867621467e-223,8.97203440278607e-223
ZNF18,435.50198,-0.012575470036363388,0.012011104924869958,-1.0469869437511004,0.2951055999406752,0.3115564669774013
ZNF192,805.2589,0.6013474679180086,0.0238196334974294,25.24587408042637,1.2571119731712009e-140,5.399481574217822e-140
ZNF193,396.06116,-0.024687427302312222,0.013918194033416017,-1.7737522011146338,0.07610414768057291,0.08360101051976662
ZNF195,789.30054,-0.06373987529142638,0.01364235575010394,-4.672204453467706,2.979841163097286e-06,3.756212385579695e-06
ZNF197,801.23895,0.33832668105592717,0.0112832639192313,29.984823848645426,1.5478096582081e-197,1.008056840417745e-196
ZNF19,151.34561,0.35069137650334076,0.01626707363353299,21.558356739741104,4.4202526674192194e-103,1.437800352388367e-102
ZNF200,479.81955,-0.10518352937407081,0.010268627697117201,-10.243192418359843,1.2697605916704021e-24,2.104963430161853e-24
ZNF202,544.5556,0.012293499777702272,0.010591794503644033,1.160662602873647,0.24577913579885657,0.2613095945338619
ZNF204P,405.30072,0.4328666129667083,0.030994654341339165,13.965847407092125,2.5189144853330283e-44,5.096658716646305e-44
ZNF205,805.69104,-0.31150587780410754,0.01603390854863713,-19.42794402619849,4.479481949361731e-84,1.2582474200752687e-83
ZNF207,6480.0107,-0.19329807097598398,0.008516451006200668,-22.69702142773407,4.7939411926795715e-114,1.698865948507631e-113
ZNF208,179.73172,0.47648755015027194,0.04535159989134374,10.506521297856553,8.061241206805541e-26,1.3536688364347905e-25
ZNF20,270.04025,0.09502130912707882,0.013542894696752022,7.01632193521136,2.2778487502532684e-12,3.202231922828773e-12
ZNF211,500.7166,0.20268018950513098,0.0158851079363622,12.7591320321583,2.772733458766016e-37,5.252147421568414e-37
ZNF212,831.24536,-0.11825755945883919,0.010387224209975102,-11.384904866621978,4.972247863818356e-30,8.744816366575492e-30
ZNF213,1263.6029,-0.13511844570874051,0.013813814397842147,-9.781400112763015,1.35325391411025e-22,2.185711736403854e-22
ZNF214,96.202255,0.6361938059283749,0.02644116054915964,24.060736847974496,6.444779484028839e-128,2.543308112334622e-127
ZNF215,86.04551,-0.3531016054017458,0.03120433419956689,-11.315787196210929,1.0961399141750909e-29,1.9173737015800906e-29
ZNF217,3495.242,-0.1023306991692391,0.02039576345906913,-5.017252694394089,5.24156070665931e-07,6.707708493737941e-07
ZNF219,1801.367,-0.018080935113513993,0.01945172544829071,-0.9295285994848764,0.3526152108365318,0.36998882015260276
ZNF221,43.011677,0.520333108509273,0.024817446312230883,20.96642426311345,1.3288383187648212e-97,4.132877991404368e-97
ZNF222,135.82039,0.3102097939241185,0.01568893902718419,19.772515744156994,5.135040494197801e-87,1.4759888383647189e-86
ZNF223,190.6902,0.2690426140716393,0.016010298604561185,16.80434704665606,2.2679620067881344e-63,5.402297706353063e-63
ZNF224,428.20886,0.07549139787132006,0.015432748466137979,4.8916366411958805,1.0000093225262202e-06,1.2742811414728245e-06
ZNF225,156.74445,0.4342297011461861,0.013938819619844976,31.15254469094102,4.6851099564022776e-213,3.473567137741951e-212
ZNF226,673.312,0.13381747306663722,0.013369305704354175,10.009306094560687,1.387221000163535e-23,2.265920438248509e-23
ZNF227,618.5979,0.30216143504042936,0.012138649355788147,24.892508728440024,8.968305024757627e-137,3.761551751113319e-136
ZNF229,296.31537,0.740932613867092,0.034525697870244586,21.460322587878892,3.657573318406579e-102,1.1793559580208989e-101
ZNF22,1589.3309,0.3782155863309667,0.014381761579396904,26.29827954266692,2.0066066793878823e-152,9.443482520956518e-152
ZNF230,224.15752,0.22534313694170025,0.012661488122015492,17.797523858975076,7.38632744248279e-71,1.8703761243968546e-70
ZNF232,392.58508,0.007488415124460929,0.01465265459446355,0.5110620110631966,0.6093076356898901,0.6251206488112514
ZNF233,90.884285,0.12005943405773642,0.02626160581795854,4.571671469367493,4.838491209456277e-06,6.072048482606198e-06
ZNF234,344.38437,0.2671311185484264,0.013410894029142532,19.918964236682307,2.786960984137636e-88,8.077981018800987e-88
ZNF235,181.48521,0.29453555443876694,0.014155987781615396,20.806428981330775,3.78511133219148e-96,1.163888862892106e-95
ZNF236,608.94415,0.17104155645882618,0.014246687071240882,12.005707404362079,3.3161616589950076e-33,6.022097512753488e-33
ZNF238,1876.7482,0.3647110691770337,0.023891519519365346,15.26529398355831,1.3023953955493111e-52,2.8228966100275123e-52
ZNF239,263.62177,0.0008254811149436489,0.024236919500818785,0.03405882975003329,0.9728302385230994,0.9738347342950034
ZNF23,501.27786,0.2386233725626337,0.013269449805865429,17.98291383996616,2.651828601498897e-72,6.784189306096511e-72
ZNF248,735.165,0.40785734687835157,0.015868488023282726,25.702344563636494,1.100427583637434e-145,4.90876537582702e-145
ZNF24,4137.979,0.38175126424274025,0.013369119082711305,28.554705951898793,2.4553758412983767e-179,1.3986848559875114e-178
ZNF250,588.1054,0.2479850194108479,0.014368639072762987,17.258768777964868,9.613901848309421e-67,2.349975119819084e-66
ZNF251,834.4614,0.0994695987092545,0.015187122721103495,6.549601299463723,5.769089701147903e-11,7.911417029884829e-11
ZNF252,1331.9908,0.18955087494298095,0.0133469038131705,14.201861165428895,8.921120804240077e-46,1.8259284050821727e-45
ZNF253,484.42322,0.34619241206038825,0.020038949555274164,17.275976023866576,7.135599673997935e-67,1.7473379091042094e-66
ZNF254,744.3447,0.3780509742121714,0.019514387050044976,19.3729361441204,1.3059359095736093e-83,3.6591727474551484e-83
ZNF256,226.54286,0.16065384793722903,0.019893522013567106,8.075686538947972,6.709804613492845e-16,9.961708752723753e-16
ZNF257,83.1641,0.2566852607918652,0.037335213301391695,6.875151849803337,6.1923861523988935e-12,8.646237547266242e-12
ZNF259,1618.8958,-0.16225151664431975,0.010742938622139611,-15.103085138170977,1.5453061828677398e-51,3.319009239055208e-51
ZNF25,655.9882,0.9641725622853101,0.01940078547770942,49.697604429114406,0.0,0.0
ZNF260,1171.3344,0.3159319658200793,0.013577458304467115,23.26885921764419,9.166547654620798e-120,3.392505793499815e-119
ZNF263,1574.6838,-0.032545395597069995,0.00914833721942663,-3.557520324891321,0.000374372142634763,0.00044879246610735084
ZNF264,1522.8112,0.1798398831220842,0.014501877770369142,12.401144594498016,2.5761718599501546e-35,4.7867375099685314e-35
ZNF266,1399.2719,-0.12727269128805002,0.014792715063124937,-8.603741148595061,7.715888959348501e-18,1.1758947774786747e-17
ZNF267,727.1489,0.02433217479454157,0.014687540785304027,1.6566541090995786,0.09758942603206468,0.10662926660155664
ZNF268,714.57324,0.43024169986788896,0.015085408719138403,28.52038734105058,6.545962464202214e-179,3.718450050465761e-178
ZNF26,503.4919,-0.04429170435375682,0.012763113622546082,-3.4702899044568074,0.0005198968925892596,0.0006205053837627352
ZNF271,1283.4686,0.39172150847002335,0.011129276258077653,35.19739283906364,2.1918806699611047e-271,2.472271388351143e-270
ZNF273,341.78784,-0.016378778990263798,0.020156873716219277,-0.8125654414893005,0.41646725208085655,0.4339897008299206
ZNF274,1009.80444,0.25193916447005715,0.0134881786001707,18.67851634666735,7.404881432463132e-78,1.982848626641022e-77
ZNF275,1852.3706,0.22104490773073238,0.0219723522553811,10.060138539632131,8.288163192747508e-24,1.358058063912648e-23
ZNF276,1269.1062,-0.2063681683351806,0.01534486675100418,-13.44867776852319,3.1342668755926e-41,6.152192375644981e-41
ZNF277,957.38446,0.08598744089164277,0.011783841877725113,7.2970633672693825,2.941162987784927e-13,4.186473975271854e-13
ZNF280A,16.722286,-0.6398998272048425,0.08141487203818425,-7.85974123873491,3.8492780909409064e-15,5.648511795694531e-15
ZNF280B,176.2528,0.01701083107319104,0.033941851433487255,0.5011756976936161,0.6162474761333775,0.6318584995265629
ZNF280C,262.833,-0.19849747786798805,0.016758600633993412,-11.844513882940356,2.2974666682958073e-32,4.1374722600472664e-32
ZNF280D,1256.658,0.3339778306799665,0.013087146326563581,25.519530564281716,1.1968380306629633e-143,5.24799170068216e-143
ZNF281,771.61804,0.37247673870083514,0.022226306793569017,16.758372956887644,4.91902263610841e-63,1.1688419916962083e-62
ZNF282,1963.6202,-0.2491255701079824,0.010452422103905326,-23.834243166940407,1.4753505222182728e-125,5.71691307229574e-125
ZNF283,115.534485,0.05981986578863223,0.014248640018421127,4.198285991596045,2.689428479818979e-05,3.320038468386769e-05
ZNF284,82.00822,0.19369600073208493,0.01894403045434249,10.22464576368354,1.5378918446500165e-24,2.546973079413462e-24
ZNF285,136.73792,0.4591173909505923,0.028484695908069742,16.118037293862205,1.905661276292736e-58,4.349479587897288e-58
ZNF286A,604.90265,0.39247666412757903,0.016055600408902658,24.444845046713723,5.709493593018706e-132,2.319225460101114e-131
ZNF286B,90.62326,0.0339142944705018,0.02633800624527205,1.287656102541542,0.19786570065658082,0.21185105441321742
ZNF287,266.4678,0.7074841619702348,0.021481983405155936,32.93383802728523,7.208037220885738e-238,6.413829972902654e-237
ZNF28,801.8805,0.09638205740444857,0.018659356546478142,5.165347323975123,2.399928564164084e-07,3.093589061530745e-07
ZNF292,2016.095,0.29467467010001547,0.017593329528712988,16.749227007832438,5.73668399091642e-63,1.3626548754062234e-62
ZNF295,1013.5847,0.45901889020263725,0.013910373569868052,32.998315098951814,8.587205965224043e-239,7.694847105897724e-238
ZNF296,205.41847,-1.245479467977595,0.02702078879555414,-46.0933793384492,0.0,0.0
ZNF2,269.9659,0.15165053996216046,0.009434381631384912,16.074242688855385,3.866900859637857e-58,8.797210258282169e-58
ZNF300,318.13782,0.49502966361458567,0.028406641823735715,17.426546463544103,5.188648362464207e-68,1.2837002310293935e-67
ZNF302,1207.0321,0.5525475042000754,0.016401290754907077,33.68926948842484,8.301190569073843e-249,8.005871094067949e-248
ZNF304,642.74976,0.40798872375518436,0.017465903711607042,23.359153382029334,1.1124704515614823e-120,4.139789055627896e-120
ZNF30,213.71207,0.13261134680988343,0.017476291587646683,7.5880713104845015,3.2470221313415836e-14,4.697372526965345e-14
ZNF311,114.52657,0.2950589556216535,0.02683003793190078,10.997336506588756,3.9358579471265646e-28,6.764890835419986e-28
ZNF317,1638.8995,0.06792136885181453,0.009198436358790958,7.384012478044922,1.5358904315295774e-13,2.198340361045463e-13
ZNF318,1745.9098,0.13958050853172682,0.014053326031927785,9.932204533973918,3.0151446108660734e-23,4.9037649091406285e-23
ZNF319,825.3566,0.23530157900243953,0.014194269615742798,16.577223441033393,1.018259415796535e-61,2.3869595217273067e-61
ZNF320,1123.5317,0.14284362873078676,0.021269174263207746,6.7159931534287765,1.8678956414150797e-11,2.582755186333171e-11
ZNF321,197.57819,-0.5072303884149143,0.02630761767330091,-19.280741978004823,7.795033772931987e-83,2.1683166085957418e-82
ZNF322A,1602.7102,0.1255987157187533,0.014916819804265501,8.419939193931809,3.7667976081815735e-17,5.683135653250975e-17
ZNF322B,83.01637,-0.6725705247868454,0.025096133053559802,-26.799767253044728,3.251479832504789e-158,1.5916537126704736e-157
ZNF323,503.3903,0.02816504460492207,0.02270655016400242,1.240392943952059,0.21483008958352,0.2292549425427657
ZNF324B,278.1033,-0.03937533775510387,0.011144828257958338,-3.5330591772005633,0.0004107805118632784,0.0004916856041521833
ZNF324,436.47714,-0.03492834287341454,0.01097036403845183,-3.1838818430262164,0.001453143149714592,0.0017095949948014665
ZNF326,972.49554,0.016130373596613706,0.011619221026281733,1.3882491399490648,0.16506119353449,0.17772799022470287
ZNF329,606.01434,0.4117396047465115,0.016191667276260483,25.429104842722786,1.2022206641916469e-142,5.233271435167359e-142
ZNF32,1486.9133,0.07847084066043912,0.014340289782884565,5.472054041341319,4.448491246238814e-08,5.803706073833773e-08
ZNF330,1293.9601,0.08535618923566829,0.011067305207969695,7.712463660458402,1.2341182460642815e-14,1.7969827901317916e-14
ZNF331,1138.47,0.4502047839931176,0.02295464629361266,19.61279552011181,1.2023792541991047e-85,3.4188881614859737e-85
ZNF333,460.77045,0.5623181327711695,0.016204169270234877,34.702064844760706,7.333061347554538e-264,7.824622430548367e-263
ZNF334,265.00772,0.6306298067930037,0.03603373460076894,17.501094842929394,1.405414828385015e-68,3.4936313175934705e-68
ZNF335,1365.4795,-0.30711380983197467,0.01076048934445873,-28.54087764978155,3.645634926324863e-179,2.0738050143908322e-178
ZNF337,1118.5568,0.05112325159530062,0.01509372227867505,3.3870539454359365,0.0007064749492889503,0.0008395472503253408
ZNF33A,2112.7678,0.11408932594373626,0.014703597456756194,7.75927974628502,8.541306100472044e-15,1.2461835380500957e-14
ZNF33B,1553.4446,0.14663475670565396,0.017399182101521825,8.427681016846677,3.525826084203346e-17,5.322332115985462e-17
ZNF341,368.05173,-0.3719051745276423,0.011882225864238908,-31.29928506467285,4.772009140188781e-215,3.5902932034406278e-214
ZNF343,579.53796,0.03726630022449844,0.010310024274899384,3.614569590803619,0.00030084700093211563,0.0003619943316771242
ZNF345,174.72583,0.13473686960309508,0.018408746813068515,7.319176637675537,2.494970103573397e-13,3.556581454883825e-13
ZNF346,646.51337,0.1469724053663467,0.011095298742017983,13.24636756374671,4.735759356846411e-40,9.211361875039274e-40
ZNF347,236.10431,0.5561147419846033,0.022062159312773933,25.206723154365687,3.3804103462628423e-140,1.4482696599235103e-139
ZNF34,295.31268,0.3651667998967295,0.01371089823455177,26.63332435627748,2.7924852091187296e-156,1.3478474720826985e-155
ZNF350,565.90674,0.1676237957874091,0.022709823824887468,7.381113877409823,1.5697067043333632e-13,2.2459525471588264e-13
ZNF354A,560.48474,0.09549961249573644,0.013517071972093887,7.065110897751838,1.6048777351333119e-12,2.261156111389557e-12
ZNF354B,225.82764,0.16095240750289266,0.015762753478061112,10.210932228744753,1.7715451244787585e-24,2.930123258531403e-24
ZNF354C,88.13985,1.2861170803185147,0.02855264734676754,45.04370697045424,0.0,0.0
ZNF358,3577.7905,-0.01467247124807445,0.01906881371277231,-0.7694485597836018,0.44162707067691087,0.45908019054946275
ZNF35,311.55908,0.06801805672511996,0.012311798619746878,5.524623885256366,3.301921833081909e-08,4.316136539307518e-08
ZNF362,1879.0825,0.2141225657405151,0.01458102704407108,14.685012591591164,8.04192746919379e-49,1.6896346888061545e-48
ZNF365,256.80637,1.0252958319193577,0.04236574285903937,24.201058750008333,2.1683506159344967e-129,8.650881871411016e-129
ZNF366,72.55627,1.48688232976977,0.02944860542684749,50.49075527407555,0.0,0.0
ZNF367,504.59576,-0.07993925124581826,0.023040442127224735,-3.469518979037365,0.0005213912288566625,0.0006222159453864474
ZNF37A,981.17816,0.2956042832008874,0.014553198297141206,20.31198071828343,1.0075801715917059e-91,2.993771849596547e-91
ZNF37B,694.85175,0.07756463029228025,0.019740792394768607,3.929154855649827,8.524493300025334e-05,0.00010399074785500375
ZNF382,104.2658,0.4844053786684797,0.02587162076557342,18.723426068190644,3.18960186546714e-78,8.569161306287344e-78
ZNF383,192.33788,0.1961558806545131,0.012615296214631117,15.549050717256494,1.614815622807711e-54,3.5595529736619953e-54
ZNF384,2759.2507,-0.007962833667851913,0.010289206132930159,-0.7739016562577369,0.4389889500813158,0.45647765640254906
ZNF385A,3042.7158,-0.22035446817927343,0.0253932252119399,-8.677687309907474,4.038976743722332e-18,6.17663393115323e-18
ZNF385B,352.3593,0.3133360692444564,0.05237211180348908,5.982880171419432,2.1922605166239366e-09,2.9288163172089197e-09
ZNF385D,58.94046,1.3786593531364946,0.04103299883469157,33.598795903040354,1.7468417417524538e-247,1.6657588299924218e-246
ZNF389,28.561434,0.3548156107801255,0.02795270469087063,12.69342679730053,6.430921972828213e-37,1.2147628543775245e-36
ZNF391,74.18021,0.5039232692898521,0.023689365020875618,21.27213071544059,2.0572079748198957e-100,6.528869393508692e-100
ZNF394,1032.409,-0.30907210317173084,0.010196203902349803,-30.31246786860574,7.853024970809951e-202,5.324000512178482e-201
ZNF395,4182.945,0.5889984046998646,0.020569617491591828,28.634387826639337,2.5083320075865798e-180,1.4381056418601852e-179
ZNF396,99.72848,0.46882028666088293,0.021777376954815887,21.527858365752685,8.538934761285773e-103,2.770866636994215e-102
ZNF397OS,686.3131,0.3647977609382198,0.015214814373095575,23.97648449680026,4.892999401572761e-127,1.9193945051371838e-126
ZNF397,550.12463,0.377131785075416,0.01461581672482283,25.80299084038956,8.20761503964104e-147,3.6968768715055743e-146
ZNF398,1001.44434,-0.0495495270951171,0.01083006346653043,-4.575183446361743,4.758028872621973e-06,5.972176930808307e-06
ZNF3,1647.9312,-0.07116829327391218,0.010724112858631377,-6.636287235324261,3.216827063071521e-11,4.429582832402644e-11
ZNF404,139.41545,0.47390328349303057,0.02627351898383275,18.037297698288686,9.928150417094437e-73,2.547607944815045e-72
ZNF407,645.42554,0.31381483241247704,0.011668598903654319,26.893960020701194,2.5842002391996734e-159,1.2742003552885967e-158
ZNF408,753.0192,-0.27625464847443754,0.011374127173445195,-24.287986608713176,2.6259797761977745e-130,1.0551079980977006e-129
ZNF410,2043.3756,0.10548357115476305,0.008950314185941022,11.785460148477757,4.6387976957474066e-32,8.329624474133131e-32
ZNF414,566.25397,-0.19672093320796963,0.015550397789572531,-12.650540254338878,1.1110814858630537e-36,2.093134817311549e-36
ZNF415,337.37686,0.7011678023663545,0.02766353835071176,25.346280489397845,9.87633969538499e-142,4.2717739506765035e-141
ZNF416,266.95737,0.12594406406400427,0.01229432213951073,10.244083621272054,1.2581140272603177e-24,2.0858260163674926e-24
ZNF417,368.64847,0.06997109964108666,0.017060188571652854,4.1014259219473335,4.1061196266374963e-05,5.048097190743526e-05
ZNF418,175.04228,0.6186164398896953,0.03022036441407245,20.470184654743264,3.9711295527358976e-93,1.19157297810096e-92
ZNF419,367.62503,0.14301725465206022,0.016260903756184567,8.795160268854428,1.4284394615951718e-18,2.1958319992914605e-18
ZNF41,510.18997,0.3022054424453836,0.01361685630848516,22.193481050179575,3.970390993078398e-109,1.3539897860650435e-108
ZNF420,283.65823,0.5638907485464087,0.017860215099765875,31.572450017906032,8.822086036106422e-219,6.821452700687074e-218
ZNF423,552.3377,1.119887685417461,0.03264969566562833,34.300095685008564,7.82156226735505e-258,8.034267719529842e-257
ZNF425,190.60265,0.7065064784821018,0.020327561464583956,34.756086199174696,1.1215688210161734e-264,1.2043259296976938e-263
ZNF426,261.17603,0.4557580576125292,0.020357344951288443,22.387892856513375,5.164328534469667e-111,1.7899313012132783e-110
ZNF428,1766.775,-0.025396553990535503,0.019141191673976456,-1.3268010907107508,0.1845744895859035,0.19798482789670227
ZNF429,289.75858,0.38435892275429556,0.02299922261218959,16.71182236179519,1.0749945797329756e-62,2.548714876998212e-62
ZNF430,280.72186,0.448761523231535,0.02131848793732501,21.05034487205965,2.2702207045573253e-98,7.105214961426993e-98
ZNF431,376.09528,-0.011037481295829155,0.020165908333581742,-0.547333703657114,0.5841494928750998,0.6002775855766281
ZNF432,281.2047,0.15781614656017418,0.019915897928930303,7.924129111493723,2.2975081101490005e-15,3.383850655756601e-15
ZNF433,215.78754,0.2506322237624561,0.021046989020780227,11.908222288470837,1.0723921212761631e-32,1.937767923765102e-32
ZNF434,721.46014,0.09616808362592189,0.008990833177354914,10.696237126069596,1.0599560315258929e-26,1.7983037371529712e-26
ZNF436,1330.0244,0.41430036222213074,0.01691684123317607,24.490409084743032,1.8690502123140117e-132,7.611921038707935e-132
ZNF438,510.36853,0.3169248975566415,0.013609834258659031,23.28646268083708,6.080213511815146e-120,2.251492668007358e-119
ZNF439,288.43912,0.24025678020271088,0.026144707655236757,9.18949958710239,3.946730791638853e-20,6.185642200690948e-20
ZNF43,753.7117,0.3992532435641603,0.026336715847462007,15.159568333294494,6.549839389105357e-52,1.410644029649804e-51
ZNF440,677.7233,-0.3623931109051968,0.018772519149118656,-19.30444752920711,4.9279497009774445e-83,1.3741696748691932e-82
ZNF441,368.3904,0.6513953709429535,0.018728832178660813,34.7803517447894,4.820834060051379e-265,5.203995791547509e-264
ZNF442,65.67894,0.5390842688324194,0.01954653156984336,27.57953588370254,1.9584139724978715e-167,1.0284072753697232e-166
ZNF443,220.84106,-0.257884081423751,0.01901448615997145,-13.562505936481129,6.681385106132308e-42,1.3183399823197097e-41
ZNF444,1559.5656,-0.31499571223967493,0.01653786402861084,-19.046940505419922,6.965613463303817e-81,1.9127721135608635e-80
ZNF445,1229.379,0.29988965876500256,0.013944912341949599,21.505309708033337,1.3885565411843377e-102,4.497235542789044e-102
ZNF446,605.59106,-0.15854232422766026,0.01420918468072361,-11.157735492222937,6.564231674843414e-29,1.1382436987321103e-28
ZNF449,318.98538,0.3798196449953561,0.01355137772020798,28.028120301669723,7.383063670134603e-173,4.027647193469195e-172
ZNF44,520.57324,0.07402708969196824,0.016803114949829428,4.405557535790095,1.0551214065927745e-05,1.3147204061951342e-05
ZNF451,1359.4713,0.18475708866427357,0.01138170221229377,16.232816956387335,2.9557764603664593e-59,6.788116520767145e-59
ZNF454,42.304527,1.1871368149180568,0.03221777025193561,36.84726800256249,3.2345343803932476e-297,4.3726351560707916e-296
ZNF45,533.6405,0.33224924604034045,0.011844146558506225,28.051767546031066,3.801060354296644e-173,2.0802631116431553e-172
ZNF460,191.19016,-0.3963229944256836,0.029504397883858693,-13.432675223055627,3.8909685342972585e-41,7.63382754069171e-41
ZNF461,220.8687,0.4043850160207061,0.016862910586075384,23.980736537536327,4.417927728340224e-127,1.7347076301114485e-126
ZNF462,890.99036,0.7060991685859184,0.025166720004569248,28.056861142720212,3.294326024941056e-173,1.8034198317229083e-172
ZNF467,563.94226,-0.19699449966528151,0.02783944171521463,-7.076093755056208,1.482745666367674e-12,2.0903828697167424e-12
ZNF468,812.587,-0.04333506568858827,0.01887128317237269,-2.2963497125638086,0.021655893802462724,0.024386987218559576
ZNF469,683.0534,0.581834938058747,0.03246074408270487,17.924263737649483,7.62533352414133e-72,1.943710594941697e-71
ZNF470,362.6881,0.6843636050987868,0.021654899094753856,31.603176819446904,3.339079191466118e-219,2.5877545968427367e-218
ZNF471,252.16985,0.9698055861630849,0.030408260951140017,31.892832928570567,3.356592213053212e-223,2.6746325191996225e-222
ZNF473,596.41864,-0.06709227823962469,0.011635347425080638,-5.766246231290314,8.105660931699086e-09,1.071718086170033e-08
ZNF474,28.431114,-0.2253227227924489,0.03814139432770179,-5.907563862414929,3.472037501324819e-09,4.62128736202092e-09
ZNF479,0.8887441,-0.7847167410417659,0.17779017474632003,-4.413723886381457,1.0160753499265511e-05,1.266532666941447e-05
ZNF480,839.9206,-0.08696998334248217,0.013550814303237485,-6.418063254080884,1.3801891228664693e-10,1.8818155874925296e-10
ZNF483,70.70804,0.9263824290935933,0.03410392905623665,27.16351032650837,1.753514091497017e-162,8.878337077539859e-162
ZNF484,182.77328,0.29506021932374454,0.01589106259364638,18.567683412292173,5.8680636086464654e-77,1.5631022767033023e-76
ZNF485,134.94951,-0.27278189697948313,0.016392365826429185,-16.64078875909911,3.5293832720861426e-62,8.315555379747919e-62
ZNF486,235.47694,0.7022978574977097,0.03936644763948701,17.84001096388644,3.4562811298896864e-71,8.777151992444073e-71
ZNF487,68.989914,0.28464039535806607,0.016235619839533238,17.531846530735795,8.186711079918393e-69,2.0398145988992604e-68
ZNF488,251.97389,1.2813703207088751,0.05090038107321964,25.17408109117372,7.702581755656802e-140,3.28894425258844e-139
ZNF48,559.9306,-0.036160136178574456,0.013530668323099406,-2.6724575102356383,0.007529790964876633,0.00863315955701545
ZNF490,539.70776,-0.022438862166933048,0.01464472683771199,-1.5322144561379043,0.12546952236141198,0.13619289857944053
ZNF491,79.901344,0.5453948665848558,0.023281998459952657,23.425603584803472,2.3441188709331435e-121,8.777619292500987e-121
ZNF492,31.635052,-0.23683008016050358,0.04764826068822398,-4.970382480698501,6.682095311914982e-07,8.536695435195602e-07
ZNF493,437.19193,0.42982752689402354,0.023904459684903998,17.98106012684594,2.7419938679054995e-72,7.013978283287858e-72
ZNF496,766.9742,0.22013474331217472,0.015470577525836476,14.229251813291457,6.032370752630502e-46,1.2365388255417277e-45
ZNF497,183.74098,-0.15252390584683465,0.019321030294383396,-7.894191123502,2.9220409714871123e-15,4.2943645519747435e-15
ZNF498,861.37604,0.05547315773869425,0.010565380569417795,5.250464701599585,1.5171597660368975e-07,1.962379649094358e-07
ZNF500,551.85297,0.12108602173308121,0.010649184131568859,11.370450565703814,5.8683875386715215e-30,1.0310191741440585e-29
ZNF501,170.59079,0.8189397943843242,0.020063222479405066,40.817959090318986,0.0,0.0
ZNF502,259.62045,0.48722977504205367,0.023795920255049195,20.475349127910683,3.5717956410733935e-93,1.072697853025715e-92
ZNF503,1514.6918,-0.07741459725756802,0.027309821487199876,-2.834679724796161,0.004587164771648766,0.005301736451092661
ZNF506,828.3272,0.2505659621469222,0.019246338220028116,13.018890101711834,9.554963321086945e-39,1.8362233174816793e-38
ZNF507,1241.1166,0.2025161076834103,0.011788976021411138,17.17843070641594,3.8519094621510333e-66,9.362586525779953e-66
ZNF510,582.38715,0.5291766077172341,0.013639210161800284,38.79818563096225,0.0,0.0
ZNF511,1227.9509,-0.5773676312214981,0.014695061082966815,-39.28991026044325,0.0,0.0
ZNF512B,1991.4363,0.15548765990182348,0.018226207130956174,8.530993792874028,1.4509582212220724e-17,2.2021811857656306e-17
ZNF512,1776.312,0.43033532601545305,0.015651273833684674,27.495226943719132,2.0022086374831106e-166,1.0427977910084075e-165
ZNF513,1032.9624,-0.19747625808600774,0.01294777277043719,-15.251754999662372,1.6026683214488196e-52,3.4700334314980874e-52
ZNF514,498.22177,0.06021083594662636,0.016293297298748132,3.6954359110143136,0.00021950984797103505,0.00026497100645335605
ZNF516,822.97003,0.07832966299560522,0.022008783311656902,3.559018319477846,0.0003722435692065015,0.00044634588759497995
ZNF517,610.74915,-0.016609671513249505,0.015371563012232485,-1.0805453876116404,0.27989938678169635,0.2961014089627724
ZNF518A,1304.8948,-0.02257916921221319,0.016726260861758265,-1.349923297192895,0.17704058785150567,0.19021422386768716
ZNF518B,850.60614,0.17088858321779984,0.022258711475448553,7.677379861196845,1.6237540507507643e-14,2.358927409678522e-14
ZNF519,113.20371,0.32659439167294146,0.02068386660033166,15.789813287023646,3.6566065264463707e-56,8.168186556058993e-56
ZNF521,667.7452,1.343620182734946,0.03162223627230238,42.48972688600807,0.0,0.0
ZNF524,800.933,-0.6100958051682926,0.016603058141990073,-36.74598980204291,1.34737666165653e-295,1.79172053916821e-294
ZNF525,472.46188,-0.15058368807789227,0.01992241220295602,-7.55850679846636,4.077227067920142e-14,5.891289274363817e-14
ZNF526,705.65137,-0.25703860505995474,0.010548601716745633,-24.36707840167219,3.821682508463415e-131,1.5462168956638844e-130
ZNF527,238.04987,0.37446785224705376,0.012935667446368782,28.948475507707336,2.9330456288020697e-184,1.7363732467804983e-183
ZNF528,553.58386,0.4319082270471045,0.023973081233396053,18.01638357798698,1.4491218500267753e-72,3.715233817490885e-72
ZNF529,716.98846,0.2292331356170799,0.01670477586398458,13.722610676345887,7.433963793564478e-43,1.4797425584002662e-42
ZNF530,144.75989,-0.1265904786114385,0.017355999783781346,-7.2937589414891235,3.0142455196265094e-13,4.289000876018738e-13
ZNF532,3119.1614,0.7112372791791906,0.019790756002114353,35.93785296040258,7.834901782984436e-283,9.523030770136127e-282
ZNF534,19.148417,0.13744513541627665,0.02885492441939645,4.763316424557509,1.9043685998484408e-06,2.410085182092025e-06
ZNF536,77.613304,1.6072319466345089,0.0663706401745798,24.21600789757162,1.5090109417331544e-129,6.033376622691534e-129
ZNF540,210.7451,0.6815660598309001,0.02991538881650565,22.78312556829781,6.740617434630972e-115,2.400843778020503e-114
ZNF541,70.106636,-0.608744755177113,0.04079106224143554,-14.923483766469568,2.3184585659650265e-50,4.931720608555216e-50
ZNF542,692.4312,0.6593791071920597,0.02517177440075427,26.19517784857874,3.0157815937150592e-151,1.405638678261101e-150
ZNF543,259.77075,0.17622992448857977,0.014827007953590569,11.885737502818511,1.403904063668644e-32,2.534771446632664e-32
ZNF544,1115.3624,-0.15183895068908776,0.014674848144354168,-10.346883946973213,4.323281931307016e-25,7.206885846186813e-25
ZNF546,151.05957,0.4278171308426979,0.018880853269719385,22.658781609664842,1.1429885018362837e-113,4.0385461487131034e-113
ZNF547,115.621254,0.11052482217953999,0.018213187306122203,6.068395406134545,1.2919451112703044e-09,1.7345496254518681e-09
ZNF548,567.7922,0.2934094072359084,0.014047812802432363,20.886483281233993,7.106353362714779e-97,2.197088050288689e-96
ZNF549,378.35083,0.3649374077105423,0.02136172659628639,17.083703700897683,1.9625626533474437e-65,4.744219076169628e-65
ZNF550,422.68726,0.11041264502531316,0.01683000403180749,6.560464561781521,5.3640401816617116e-11,7.35942408911994e-11
ZNF551,283.2158,0.11148455231868817,0.01967868233426303,5.6652447773182315,1.468148008675115e-08,1.9302567199623294e-08
ZNF552,683.3795,-0.27818251057131277,0.028545922668458245,-9.745087373850765,1.9361224217793852e-22,3.1209434984169834e-22
ZNF554,272.74817,0.20245687891206343,0.013065478100628709,15.495558398457785,3.7171713175709195e-54,8.172558407605438e-54
ZNF555,162.90565,0.36150393871740083,0.012083203136021256,29.917889705894364,1.1517170464717113e-196,7.462701256880194e-196
ZNF556,18.135134,-0.2894283047803207,0.057748212261858084,-5.011900688248391,5.389501905672747e-07,6.895730850778749e-07
ZNF557,391.08456,0.04795315626889312,0.0122562915533096,3.912533906387385,9.133270966208941e-05,0.00011128389706209099
ZNF558,798.76025,0.21941847426956476,0.014235480368457048,15.413492807432885,1.328338944604872e-53,2.906669451118937e-53
ZNF559,619.1829,0.44578995406137034,0.016677489837152375,26.730039017519648,2.107268569858401e-157,1.0248896515467555e-156
ZNF560,46.54128,0.4556149043521002,0.08633587400575513,5.27723741259316,1.3114593237276156e-07,1.6972856380249524e-07
ZNF561,1444.2332,0.14449830720870993,0.011635545312055445,12.418696617424285,2.0690483238785165e-35,3.8490273049929383e-35
ZNF562,1072.2115,-0.04638520320220467,0.013949381755333331,-3.3252515427409537,0.000883387958491772,0.0010469726072263351
ZNF563,161.53511,0.17796418703014966,0.02010285497497715,8.852682231039768,8.54406690104389e-19,1.3173936537288137e-18
ZNF564,540.377,0.08565719995129739,0.011169047847697547,7.66915865339007,1.7312818623920675e-14,2.5138839909022257e-14
ZNF565,147.30917,0.059783476342035215,0.01212387002644675,4.931055530257651,8.178647855932876e-07,1.0434208027255133e-06
ZNF566,396.31512,0.3618972447831327,0.014431310073337788,25.077227427310774,8.813854024235437e-139,3.736802458963125e-138
ZNF567,286.45706,0.23184759532252605,0.015035281495141415,15.420236421742192,1.1966548589874425e-53,2.619644760658639e-53
ZNF568,215.68645,0.7772798591495601,0.022279295596923657,34.88799077008914,1.1308062059267426e-266,1.230469457320286e-265
ZNF569,286.01108,0.637487639070272,0.021113855622697714,30.19285773579711,2.939380226308499e-200,1.9646369674134844e-199
ZNF570,120.41992,0.6260625830781321,0.01933620420464841,32.37773952178407,5.648268206656364e-230,4.728334392241649e-229
ZNF571,193.7201,0.18864327305601503,0.01668654526282824,11.305112597287945,1.2379526522477869e-29,2.1639459128627713e-29
ZNF572,138.31963,0.17472976554016018,0.021027902172028667,8.309424502297041,9.61673171853522e-17,1.444176743067482e-16
ZNF573,55.0313,0.32096394332637723,0.023921271424768263,13.417511871632742,4.774765188388014e-41,9.357859498497457e-41
ZNF574,1338.7141,-0.2732306958887388,0.011448295584609183,-23.866495573023432,6.827109178340626e-126,2.6510226160945414e-125
ZNF575,108.196434,0.003296711592951016,0.016339204703508112,0.20176695578354525,0.8400989156899002,0.8485599238207322
ZNF576,561.8326,-0.1131870967441036,0.010680094872117386,-10.597948623059716,3.045879444635468e-26,5.1406001503219343e-26
ZNF577,376.90778,0.19257765337267563,0.023510250116112217,8.19122095348092,2.5858936400026764e-16,3.862241113404335e-16
ZNF578,161.77777,0.5845209771166076,0.03581478164600267,16.320662873058353,7.036735062050313e-60,1.6246415188056513e-59
ZNF579,677.76984,-0.38073072276110526,0.020030502552593806,-19.00754720264387,1.4769891355300296e-80,4.0411264359972954e-80
ZNF57,250.03735,-0.38332250411853064,0.014727962056129626,-26.026853047125808,2.4602133910275245e-149,1.1319205520436016e-148
ZNF580,1017.5792,-0.15388625869967698,0.017393225597296398,-8.847482477522572,8.95156852091565e-19,1.3795986640221173e-18
ZNF581,1069.1687,-0.4978502787254646,0.01586127401665118,-31.387786265013833,2.970095519292278e-216,2.257117382503602e-215
ZNF582,96.736565,0.6792256801105924,0.026100665802270783,26.023308572132255,2.698319397903037e-149,1.2411903439201971e-148
ZNF583,147.06609,0.7331006239146031,0.01986951782940337,36.895743027530536,5.407625859426889e-298,7.354298922650103e-297
ZNF584,437.2998,0.08115947615328133,0.010907880470969042,7.440444215471976,1.0034728617591221e-13,1.4404360144224753e-13
ZNF585A,296.80685,0.37725453137038645,0.014831886801364106,25.435370187405283,1.0248877224765933e-142,4.464203924240685e-142
ZNF585B,159.72179,0.519633422160487,0.019059799425254036,27.263320592554518,1.1553124552221515e-163,5.896466852812179e-163
ZNF586,372.1605,-0.20784705318960772,0.01631324321504369,-12.741001311004549,3.4987528473888465e-37,6.621837800501025e-37
ZNF587,1614.6791,-0.22233187556677966,0.01928934747381091,-11.526148091252907,9.740504381915634e-31,1.7274122710054043e-30
ZNF589,811.768,-0.06306925994359618,0.01892471618441351,-3.3326396723212333,0.0008602627793870869,0.0010197432271057758
ZNF592,2807.1597,0.18611121156667645,0.010261133031785783,18.137491346244328,1.612242529537421e-73,4.168081988425696e-73
ZNF593,1180.2316,-0.8819908714793712,0.01859302773852306,-47.43664581599943,0.0,0.0
ZNF594,323.89737,0.4454879819301502,0.019834545023025067,22.46020674600816,1.017137890666928e-111,3.54466112908045e-111
ZNF595,398.0467,0.24365694238617377,0.020731893855084525,11.75275853182205,6.835051272205998e-32,1.2259255470957793e-31
ZNF596,155.61469,0.5064056543171591,0.019734455505613258,25.66098943916225,3.18793318890023e-145,1.4180277866030104e-144
ZNF597,107.02877,0.25202704655448743,0.018520408136087012,13.608071955142973,3.585791080002997e-42,7.091123904592619e-42
ZNF598,2252.69,-0.49675621605050585,0.013339335060017823,-37.23995340213324,1.5408360288781613e-303,2.1906341279281067e-302
ZNF599,221.66806,0.35339687019105864,0.015229921911517367,23.204115703561705,4.137797141337959e-119,1.5261125362409331e-118
ZNF600,430.77914,-0.5865793250394296,0.02005184238924478,-29.253138622017776,4.09593272480942e-188,2.492202460980125e-187
ZNF605,867.06714,0.19476703566746537,0.0142429258598609,13.674650671064262,1.4389666243040082e-42,2.8561881158433563e-42
ZNF606,586.3478,0.313982974332405,0.01962577500004207,15.998500662100321,1.3088942339740338e-57,2.9648172796481256e-57
ZNF607,425.42294,0.13723924456033237,0.01905490951874986,7.2023036596049,5.920365917820442e-13,8.395982844866704e-13
ZNF608,890.1904,0.7521130750562031,0.025524847631441222,29.465918305022853,7.872753617900947e-191,4.877705140196147e-190
ZNF609,2846.4756,0.15263035657058094,0.014010726117234678,10.893822011325268,1.2335244813206328e-27,2.1121383444244544e-27
ZNF610,196.41917,0.47668827664308294,0.029545928358134545,16.133806014318104,1.4763509294459351e-58,3.3722684362829346e-58
ZNF611,415.20352,0.37353612815614673,0.019654458298457727,19.00516017709111,1.5457345043174028e-80,4.227513268860559e-80
ZNF613,315.0883,0.11680485931744812,0.020867834033476095,5.597363824634135,2.1763567531116525e-08,2.854557862169832e-08
ZNF614,601.64185,0.44402104891609767,0.019826728469593328,22.39507388206064,4.3958540716459874e-111,1.524795108122944e-110
ZNF615,530.0338,0.46226571255705085,0.021834653698435427,21.171195061828474,1.7603671687279424e-99,5.546164529268366e-99
ZNF616,374.62814,0.213234665736987,0.01310788946157006,16.267658219284815,1.6743992933164505e-59,3.8540525961141455e-59
ZNF618,1452.8545,0.1968244895269148,0.020296457120331256,9.697480124733339,3.0903658350054657e-22,4.968235578478968e-22
ZNF619,141.63013,0.35148641947246045,0.018123919394195293,19.39351041171779,8.755250307217315e-84,2.4552085537828835e-83
ZNF620,124.85727,0.17538242452712885,0.01816266337180974,9.656206302834407,4.626813579972672e-22,7.421200478583757e-22
ZNF621,1273.2643,0.34839080417988394,0.013983215418170776,24.914927916161567,5.126782180227725e-137,2.152085740355799e-136
ZNF622,1620.0099,-0.2148880010916638,0.011475424330615292,-18.725930728187887,3.0430616759512117e-78,8.176546477588851e-78
ZNF623,970.7748,0.0950181039451391,0.015452207200699722,6.149160615762155,7.789406895654392e-10,1.0502982647104295e-09
ZNF624,205.4589,0.4538865124267266,0.014494510825284784,31.314372585444517,2.974107647424326e-215,2.2442497254971034e-214
ZNF625,63.550503,0.49001614093133455,0.026204369212429555,18.69978769414165,4.970220718659285e-78,1.3335361572375378e-77
ZNF626,494.40497,0.5652377396285414,0.031908692810262825,17.71422423944435,3.2568654043339026e-70,8.196109118273661e-70
ZNF627,836.2602,0.38372090847393475,0.014193472637534644,27.035026471195266,5.729244240988928e-161,2.866593352231349e-160
ZNF628,454.99567,-0.35203709908856357,0.015006567148402719,-23.458869414117405,1.0732272255495237e-121,4.029847488927103e-121
ZNF629,2050.944,0.07603072916151453,0.012801113511682227,5.939384030313401,2.860949729924916e-09,3.814662096505427e-09
ZNF630,136.12575,0.1950633431847861,0.018789597112999375,10.381454270237317,3.011523139531315e-25,5.027189209389804e-25
ZNF638,4548.5454,0.1278024230584827,0.011140888322379462,11.47147510685995,1.8350422129884788e-30,3.24189729384176e-30
ZNF639,1415.4847,0.06760421265047407,0.012985177000298047,5.206260388204363,1.9268421895435933e-07,2.488018020988014e-07
ZNF641,326.2735,0.4800601154016518,0.01780014712825345,26.96944648506146,3.374431613669057e-160,1.6784767462176482e-159
ZNF642,208.33916,0.08952472198241665,0.014617951707027114,6.124300023469122,9.108312822556084e-10,1.2260240711035987e-09
ZNF643,93.79223,0.10764416516862074,0.019176909583327923,5.613217536479638,1.985986707770228e-08,2.6060395348690993e-08
ZNF644,1855.1926,0.2933725160897733,0.01201771314352921,24.411675714504483,1.2855255667967963e-131,5.216666337336252e-131
ZNF645,0.21266457,-0.3255104601314238,0.12888795138304707,-2.5255305607583654,0.011552373324236252,0.013166588395461337
ZNF646,1266.8157,-0.021087572322184896,0.011186844234980692,-1.8850331585242894,0.05942536121262703,0.06567726664827499
ZNF648,12.953769,0.1774291792398454,0.0577189658957824,3.0740186780236547,0.002111962095311946,0.0024711170286468914
ZNF649,534.05927,0.5698318894225433,0.02150570322995882,26.496780101974576,1.0556878641364629e-154,5.0452462971723587e-154
ZNF652,2619.2158,0.12464926463574232,0.016206485634416894,7.691319848581545,1.4562487381419865e-14,2.1176977185594787e-14
ZNF653,320.83694,-0.07857376465047865,0.013470754203865861,-5.832915029206709,5.446730921170357e-09,7.227870865865421e-09
ZNF654,696.1872,0.2463378642008763,0.013545395631351398,18.186095918137436,6.6512496859811226e-74,1.7261031530514936e-73
ZNF655,2488.684,0.11759869932444979,0.01597670375015755,7.360635908598488,1.830361720487302e-13,2.6154080760388113e-13
ZNF658,115.11667,0.2248415378545815,0.016962147651712976,13.255487599288475,4.1938221387337805e-40,8.159597182958814e-40
ZNF660,40.2047,0.7652637333650514,0.03320237589452232,23.048463031565873,1.5240446291649797e-117,5.544679164612191e-117
ZNF662,290.37903,0.46890795209436203,0.029997087478351597,15.631782666659394,4.422550224893478e-55,9.794267380464084e-55
ZNF664,7444.9414,0.20353059061623632,0.013365966034814427,15.227525648808228,2.322148925585685e-52,5.017685202292397e-52
ZNF665,61.929867,0.6152436219694618,0.025970064952545346,23.690492229945743,4.518596474992688e-124,1.7305136500070755e-123
ZNF667,208.95885,0.7160850468618783,0.035873295960984194,19.961506956057026,1.1906709703687814e-88,3.4614979702610336e-88
ZNF668,713.12103,-0.3255423733814017,0.012803177127137797,-25.426686684774314,1.2785848432345263e-142,5.5644952593868576e-142
ZNF669,214.48367,0.10873493699488675,0.014452249736344088,7.523737755613463,5.3232064192073234e-14,7.680734194800985e-14
ZNF670,167.20547,0.13173662888624268,0.015483948728587271,8.507947888191058,1.7703872582955487e-17,2.683391467513332e-17
ZNF671,325.34015,0.6081504134408123,0.025787216093357847,23.583407035451838,5.7047435775372824e-123,2.164421813177069e-122
ZNF672,2110.795,-0.24366098508382358,0.01099503277281658,-22.161005803114612,8.1705358276446485e-109,2.780276431807077e-108
ZNF673,502.4535,0.2587388658821441,0.011782321216096188,21.95992293340917,6.961701046666873e-107,2.3372900990945063e-106
ZNF674,149.87141,0.16697573708454996,0.013085434617994085,12.76042729638783,2.7270107734252244e-37,5.167462056605002e-37
ZNF675,342.0697,0.13523462717928594,0.02083743494220903,6.489984374485076,8.58452771015018e-11,1.1745456965789483e-10
ZNF676,51.831482,0.5445771183502867,0.057753184381152296,9.429386867332791,4.1249307802227934e-21,6.537401973731578e-21
ZNF677,92.11401,0.8369661927677049,0.031096417033721496,26.91519707431516,1.458276000747386e-159,7.213080927895051e-159
ZNF678,117.01558,0.40998535389940693,0.02223752500218176,18.436644989007664,6.675710255138642e-76,1.763014464708362e-75
ZNF679,1.7645638,0.8141722576620662,0.16669989323755488,4.884059862604914,1.0392350095765372e-06,1.3232713465487972e-06
ZNF680,698.0494,0.4911935421752179,0.02019644983155708,24.320786389285352,1.181672159454146e-130,4.763893761252863e-130
ZNF681,272.93332,0.16133792635026928,0.0273540242508679,5.898142257629616,3.6761697301738605e-09,4.89202820685075e-09
ZNF682,215.01067,0.15189037208880013,0.029147441104120413,5.211104863244006,1.8771930335568647e-07,2.4243702721507364e-07
ZNF683,98.254654,-0.7835139918737253,0.03973189497612886,-19.720025746178596,1.4515458752111822e-86,4.1528980429208066e-86
ZNF684,147.65569,0.3161400535517564,0.017509072848724196,18.055784922660372,7.104479619761222e-73,1.8246511994287716e-72
ZNF687,2372.072,-0.0418604924964118,0.012070900204117116,-3.467884895787152,0.0005245719264200707,0.0006259016497676973
ZNF688,585.5727,-0.25869938502709394,0.01563707456742538,-16.54397591516304,1.76948214234474e-61,4.140315703481963e-61
ZNF689,408.89594,0.3086404740327656,0.01943530432673834,15.880403457750337,8.661945479482956e-57,1.9453783565007555e-56
ZNF691,515.3512,-0.022301763801936107,0.011915394313375245,-1.8716765232772845,0.061251369406656965,0.0676366344714503
ZNF692,1236.2163,-0.613806621922291,0.018235885270590464,-33.65927196921964,2.2815332305230856e-248,2.1910252377462026e-247
ZNF695,91.24584,-0.827633556285673,0.03778389792686997,-21.904398479149563,2.358748630372328e-106,7.89052963617322e-106
ZNF696,554.2348,-0.044279802653790015,0.013547913972973188,-3.268385283677181,0.0010816301467646452,0.001278130370769134
ZNF697,646.51654,0.34797077757788925,0.02456939035664997,14.16277622385967,1.5571866163652006e-45,3.1826887182591226e-45
ZNF699,58.009396,0.7290023745902582,0.0237507923567708,30.693812805888832,6.883524988089971e-207,4.847515919492346e-206
ZNF69,181.17596,-0.35032006375485886,0.02562488234993545,-13.671089645246365,1.5111522022052176e-42,2.9988836811283775e-42
ZNF700,660.724,-0.21996338737509538,0.014975103150411381,-14.688605825666903,7.62668442660596e-49,1.603052531914833e-48
ZNF701,252.15869,0.12459689512559033,0.01985397192523042,6.27566592693992,3.481409790730675e-10,4.717653216818811e-10
ZNF702P,280.1734,0.3548719636889579,0.031762703591762156,11.172599418803758,5.553156529939559e-29,9.639897151521102e-29
ZNF703,1283.9581,-0.607974988063007,0.03565891960134861,-17.049731031111037,3.511453977818965e-65,8.474358882695153e-65
ZNF704,561.3613,0.7583972709738541,0.02715962069694548,27.92370627838509,1.3755022946685362e-171,7.451796492058735e-171
ZNF705A,1.9207797,-0.45373181772826227,0.05693966403541597,-7.968642341234135,1.6042701435896787e-15,2.3688233139934923e-15
ZNF705D,1.1852376,-2.011960055016251,0.1370472105807067,-14.680780779784012,8.559909733113219e-49,1.797907791771918e-48
ZNF706,2997.3557,-0.326947647941932,0.012182717340610369,-26.83700514433437,1.1960989537608097e-158,5.87063129209651e-158
ZNF707,561.1534,-0.3243775361772494,0.013102557628031102,-24.756810493493937,2.6185944055315082e-135,1.0871118169293632e-134
ZNF708,386.29703,0.37700878918514874,0.01971350087787649,19.124395586592513,1.5819644627141805e-81,4.364712629949587e-81
ZNF709,224.91753,0.4208401447872391,0.019917434001596533,21.12923505876839,4.284314776306704e-99,1.3458473157048015e-98
ZNF70,356.2739,0.10595334475725499,0.018773718465811468,5.643705851358376,1.664283222909252e-08,2.186432350468443e-08
ZNF710,773.88995,-0.09655061596313465,0.018556144882938067,-5.203161355563172,1.9592661321703534e-07,2.529243496598581e-07
ZNF711,591.65796,0.9705490286693956,0.0332061534252702,29.22798724199107,8.553094325885269e-188,5.188690327196012e-187
ZNF713,136.32211,0.6637413592880934,0.021932490372829554,30.2629271918136,3.5268984857219686e-201,2.378407627387001e-200
ZNF714,445.95435,0.19753918140372162,0.025275035429129265,7.815584747946955,5.470845379744202e-15,8.008408188539848e-15
ZNF716,9.618622,-0.6724275813032273,0.13091332951363674,-5.136433270786098,2.8000170743163726e-07,3.604296131512837e-07
ZNF717,99.41341,0.23760774923632177,0.023901058202296016,9.941306666225195,2.751933626599482e-23,4.477114967551451e-23
ZNF718,170.35373,0.297805769185867,0.020006994786945648,14.885082560234489,4.119776177287227e-50,8.75151535824193e-50
ZNF71,420.1682,0.10038439324970755,0.016440322066778378,6.105987026407368,1.0216730708333144e-09,1.373950858649544e-09
ZNF720,616.1167,0.19514400460553052,0.011889545742701324,16.41307488348108,1.5419442595937113e-60,3.5799342206714985e-60
ZNF721,977.41644,0.1903884436775489,0.013621063340379578,13.977502263949047,2.1386276466097262e-44,4.3293547039203953e-44
ZNF727,24.957499,1.1530510960047438,0.045676043781884265,25.244110490630085,1.3144370269816898e-140,5.644510321096862e-140
ZNF732,16.485088,0.10350595408113927,0.0340964873114339,3.035677931739017,0.002399955707329105,0.0028035746066968816
ZNF735,0.439826,-1.2155658471590454,0.22666223974738847,-5.3628952423384435,8.18985079187041e-08,1.0640534286642607e-07
ZNF737,701.2251,0.22569463670595727,0.029528299663378964,7.643333320200081,2.1166908872208867e-14,3.0704460116088376e-14
ZNF738,471.06934,0.11252781308270109,0.022235857826030457,5.060646365123371,4.1783756154087615e-07,5.358923343461445e-07
ZNF740,1651.0896,0.1358709762926975,0.010344087658665601,13.13513388286822,2.0712478278483614e-39,4.001569038447978e-39
ZNF746,1152.7649,-0.018021544860689947,0.010259035714149349,-1.7566509526655103,0.07897732241198616,0.08665585055163709
ZNF747,579.3099,0.15506681550613421,0.010886482589369651,14.243977724958903,4.886462157287215e-46,1.0022514916402419e-45
ZNF749,169.07097,-0.13111637036063983,0.017971227014997534,-7.29590529635062,2.966575244181692e-13,4.2220556026770407e-13
ZNF74,787.8088,-0.11795695808856733,0.015147386926326355,-7.787280978711689,6.846658164157314e-15,1.0004386245896701e-14
ZNF750,811.1151,-1.7497847576490806,0.05496433268185467,-31.834913156814068,2.1291089538778503e-222,1.6899231653800842e-221
ZNF75A,644.93506,0.043384421575430474,0.015718870282475175,2.760021604338791,0.005779753920252463,0.0066536618638631554
ZNF75D,761.9926,0.1903033472012596,0.014410594142069001,13.205794662255112,8.123784410020063e-40,1.5756132876402635e-39
ZNF761,1035.9924,-0.049039611862150806,0.024952546076124384,-1.9653149507285717,0.049377796238804963,0.05477185102025881
ZNF763,140.88875,0.2669375895500372,0.020536396091908944,12.998268457395351,1.2514476117299574e-38,2.401340426692762e-38
ZNF764,440.13266,-0.0918206554395164,0.010134401882673375,-9.060293493639788,1.30100018858098e-19,2.0268643127731998e-19
ZNF765,461.2007,-0.03711540530617219,0.014751534478701325,-2.5160369153297535,0.011868275115886577,0.013515282083249515
ZNF766,880.8756,-0.015363775783442762,0.011112334642301847,-1.3825875729980948,0.16679136162230201,0.17954345324741958
ZNF767,521.4603,-0.03977373363223831,0.017726809563130132,-2.2437051343386356,0.02485137955136542,0.027926766919812804
ZNF768,2715.0476,-0.17436143998663958,0.01217435112879556,-14.322031469441413,1.5939481656382818e-46,3.2812124068988653e-46
ZNF76,1527.4185,-0.05638994839790542,0.011704799439199689,-4.817677457082602,1.4523890131871747e-06,1.8424317975872447e-06
ZNF770,2275.844,0.27989437224650954,0.015469474182974053,18.093334584996153,3.5965208304697274e-73,9.260347487989526e-73
ZNF771,220.65257,-0.05105699735491287,0.020410110481273513,-2.5015541881440666,0.012364951831898568,0.01406593587448304
ZNF772,425.41373,0.5656013825567342,0.02335593463295803,24.216602394433945,1.4874056783143256e-129,5.948161894480722e-129
ZNF773,257.64932,0.2797313507472682,0.017819126707816827,15.6983759829575,1.5516359231671534e-55,3.4479104736695125e-55
ZNF774,64.31926,0.028351190031731248,0.02221113978192153,1.2764401246444514,0.20179997989367437,0.21591579728060314
ZNF775,309.7057,0.06521786779070951,0.021813792136167888,2.9897537935449763,0.002792023946692746,0.003252435517006215
ZNF776,818.3457,0.2998689524194029,0.014994986099758778,19.997948009049967,5.7385404307099354e-89,1.673556003850789e-88
ZNF777,1165.1107,-0.07568146828662473,0.01088589872204476,-6.952248061371734,3.5951050800400204e-12,5.037006697717623e-12
ZNF778,174.38785,0.4384103836752178,0.015388413349245827,28.48964176652455,1.5741923733533626e-178,8.9173574093214e-178
ZNF77,189.97435,-0.06554270765329497,0.01322862436416796,-4.954612501571126,7.247457466067768e-07,9.2531660950504e-07
ZNF780A,610.86163,0.17003347935591806,0.012156512240370345,13.9870281865268,1.870668535010334e-44,3.7895463387338697e-44
ZNF780B,663.7588,0.18543744614360888,0.016651261166633482,11.136540607218176,8.329219142200346e-29,1.4426967204020492e-28
ZNF781,67.09847,1.0477712791384668,0.030170094863684545,34.72880293789394,2.896200297688701e-264,3.1000915804755135e-263
ZNF782,139.29228,0.17453579876709227,0.016464821891508243,10.600527592534078,2.9630389026334476e-26,5.0016175291198373e-26
ZNF784,403.44592,-0.3209994678725272,0.014038295224339374,-22.865986413790715,1.0133614615281409e-115,3.633502288702258e-115
ZNF785,508.534,0.11778342521698815,0.014544817403788643,8.097965202801916,5.588604822835213e-16,8.30559935674882e-16
ZNF786,427.64304,-0.08591423681834132,0.011473968125796177,-7.487752787563173,7.006283327685698e-14,1.0084193868388344e-13
ZNF787,1600.374,-0.545556029659166,0.0148890379526276,-36.64145604269125,6.2598223211654894e-294,8.243449070931966e-293
ZNF788,207.55179,0.5501992837635649,0.024594233509302278,22.371068549685152,7.531115280204722e-111,2.6049265373715246e-110
ZNF789,243.6816,-0.38663772359754456,0.017869294023277593,-21.636989300970008,8.059699387084546e-104,2.6363659997052424e-103
ZNF790,216.82486,0.3354095967812769,0.01667799713958693,20.11090384379237,5.923460126253042e-90,1.738442045702547e-89
ZNF791,488.01053,0.45956498736711937,0.016427363370308607,27.975578125808873,3.221197883303139e-172,1.750677194505302e-171
ZNF792,281.7091,-0.005118188810669307,0.017883804291561726,-0.2861912782776463,0.7747316234325254,0.7857699955892385
ZNF793,266.7078,0.3713118652502472,0.027354376950468325,13.574129870426095,5.701677633531033e-42,1.125792405596531e-41
ZNF799,305.48212,-0.08112166848344261,0.017207913618178732,-4.714207095841317,2.426537751704478e-06,3.063302665526847e-06
ZNF79,238.58209,0.07240029125045307,0.010434277577842165,6.938697069378294,3.957326742187982e-12,5.540311865232095e-12
ZNF7,1021.6159,-0.08712011170753468,0.011088149786322391,-7.85704679197248,3.932959603071771e-15,5.769228659048792e-15
ZNF800,903.99316,0.12768222044180466,0.014191624620870447,8.997012241574724,2.3194370116058647e-19,3.6033130957103245e-19
ZNF804A,71.54034,1.2385576655577624,0.04358456339575958,28.417347084822786,1.2345766976074214e-177,6.939466313249446e-177
ZNF804B,8.731785,2.9526388724936976,0.10341880870693092,28.550308298956626,2.7843028057054233e-179,1.5851683674876038e-178
ZNF805,684.7225,0.03786453319226174,0.011634325581623884,3.2545533410262983,0.0011357083017303107,0.0013410988524405426
ZNF808,450.7117,-0.07731564371475008,0.018036034331839517,-4.286731899720473,1.8132090568901047e-05,2.2473592590542825e-05
ZNF80,11.92657,-0.2157093204388024,0.03919761701755514,-5.503123323598837,3.7312122486541974e-08,4.8725946228576524e-08
ZNF813,189.44165,0.272732964149182,0.026348532641161923,10.35097353858393,4.142517994863772e-25,6.908947641306753e-25
ZNF814,727.29004,-0.2680099338136708,0.018993204116251414,-14.110833126062692,3.257071917595541e-45,6.636381822490755e-45
ZNF815,82.34433,0.013840152796576964,0.016956799416739127,0.8162007732965499,0.41438531462953865,0.4319970618333134
ZNF816A,367.73303,-0.1683055583092034,0.018852152972019753,-8.92765715189143,4.351257469213705e-19,6.7371853993248015e-19
ZNF81,270.9301,0.24258441390709973,0.019625806778848384,12.360481107382748,4.275899222405741e-35,7.932661952702614e-35
ZNF821,449.22678,0.3105532466334529,0.017983281852817813,17.268997348489652,8.052935969889329e-67,1.970312743792535e-66
ZNF823,304.21964,-0.1606251149124502,0.01619153031870935,-9.920317088672437,3.396753393035734e-23,5.521317551202756e-23
ZNF826,124.73335,0.6015734175516629,0.03845586061260213,15.643218171914349,3.695694008786334e-55,8.188119961353898e-55
ZNF827,525.6692,0.6410934630629043,0.025152746636691554,25.48801020910017,2.677284793489042e-143,1.1714343673037481e-142
ZNF828,1312.6489,0.1691477894288954,0.015115904877603604,11.190053840541978,4.5615656758665725e-29,7.923968907420439e-29
ZNF829,36.38633,0.6115164279886584,0.028132632965764365,21.736907054979007,9.188588205675316e-105,3.0289907266733124e-104
ZNF830,751.8051,0.09171763601313151,0.00917860702298843,9.99254416094061,1.6430945667398534e-23,2.681289057731378e-23
ZNF831,88.68744,-0.12076893095459992,0.03666640116070832,-3.293721967020199,0.0009887024312372223,0.0011695423158188721
ZNF833,50.208164,0.2987798209056821,0.021629807413544335,13.813337085867424,2.1178860253660313e-43,4.243066482033756e-43
ZNF835,44.4908,1.1727240454453116,0.03582295571609213,32.73666346070124,4.7007009464401845e-235,4.0950607859895467e-234
ZNF836,258.07736,0.1775757273555095,0.015558634319389251,11.413323541785008,3.5875453204530605e-30,6.318238337292722e-30
ZNF837,135.36238,-0.3495103074640665,0.020328445377535462,-17.193164601278514,2.9876993217705227e-66,7.268081072042785e-66
ZNF839,672.1355,0.033321611395725405,0.012358767837750874,2.6961920341234826,0.007013721939609642,0.008051444317367505
ZNF83,1771.1719,0.014623163645112148,0.022173736734527202,0.6594812511840688,0.5095867817582127,0.5266333649652514
ZNF841,519.89374,-0.06395954223217316,0.016994281081017904,-3.763592112385032,0.00016748999301382158,0.00020281501027588137
ZNF843,25.849747,1.144960736650641,0.025551282667324347,44.81030371578359,0.0,0.0
ZNF844,368.41986,0.7435938663291034,0.02416883027169613,30.76664687409049,7.323901599258955e-208,5.189951711079466e-207
ZNF845,404.105,0.08016732158446968,0.01513619336403955,5.296399144512158,1.181085228614117e-07,1.5304044150556777e-07
ZNF846,179.00354,0.1284146901632669,0.016703566800040703,7.687860425292758,1.4961589646345333e-14,2.1749589690106722e-14
ZNF84,1508.0057,0.364068532311443,0.01543154979549702,23.59248015501848,4.6038758390497064e-123,1.7490260908231568e-122
ZNF853,749.77997,1.135120667803599,0.028945276480468348,39.216093464146184,0.0,0.0
ZNF85,240.67487,0.2369815085070525,0.02340363515895031,10.12584185736732,4.243114570422508e-24,6.987427771514343e-24
ZNF860,115.3625,0.07331604484073159,0.030284665188889098,2.420896661179861,0.015482277817275531,0.017552271638373567
ZNF862,1177.7236,0.33139574844990377,0.01889698940089836,17.536960063815734,7.482445871513575e-69,1.865023451250549e-68
ZNF876P,42.1308,0.33737044869438576,0.02788177563134994,12.100034558597137,1.0556672472904073e-33,1.929120320221291e-33
ZNF878,15.473347,-0.31921205298932204,0.031191397672937687,-10.233977211809176,1.396630691713647e-24,2.314530260691749e-24
ZNF879,147.03894,0.4581879402250733,0.021081393344354653,21.73423420078496,9.739412222445763e-105,3.210048461013005e-104
ZNF880,293.5821,0.5842383864754692,0.0261429584904323,22.34782978710258,1.2675668411086048e-110,4.3747064448432086e-110
ZNF883,158.70915,0.7823275720681778,0.036211516562510614,21.604385740588203,1.6334660253711877e-103,5.32773707313874e-103
ZNF8,240.4172,0.012647874625595981,0.016531409885826506,0.7650814245698341,0.44422306022595803,0.4616844802256511
ZNF90,1116.1887,-1.2665909182782797,0.032921026832762344,-38.473615197743285,0.0,0.0
ZNF91,924.72174,0.2544858974897604,0.02097441468965197,12.133158481667413,7.047769460128162e-34,1.2906857824840266e-33
ZNF92,644.14044,0.16975250636468836,0.020870372193959565,8.133659753984608,4.1652056106843554e-16,6.202415230245962e-16
ZNF93,204.18912,0.14352506346214158,0.026314969722526182,5.454122310438421,4.92153194549062e-08,6.416333816485882e-08
ZNF98,30.603247,0.3313065361438051,0.05221626006422794,6.344892103269858,2.2258138761220684e-10,3.0258643632458063e-10
ZNF99,3.7833598,0.214794149192771,0.07280480517632897,2.9502743489602397,0.0031749186799421205,0.0036904464404762566
ZNFX1,4136.998,0.17191317830336522,0.013967995519769875,12.307648442472976,8.238883770045399e-35,1.5240362954238984e-34
ZNHIT1,3855.3286,-0.46238627750256356,0.016668772017260077,-27.739672545990473,2.3215008761298622e-169,1.238235167333714e-168
ZNHIT2,555.67834,-0.7461058264406951,0.0353590827716081,-21.100825246513118,7.816009879937934e-99,2.452244492921196e-98
ZNHIT3,1287.6825,-0.12918764080230496,0.009310833582258178,-13.874981188416085,8.981665522470085e-44,1.80725171350038e-43
ZNHIT6,925.4337,0.18092337007311693,0.011685845058334038,15.482266722686619,4.5707975871521084e-54,1.0039580114017669e-53
ZNRD1,967.8502,-0.5433075302355604,0.01314740924206004,-41.32430353635442,0.0,0.0
ZNRF1,1464.3175,-0.35226875984767214,0.015477528535609452,-22.760013592428567,1.1421054823833831e-114,4.0586708877366545e-114
ZNRF2,1283.1924,-0.09534900532984461,0.01682322661855421,-5.667700227296759,1.4472688403342165e-08,1.9031744167655546e-08
ZNRF3,1294.6407,0.2002816165687881,0.02084778205263901,9.60685487132841,7.479883741102159e-22,1.195595140811014e-21
ZNRF4,0.36599627,-0.01868310664779612,0.13747336297025742,-0.13590346699991793,0.8918975946382101,0.896698426135275
ZP1,12.756845,-0.1416886498423572,0.0562850868099973,-2.517339101219803,0.011824496330682282,0.01346693448178343
ZP2,2.4751816,-0.689400023808999,0.09854839366066569,-6.995548057158887,2.6422399251493827e-12,3.7111667910394125e-12
ZP3,478.21536,-0.8485360909426262,0.02222107529181928,-38.18609494811513,0.0,0.0
ZP4,1.5114678,-1.533288730315082,0.15882900034442274,-9.653707616305118,4.740993213734647e-22,7.603740415820362e-22
ZPBP2,2.6971045,-2.813010743391478,0.08922650755773517,-31.526626115801772,3.7503371559792266e-218,2.8790767028122576e-217
ZPBP,0.44670933,-0.019238643777942686,0.0800179473378736,-0.24042910894362282,0.8099976142311953,0.8196193552749953
ZPLD1,25.326954,0.18847606352727134,0.060045226138843125,3.138901718705437,0.0016958231433699521,0.00199015813787577
ZRANB1,2040.502,0.38054014634235733,0.01078649133711147,35.279326191371396,1.2187511750464298e-272,1.3885033672507144e-271
ZRANB2,2812.0378,0.10383068866295671,0.011304323275478576,9.185042406579704,4.1136519772733674e-20,6.445270171256617e-20
ZRANB3,162.47784,0.13461599865502127,0.017429223451711693,7.723579827178179,1.1310725882917725e-14,1.6472928553567636e-14
ZRSR2,564.01447,-0.12241268181730126,0.014172611620242768,-8.637270610199957,5.7571901655279926e-18,8.788380788781915e-18
ZSCAN10,8.444967,-1.0402808859241546,0.07836921575126199,-13.274101009584273,3.2717393659702774e-40,6.369832815510077e-40
ZSCAN12P1,92.8645,0.3525196945403942,0.02707456300308447,13.020328139746278,9.376709111729668e-39,1.8023075982411663e-38
ZSCAN12,364.22794,0.4766078542794056,0.01774315475572396,26.861505794264204,6.189883471545698e-159,3.0424876290970272e-158
ZSCAN16,255.72055,-0.3145553084714234,0.01679140843127212,-18.73311043316648,2.6591606434187343e-78,7.150687034653547e-78
ZSCAN18,2546.5037,0.6511966326654798,0.027074695306365422,24.051854519388794,7.983000228968824e-128,3.146677670117643e-127
ZSCAN1,32.747387,0.4450775828540789,0.05344778539545672,8.32733441733794,8.268293202144772e-17,1.242227003929344e-16
ZSCAN20,131.51828,0.29074343007663506,0.015284753576131314,19.02179375208641,1.125657211504314e-80,3.084837147532148e-80
ZSCAN21,510.93073,0.13508086635712838,0.012133334890569215,11.133037007172833,8.663262025957807e-29,1.5004283418670778e-28
ZSCAN22,261.5563,-0.04576475316894252,0.011273797635817581,-4.059391045262775,4.920085860109706e-05,6.03458208482279e-05
ZSCAN23,61.427032,1.1867292836901744,0.03659643450229628,32.42745638555887,1.126214487981054e-230,9.502113866890294e-230
ZSCAN29,981.44696,0.08969260832487057,0.01126470671640772,7.96226751240917,1.6891478884954616e-15,2.4934282092429743e-15
ZSCAN2,520.8026,0.14381693877839694,0.015248970387393392,9.431255692993743,4.052085414455243e-21,6.4229528926264635e-21
ZSCAN4,11.064239,-0.7167902485882602,0.05788797898952305,-12.382367826625794,3.255929490361492e-35,6.04702321604357e-35
ZSCAN5A,173.5273,-0.16547998996778554,0.013844284251496983,-11.952946570704237,6.266338725781195e-33,1.1349202928403108e-32
ZSCAN5B,5.646572,-0.37478115976602205,0.032558718403560304,-11.510930962351383,1.162169834135434e-30,2.0585188492398906e-30
ZSWIM1,708.666,-0.2961220319297771,0.010817987322831952,-27.37311692950457,5.732158710635517e-165,2.9604520342422244e-164
ZSWIM2,0.6860948,1.0718087321678338,0.1122253252555078,9.550506801629712,1.2906335824166741e-21,2.0571525173742322e-21
ZSWIM3,271.11752,-0.13216237456501181,0.013394791951915454,-9.866698567581155,5.804360563351528e-23,9.416014080420219e-23
ZSWIM4,1088.577,-0.07878586684164797,0.018196043461912153,-4.329835054887733,1.4922107000159369e-05,1.853790434563367e-05
ZSWIM5,483.42218,0.49926585900606113,0.028676044172086804,17.410555514907646,6.8614889991400095e-68,1.6963333883848386e-67
ZSWIM6,976.1774,0.3356026968621138,0.01570440324135076,21.369974503612408,2.5427168711268392e-101,8.130543863557612e-101
ZSWIM7,662.98065,0.12821085591604456,0.014760259822516006,8.686219447198727,3.74700747040545e-18,5.732721506724622e-18
ZUFSP,362.06345,-0.04499378921050049,0.011673241149956349,-3.8544384230997184,0.00011599557235872655,0.00014097145759618636
ZW10,885.3717,-0.04466784966939542,0.010535180397175003,-4.239875159743164,2.2364413023783243e-05,2.7641882269985614e-05
ZWILCH,888.92206,-0.41305451715677044,0.01761057124022436,-23.45491872593612,1.1776358344645895e-121,4.420259578514855e-121
ZWINT,1452.7256,-0.8387530742058682,0.023084591434029342,-36.33389296071533,4.720452325717486e-289,5.9915018017008916e-288
ZXDA,125.18749,0.41456736231015856,0.016344944686157874,25.363644250276682,6.354744825194705e-142,2.7544443239544174e-141
ZXDB,885.3461,0.25834324907244205,0.014032885217907043,18.409845520775455,1.0953455609820211e-75,2.887497122366045e-75
ZXDC,2474.606,0.002185699479163276,0.010166858723874945,0.21498277280381345,0.829780749852945,0.8386371269984169
ZYG11A,114.21498,-0.3403703826338297,0.05002534571029869,-6.803958629390498,1.017827791200777e-11,1.4152408141685987e-11
ZYG11B,2009.5349,0.6687036729032889,0.0122213503983533,54.716021643024796,0.0,0.0
ZYX,10635.733,0.16630836154380055,0.017093719873746846,9.72920831581094,2.263476743986501e-22,3.6451608156004727e-22
ZZEF1,2836.656,0.15542905090145878,0.013850882473562481,11.221599143457468,3.194411224372469e-29,5.557123653507569e-29
ZZZ3,1620.7734,0.2037900661354463,0.011139512945275043,18.29434259258941,9.180185439416891e-75,2.4007629461925304e-74
psiTPTE22,360.13806,0.6425923688078281,0.04395657979366197,14.618798182757667,2.1312932834069327e-48,4.4590483975831613e-48
tAKR,9.976772,-0.16711982712191256,0.15649972322084543,-1.0678602088393505,0.28558357395503575,0.30184798993617346
